1.900000000000000000e+02	5.667252267452899898e-04
1.910434782608695627e+02	1.333261426016751471e-03
1.920869565217391255e+02	-2.051273317423603240e-04
1.931304347826086882e+02	-9.570002588192629564e-04
1.941739130434782510e+02	-4.837359314998512685e-04
1.952173913043478137e+02	-1.994875645871309626e-04
1.962608695652173765e+02	1.537745602534013652e-03
1.973043478260869676e+02	1.327802952525883686e-04
1.983478260869565304e+02	-8.757862034230459117e-04
1.993913043478260931e+02	-1.535637546992816454e-04
2.004347826086956559e+02	1.120397710717313099e-03
2.014782608695652186e+02	1.531462009025219952e-03
2.025217391304347814e+02	-3.875359785244224557e-04
2.035652173913043441e+02	-3.222594971620227104e-05
2.046086956521739069e+02	2.185052815740774182e-04
2.056521739130434696e+02	-1.244792643805648757e-03
2.066956521739130324e+02	6.774279059777457094e-04
2.077391304347826235e+02	7.623475206730460441e-04
2.087826086956521863e+02	7.080445117187081101e-04
2.098260869565217490e+02	-7.470359802360215361e-04
2.108695652173913118e+02	6.461665355790293611e-04
2.119130434782608745e+02	-1.374992732492374709e-03
2.129565217391304373e+02	5.206397802687615355e-04
2.140000000000000000e+02	2.649135004072377579e-04
2.150000000000000000e+02	4.450664371487667134e-04
2.155263157894736707e+02	-1.460396382927120224e-03
2.160526315789473699e+02	-8.027102936526291782e-03
2.165789473684210407e+02	6.294054207876882689e-02
2.171052631578947398e+02	2.637321010117894479e-02
2.176315789473684106e+02	3.361010085105096967e-02
2.181578947368421098e+02	3.997732734421367840e-02
2.186842105263157805e+02	3.184966224643707294e-02
2.192105263157894797e+02	2.664135789983714322e-02
2.197368421052631504e+02	2.051759757056986072e-02
2.202631578947368496e+02	4.428739270034920752e-03
2.207894736842105203e+02	-3.655752124661995096e-03
2.213157894736842195e+02	-2.118324817111073670e-03
2.218421052631578902e+02	-1.287721282231362417e-02
2.223684210526315894e+02	-2.993034431104305698e-02
2.228947368421052602e+02	-1.554921708630704891e-02
2.234210526315789593e+02	-1.699059905815678700e-02
2.239473684210526301e+02	-1.600958765922428501e-02
2.244736842105263008e+02	-2.437832331085958842e-02
2.250000000000000000e+02	-5.867701940791289830e-03
2.270000000000000000e+02	-4.014667725559371847e-02
2.290026431718061701e+02	-7.826222600493440429e-02
2.310052863436123403e+02	-5.531593608599640749e-02
2.330079295154185104e+02	-7.994516069469190245e-02
2.350105726872246805e+02	-8.885964996166942353e-02
2.370132158590308222e+02	-1.024415090487698354e-01
2.390158590308369924e+02	-1.134247296596049975e-01
2.410185022026431625e+02	-1.315455527454990892e-01
2.430211453744493326e+02	-1.402341443553191402e-01
2.450237885462555028e+02	-1.505930909699411679e-01
2.470264317180616729e+02	-1.687732283641363851e-01
2.490290748898678430e+02	-1.819920760242333402e-01
2.510317180616740131e+02	-1.925282727537726557e-01
2.530343612334801833e+02	-2.057429020663263941e-01
2.550370044052863534e+02	-2.147637632223686199e-01
2.570396475770925235e+02	-2.219561953939713506e-01
2.590422907488986652e+02	-2.429655764978016774e-01
2.610449339207048638e+02	-2.603570926053727641e-01
2.630475770925110055e+02	-2.643599320788386775e-01
2.650502202643172041e+02	-2.694219537421930211e-01
2.670528634361233458e+02	-2.892392347739328740e-01
2.690555066079294875e+02	-3.035251183605892633e-01
2.710581497797356860e+02	-3.183537315908276932e-01
2.730607929515418277e+02	-3.203328358524862862e-01
2.750634361233480263e+02	-3.146312607376097192e-01
2.770660792951541680e+02	-3.563958056975798927e-01
2.790687224669603665e+02	-3.632507806299026254e-01
2.810713656387665083e+02	-3.775674578307376406e-01
2.830740088105727068e+02	-3.803397181704431529e-01
2.850766519823788485e+02	-3.793298451561916140e-01
2.870792951541850471e+02	-3.911098664729072416e-01
2.890819383259911888e+02	-3.957576372415888555e-01
2.910845814977973305e+02	-4.081986642357227635e-01
2.930872246696035290e+02	-4.147875894267915586e-01
2.950898678414097276e+02	-4.504177366129639148e-01
2.970925110132158693e+02	-4.537195155825921589e-01
2.990951541850220110e+02	-4.425993199163141267e-01
3.010977973568282096e+02	-4.656533734648587997e-01
3.031004405286343513e+02	-4.977869444762859641e-01
3.051030837004405498e+02	-4.967550336305969205e-01
3.071057268722466915e+02	-4.956853621417921518e-01
3.091083700440528901e+02	-5.015126339135843603e-01
3.111110132158590318e+02	-5.226472629429086414e-01
3.131136563876651735e+02	-5.291933257581258321e-01
3.151162995594713720e+02	-5.450243790902764562e-01
3.171189427312775706e+02	-5.598795495966484292e-01
3.191215859030837123e+02	-5.493458214474522538e-01
3.211242290748898540e+02	-5.283809446415210775e-01
3.231268722466960526e+02	-5.629050623453466518e-01
3.251295154185021943e+02	-5.466323426667181185e-01
3.271321585903083928e+02	-5.753317317712524082e-01
3.291348017621145345e+02	-5.651197387902124891e-01
3.311374449339207331e+02	-5.821776798390481122e-01
3.331400881057268748e+02	-5.949654970785445141e-01
3.351427312775330165e+02	-5.970013103969680213e-01
3.371453744493392151e+02	-6.123313941393508930e-01
3.391480176211454136e+02	-6.002036900362612837e-01
3.411506607929515553e+02	-6.073977412515849661e-01
3.431533039647576970e+02	-6.103832849190442555e-01
3.451559471365638956e+02	-6.139434721186314281e-01
3.471585903083700373e+02	-6.145924617293230252e-01
3.491612334801762358e+02	-6.238235921746435597e-01
3.511638766519823776e+02	-6.240086288001714943e-01
3.531665198237885761e+02	-6.102794618085038980e-01
3.551691629955947178e+02	-5.894826196120609429e-01
3.571718061674008595e+02	-6.087037015889885661e-01
3.591744493392070581e+02	-6.380078234377005719e-01
3.611770925110132566e+02	-6.211221377653666220e-01
3.631797356828193983e+02	-6.220582030609304036e-01
3.651823788546255400e+02	-6.263328444054352406e-01
3.671850220264317386e+02	-6.372200112510679748e-01
3.691876651982378803e+02	-6.272010501806157823e-01
3.711903083700440220e+02	-6.208720161847505192e-01
3.731929515418502206e+02	-6.149480877272412993e-01
3.751955947136564191e+02	-5.785361327632292383e-01
3.771982378854625608e+02	-5.872016559118995449e-01
3.792008810572687025e+02	-5.770676395231399969e-01
3.812035242290749011e+02	-5.933236323722471672e-01
3.832061674008810996e+02	-5.786151898177405162e-01
3.852088105726872413e+02	-5.637772472904158949e-01
3.872114537444933831e+02	-6.062508240145898508e-01
3.892140969162995816e+02	-6.170809463879869394e-01
3.912167400881057233e+02	-6.080057563949277100e-01
3.932193832599118650e+02	-6.133969813447188724e-01
3.952220264317180636e+02	-6.095468797418546192e-01
3.972246696035242621e+02	-6.191723145723522226e-01
3.992273127753304038e+02	-6.226493946849485095e-01
4.012299559471365455e+02	-6.088710978926947792e-01
4.032325991189427441e+02	-6.222207459712010280e-01
4.052352422907489427e+02	-6.195492024665234521e-01
4.072378854625550844e+02	-6.193459977119319948e-01
4.092405286343612261e+02	-6.430734978360425069e-01
4.112431718061674246e+02	-6.516484927956927020e-01
4.132458149779735663e+02	-5.945247163332305629e-01
4.152484581497797080e+02	-5.983830181840021911e-01
4.172511013215859066e+02	-6.018974672166959028e-01
4.192537444933921051e+02	-5.968581996804378509e-01
4.212563876651982469e+02	-5.880669795682329504e-01
4.232590308370043886e+02	-6.023561145079531221e-01
4.252616740088105871e+02	-6.069707975738742878e-01
4.272643171806167857e+02	-6.309598091471151360e-01
4.292669603524229274e+02	-6.266941466015338857e-01
4.312696035242290691e+02	-5.946949217696501089e-01
4.332722466960352676e+02	-5.953747507789378668e-01
4.352748898678414093e+02	-5.847042691364119360e-01
4.372775330396475510e+02	-5.841001512978130084e-01
4.392801762114537496e+02	-6.146681472722550499e-01
4.412828193832599482e+02	-5.922882377144091937e-01
4.432854625550660899e+02	-5.806113514370189188e-01
4.452881057268722316e+02	-5.641081958331997104e-01
4.472907488986784301e+02	-5.449235044744387135e-01
4.492933920704846287e+02	-5.664833782181848409e-01
4.512960352422907704e+02	-5.424890575302352413e-01
4.532986784140969121e+02	-5.646525101754635845e-01
4.553013215859031106e+02	-5.890492792592805227e-01
4.573039647577092524e+02	-5.539302666390237828e-01
4.593066079295153941e+02	-5.459709301732795783e-01
4.613092511013215926e+02	-5.485787967411341892e-01
4.633118942731277912e+02	-5.422141401667779359e-01
4.653145374449339329e+02	-5.701409321277856046e-01
4.673171806167400746e+02	-5.620663348289905992e-01
4.693198237885462731e+02	-5.568665839045452426e-01
4.713224669603524717e+02	-5.644977663502640519e-01
4.733251101321585566e+02	-5.595272502549624161e-01
4.753277533039647551e+02	-5.330268867276453104e-01
4.773303964757709537e+02	-5.367243728402442127e-01
4.793330396475770954e+02	-5.291262067292048510e-01
4.813356828193832371e+02	-5.536023297760481743e-01
4.833383259911894356e+02	-5.622538677110091587e-01
4.853409691629955773e+02	-5.397766326685078386e-01
4.873436123348017759e+02	-5.188163730925945405e-01
4.893462555066079176e+02	-5.212163731737111672e-01
4.913488986784141161e+02	-5.062124458247329040e-01
4.933515418502202579e+02	-5.245531758281588575e-01
4.953541850220264564e+02	-5.057905541904037516e-01
4.973568281938325981e+02	-5.115849885268725084e-01
4.993594713656387967e+02	-4.917995800080664504e-01
5.013621145374449384e+02	-5.281401553048132858e-01
5.033647577092511369e+02	-5.592315396052092158e-01
5.053674008810572786e+02	-5.763198316508220120e-01
5.073700440528634203e+02	-5.375630690825966562e-01
5.093726872246696189e+02	-5.019988108728139498e-01
5.113753303964757606e+02	-5.169285711859947785e-01
5.133779735682819592e+02	-4.988475893740072498e-01
5.153806167400880440e+02	-5.394435216527565524e-01
5.173832599118943563e+02	-5.362831660546143464e-01
5.193859030837004411e+02	-4.961365900730426715e-01
5.213885462555066397e+02	-4.874306227030595906e-01
5.233911894273128382e+02	-5.337276630511536002e-01
5.253938325991189231e+02	-5.012770716424295170e-01
5.273964757709251217e+02	-4.980526971403822500e-01
5.293991189427313202e+02	-5.003929298515028545e-01
5.314017621145374051e+02	-5.004001704925646887e-01
5.334044052863436036e+02	-4.914447712478556274e-01
5.354070484581498022e+02	-4.726742452655504079e-01
5.374096916299558870e+02	-4.807203541116775725e-01
5.394123348017621993e+02	-4.768836520596663742e-01
5.414149779735682841e+02	-4.898538690763702408e-01
5.434176211453744827e+02	-4.832418466060693918e-01
5.454202643171806812e+02	-4.851837211479518297e-01
5.474229074889867661e+02	-4.569504631208874956e-01
5.494255506607929647e+02	-4.730333709724535152e-01
5.514281938325991632e+02	-5.156764059728647931e-01
5.534308370044052481e+02	-4.830664764345208306e-01
5.554334801762114466e+02	-4.757590390326923435e-01
5.574361233480176452e+02	-4.948886081711251217e-01
5.594387665198237301e+02	-4.995851453812162890e-01
5.614414096916300423e+02	-4.864901973425819759e-01
5.634440528634361272e+02	-5.032207470517995329e-01
5.654466960352423257e+02	-4.732868489454037375e-01
5.674493392070485243e+02	-4.776433754753137140e-01
5.694519823788546091e+02	-4.622145036542214536e-01
5.714546255506608077e+02	-4.804690563895846478e-01
5.734572687224670062e+02	-4.553317739021343624e-01
5.754599118942730911e+02	-4.731619348552223991e-01
5.774625550660792896e+02	-4.933659746392669021e-01
5.794651982378854882e+02	-4.537474921552263618e-01
5.814678414096915731e+02	-4.831192147565131489e-01
5.834704845814978853e+02	-4.742972269924218276e-01
5.854731277533039702e+02	-4.899893416434526472e-01
5.874757709251101687e+02	-4.644335604597724654e-01
5.894784140969163673e+02	-4.758137755727578910e-01
5.914810572687224521e+02	-4.352202392278664012e-01
5.934837004405286507e+02	-4.552148142788136065e-01
5.954863436123348492e+02	-4.525960249079986619e-01
5.974889867841409341e+02	-4.146331022964774848e-01
5.994916299559471327e+02	-4.462603634639196182e-01
6.014942731277533312e+02	-4.781615531067241465e-01
6.034969162995594161e+02	-4.586580106584269290e-01
6.054995594713657283e+02	-4.460373062515506359e-01
6.075022026431718132e+02	-4.722202291493028392e-01
6.095048458149780117e+02	-4.733816995644073988e-01
6.115074889867842103e+02	-4.395456596439915598e-01
6.135101321585902951e+02	-4.219472651586634315e-01
6.155127753303964937e+02	-4.334266635377585497e-01
6.175154185022026923e+02	-4.313811507586920446e-01
6.195180616740087771e+02	-4.427125265548162436e-01
6.215207048458149757e+02	-4.454407782095201052e-01
6.235233480176211742e+02	-4.039124842183968167e-01
6.255259911894272591e+02	-4.015166783896760849e-01
6.275286343612335713e+02	-4.407717871425785860e-01
6.295312775330396562e+02	-4.100483273128256445e-01
6.315339207048458547e+02	-3.977329873811535355e-01
6.335365638766520533e+02	-4.044542575874984780e-01
6.355392070484581382e+02	-4.228984735652188687e-01
6.375418502202643367e+02	-4.184247610821588137e-01
6.395444933920705353e+02	-3.997845875649003178e-01
6.415471365638766201e+02	-3.945873932222047076e-01
6.435497797356828187e+02	-4.219032827800310304e-01
6.455524229074890172e+02	-4.353084350750148213e-01
6.475550660792951021e+02	-4.291543775111790748e-01
6.495577092511014143e+02	-4.000131105309166490e-01
6.515603524229074992e+02	-3.997733232013948035e-01
6.535629955947136978e+02	-3.851902585292515946e-01
6.555656387665198963e+02	-3.897087691432562506e-01
6.575682819383259812e+02	-4.043927102040095756e-01
6.595709251101321797e+02	-4.003755053613790582e-01
6.615735682819383783e+02	-4.093290058854151536e-01
6.635762114537444631e+02	-4.111198958061020869e-01
6.655788546255506617e+02	-4.151895713143073374e-01
6.675814977973568602e+02	-3.914231074888155359e-01
6.695841409691629451e+02	-3.783491453014534711e-01
6.715867841409692574e+02	-4.025004399442471126e-01
6.735894273127753422e+02	-3.904090747691059127e-01
6.755920704845815408e+02	-3.865035515040814440e-01
6.775947136563877393e+02	-3.856248729248622498e-01
6.795973568281938242e+02	-3.560843220193056213e-01
6.816000000000000227e+02	-3.835291233166745473e-01
6.836026431718062213e+02	-4.030418704397550345e-01
6.856052863436123062e+02	-3.903161061158152423e-01
6.876079295154185047e+02	-3.775291381817685865e-01
6.896105726872247033e+02	-3.814952351993955437e-01
6.916132158590307881e+02	-3.614132066976519231e-01
6.936158590308371004e+02	-3.619911804040009118e-01
6.956185022026431852e+02	-3.416958039953544857e-01
6.976211453744492701e+02	-3.413222571021100049e-01
6.996237885462555823e+02	-3.498784026248437096e-01
7.016264317180616672e+02	-3.493959751859593288e-01
7.036290748898678657e+02	-3.504222304198224558e-01
7.056317180616740643e+02	-3.304163856678908329e-01
7.076343612334801492e+02	-3.429426409813756682e-01
7.096370044052863477e+02	-3.741405128896581056e-01
7.116396475770925463e+02	-3.474546957510323830e-01
7.136422907488986311e+02	-3.562444584236158507e-01
7.156449339207049434e+02	-3.587938259187147816e-01
7.176475770925110282e+02	-3.535354111592493576e-01
7.196502202643171131e+02	-3.487785959790717927e-01
7.216528634361234253e+02	-3.344957525735995363e-01
7.236555066079295102e+02	-3.425680112785286502e-01
7.256581497797357088e+02	-3.355059569105481865e-01
7.276607929515419073e+02	-3.522008479054749008e-01
7.296634361233479922e+02	-3.499121991579116075e-01
7.316660792951541907e+02	-3.355230227618107852e-01
7.336687224669603893e+02	-3.500179306699106041e-01
7.356713656387664741e+02	-3.316621499161042097e-01
7.376740088105727864e+02	-3.411736871878356392e-01
7.396766519823788713e+02	-3.176311946463376001e-01
7.416792951541850698e+02	-3.028936372167355673e-01
7.436819383259911547e+02	-3.276724085660230879e-01
7.456845814977973532e+02	-3.257561537409244812e-01
7.476872246696035518e+02	-3.343320813504134792e-01
7.496898678414097503e+02	-3.366619554254018931e-01
7.516925110132158352e+02	-3.304350818626770048e-01
7.536951541850220337e+02	-3.225921634827572104e-01
7.556977973568282323e+02	-3.126409117959428885e-01
7.577004405286344308e+02	-3.239737885517547378e-01
7.597030837004405157e+02	-3.121995393917146311e-01
7.617057268722467143e+02	-3.099719472279199861e-01
7.637083700440529128e+02	-3.235889472155341062e-01
7.657110132158589977e+02	-3.127357800854738690e-01
7.677136563876651962e+02	-3.378661561020693815e-01
7.697162995594713948e+02	-3.111184760097530644e-01
7.717189427312775933e+02	-3.181141354208240069e-01
7.737215859030836782e+02	-3.118858104645233498e-01
7.757242290748898768e+02	-3.013939184395600934e-01
7.777268722466960753e+02	-3.217912759474462203e-01
7.797295154185022739e+02	-3.199278711484129234e-01
7.817321585903083587e+02	-3.204581919477781371e-01
7.837348017621145573e+02	-3.170325459759203435e-01
7.857374449339207558e+02	-2.928213351639047390e-01
7.877400881057268407e+02	-3.068360228356267205e-01
7.897427312775330392e+02	-2.897360212459877404e-01
7.917453744493392378e+02	-2.834783663221486227e-01
7.937480176211454364e+02	-3.053664436449231578e-01
7.957506607929515212e+02	-3.195654862089270520e-01
7.977533039647577198e+02	-3.128273348910856066e-01
7.997559471365639183e+02	-3.159393660496642164e-01
8.017585903083701169e+02	-3.140435702692349063e-01
8.037612334801762017e+02	-2.908043559413561185e-01
8.057638766519824003e+02	-3.059871554997900533e-01
8.077665198237885988e+02	-3.144941452191928333e-01
8.097691629955946837e+02	-3.140268355759697760e-01
8.117718061674008823e+02	-3.206386608744805633e-01
8.137744493392070808e+02	-2.977889126086333826e-01
8.157770925110132794e+02	-3.083613964487791348e-01
8.177797356828193642e+02	-2.994542878544655951e-01
8.197823788546255628e+02	-2.888853849737457180e-01
8.217850220264317613e+02	-2.887124768181840162e-01
8.237876651982379599e+02	-2.804762008815074870e-01
8.257903083700440448e+02	-2.792724775600420317e-01
8.277929515418502433e+02	-2.874909021057873160e-01
8.297955947136564419e+02	-2.871558903407157581e-01
8.317982378854625267e+02	-2.696069420405872163e-01
8.338008810572687253e+02	-2.825784348079015684e-01
8.358035242290749238e+02	-2.649854868944483965e-01
8.378061674008811224e+02	-2.542145165766195314e-01
8.398088105726872072e+02	-2.799196354640886009e-01
8.418114537444934058e+02	-2.655697858224257968e-01
8.438140969162996043e+02	-2.629172680103094573e-01
8.458167400881058029e+02	-2.469798784586377249e-01
8.478193832599118878e+02	-2.652425104746382045e-01
8.498220264317180863e+02	-2.596762949079826077e-01
8.518246696035242849e+02	-2.555840131708985163e-01
8.538273127753303697e+02	-2.503627973803573825e-01
8.558299559471365683e+02	-2.613171473545080614e-01
8.578325991189427668e+02	-2.438589332609048532e-01
8.598352422907489654e+02	-2.402175199215340895e-01
8.618378854625550503e+02	-2.578639478424108455e-01
8.638405286343612488e+02	-2.597437967890999788e-01
8.658431718061674474e+02	-2.520186513429322206e-01
8.678458149779735322e+02	-2.488590547089093996e-01
8.698484581497797308e+02	-2.494460645499071150e-01
8.718511013215859293e+02	-2.353872195112123866e-01
8.738537444933921279e+02	-2.331909152405111096e-01
8.758563876651982127e+02	-2.391680417080924437e-01
8.778590308370044113e+02	-2.400673662507112061e-01
8.798616740088106098e+02	-2.389121534240305489e-01
8.818643171806168084e+02	-2.375527909500061985e-01
8.838669603524228933e+02	-2.335022491133167399e-01
8.858696035242290918e+02	-2.337657157834389099e-01
8.878722466960352904e+02	-2.327540777072852340e-01
8.898748898678413752e+02	-2.411845039962535187e-01
8.918775330396475738e+02	-2.447632309469707779e-01
8.938801762114537723e+02	-2.403628460192653304e-01
8.958828193832599709e+02	-2.411640349812690653e-01
8.978854625550660558e+02	-2.381391560782520345e-01
8.998881057268722543e+02	-2.326902505949589028e-01
9.018907488986784529e+02	-2.290538497219907765e-01
9.038933920704846514e+02	-2.419265621828758095e-01
9.058960352422907363e+02	-2.343930062700792516e-01
9.078986784140969348e+02	-2.259947840395702678e-01
9.099013215859031334e+02	-2.283583602448380212e-01
9.119039647577092182e+02	-2.394129621776869832e-01
9.139066079295154168e+02	-2.235480716304973359e-01
9.159092511013216154e+02	-2.282594279248408298e-01
9.179118942731278139e+02	-2.366974394369291690e-01
9.199145374449338988e+02	-2.321971549272185409e-01
9.219171806167400973e+02	-2.439276964816419757e-01
9.239198237885462959e+02	-2.200490840775000678e-01
9.259224669603524944e+02	-2.163886638751452707e-01
9.279251101321585793e+02	-2.154417959816610773e-01
9.299277533039647778e+02	-2.108991559993925180e-01
9.319303964757709764e+02	-2.064893000137688617e-01
9.339330396475770613e+02	-2.288163246430165165e-01
9.359356828193832598e+02	-2.271280709895192040e-01
9.379383259911894584e+02	-2.239291514237704561e-01
9.399409691629956569e+02	-2.161460077593920504e-01
9.419436123348017418e+02	-2.165778658048282401e-01
9.439462555066079403e+02	-2.252680705337613831e-01
9.459488986784141389e+02	-2.168907880911442321e-01
9.479515418502203374e+02	-2.161888721140043934e-01
9.499541850220264223e+02	-2.155340068272620369e-01
9.519568281938326209e+02	-2.065471432263251972e-01
9.539594713656388194e+02	-2.095810678074714883e-01
9.559621145374449043e+02	-1.993001037748143855e-01
9.579647577092511028e+02	-1.807883550215311774e-01
9.599674008810573014e+02	-1.837241329364251441e-01
9.619700440528634999e+02	-1.965918595516848166e-01
9.639726872246695848e+02	-1.928942244370835390e-01
9.659753303964757833e+02	-1.945165630657220146e-01
9.679779735682819819e+02	-1.713221175758040948e-01
9.699806167400881804e+02	-1.836629087535875393e-01
9.719832599118942653e+02	-1.733595567142676708e-01
9.739859030837004639e+02	-1.846510003216711715e-01
9.759885462555066624e+02	-1.832295999597684522e-01
9.779911894273127473e+02	-1.730901215852304609e-01
9.799938325991189458e+02	-1.783935244169385093e-01
9.819964757709251444e+02	-1.746465661543049053e-01
9.839991189427313429e+02	-1.641480715342862884e-01
9.860017621145374278e+02	-1.623011026474299734e-01
9.880044052863436264e+02	-1.609567223217594489e-01
9.900070484581498249e+02	-1.713456494719841350e-01
9.920096916299560235e+02	-1.706504926582260162e-01
9.940123348017621083e+02	-1.779856780220474000e-01
9.960149779735683069e+02	-1.743834117389485017e-01
9.980176211453745054e+02	-1.818552555649028124e-01
1.000020264317180590e+03	-1.865833801940581238e-01
1.002022907488986789e+03	-1.730556473291341990e-01
1.004025550660792987e+03	-1.654086692060273145e-01
1.006028193832599186e+03	-1.613395905202556213e-01
1.008030837004405271e+03	-1.698771896460539721e-01
1.010033480176211469e+03	-1.683026876645904724e-01
1.012036123348017668e+03	-1.665582086263794337e-01
1.014038766519823866e+03	-1.513841218536415290e-01
1.016041409691629951e+03	-1.559971933367601538e-01
1.018044052863436150e+03	-1.570373434410040903e-01
1.020046696035242348e+03	-1.488503776070690399e-01
1.022049339207048433e+03	-1.495539087529945965e-01
1.024051982378854518e+03	-1.442709896188928975e-01
1.026054625550660830e+03	-1.580700811895287550e-01
1.028057268722467143e+03	-1.500155755731374385e-01
1.030059911894273228e+03	-1.401717802065144958e-01
1.032062555066079312e+03	-1.474594361030263090e-01
1.034065198237885397e+03	-1.439495174522003595e-01
1.036067841409691709e+03	-1.385009491117289993e-01
1.038070484581497794e+03	-1.349560716160477791e-01
1.040073127753304107e+03	-1.319034527539419410e-01
1.042075770925110191e+03	-1.482641591635122380e-01
1.044078414096916276e+03	-1.385948805986902399e-01
1.046081057268722361e+03	-1.370980703081035590e-01
1.048083700440528673e+03	-1.482921960073039780e-01
1.050086343612334986e+03	-1.528005298812313284e-01
1.052088986784141071e+03	-1.324849998880658908e-01
1.054091629955947155e+03	-1.453797752317704250e-01
1.056094273127753240e+03	-1.364367527426432747e-01
1.058096916299559552e+03	-1.367706271126613582e-01
1.060099559471365637e+03	-1.542159574555150292e-01
1.062102202643171950e+03	-1.381701098056771770e-01
1.064104845814978034e+03	-1.355211534731610157e-01
1.066107488986784119e+03	-1.324537194131577278e-01
1.068110132158590204e+03	-1.304883090431680492e-01
1.070112775330396516e+03	-1.220386953326939861e-01
1.072115418502202829e+03	-1.235409904495453209e-01
1.074118061674008914e+03	-1.173442506225131077e-01
1.076120704845814998e+03	-1.245809781437178937e-01
1.078123348017621083e+03	-1.215636582296677759e-01
1.080125991189427396e+03	-1.137848570172419471e-01
1.082128634361233480e+03	-1.201224415209411617e-01
1.084131277533039793e+03	-1.168455256837459266e-01
1.086133920704845877e+03	-1.176708765101190518e-01
1.088136563876651962e+03	-1.090598037584383090e-01
1.090139207048458047e+03	-1.111607336151033271e-01
1.092141850220264359e+03	-1.080765457680323421e-01
1.094144493392070672e+03	-1.111190016082425902e-01
1.096147136563876757e+03	-1.158031326317006809e-01
1.098149779735682841e+03	-1.173611764176389072e-01
1.100152422907488926e+03	-1.186272378696619223e-01
1.102155066079295239e+03	-1.219829478072196605e-01
1.104157709251101323e+03	-1.129732280203112060e-01
1.106160352422907636e+03	-1.033999894753147714e-01
1.108162995594713720e+03	-1.086426326890910649e-01
1.110165638766519805e+03	-1.070086812618450678e-01
1.112168281938325890e+03	-9.921956712380239352e-02
1.114170925110132202e+03	-9.832943446976002977e-02
1.116173568281938515e+03	-1.061620543277172618e-01
1.118176211453744600e+03	-9.925597984556247533e-02
1.120178854625550684e+03	-9.972892352648390912e-02
1.122181497797356769e+03	-9.454188261364251944e-02
1.124184140969163082e+03	-9.038047635766169319e-02
1.126186784140969166e+03	-9.600307475189609474e-02
1.128189427312775479e+03	-9.583404122090014021e-02
1.130192070484581564e+03	-9.918217866922711401e-02
1.132194713656387648e+03	-9.061444707501578599e-02
1.134197356828193733e+03	-8.440996984178569806e-02
1.136200000000000045e+03	-9.515516774176410730e-02
1.138202643171806358e+03	-9.427003429298605464e-02
1.140205286343612443e+03	-9.013006541558817031e-02
1.142207929515418527e+03	-9.771356294746194604e-02
1.144210572687224612e+03	-1.050925752516756184e-01
1.146213215859030697e+03	-9.462453514834608115e-02
1.148215859030837009e+03	-9.298624580066230938e-02
1.150218502202643322e+03	-9.037870008054740834e-02
1.152221145374449407e+03	-9.624092986512730596e-02
1.154223788546255491e+03	-8.502021251434252469e-02
1.156226431718061576e+03	-8.609162119679206193e-02
1.158229074889867888e+03	-7.558136271121626559e-02
1.160231718061674201e+03	-7.343322336119936788e-02
1.162234361233480286e+03	-7.856677132530007213e-02
1.164237004405286370e+03	-8.245472009691370840e-02
1.166239647577092455e+03	-7.901327916282183117e-02
1.168242290748898540e+03	-7.599273873233811094e-02
1.170244933920704852e+03	-7.635159184546555511e-02
1.172247577092511165e+03	-7.306146847753489104e-02
1.174250220264317250e+03	-7.315815456201421596e-02
1.176252863436123334e+03	-7.112845648257923314e-02
1.178255506607929419e+03	-7.557104738780093256e-02
1.180258149779735731e+03	-7.199360945210561691e-02
1.182260792951542044e+03	-7.142479421440521559e-02
1.184263436123348129e+03	-7.166940325696888325e-02
1.186266079295154213e+03	-7.278624770855028625e-02
1.188268722466960298e+03	-7.560665126073588815e-02
1.190271365638766383e+03	-7.461823082230249760e-02
1.192274008810572695e+03	-6.972687113933076497e-02
1.194276651982379008e+03	-6.607531139870397030e-02
1.196279295154185093e+03	-6.816785951087203643e-02
1.198281938325991177e+03	-6.553759424658930910e-02
1.200284581497797262e+03	-6.723985813934554856e-02
1.202287224669603575e+03	-6.525559659254656641e-02
1.204289867841409887e+03	-6.629542657745593481e-02
1.206292511013215972e+03	-6.989365128765626101e-02
1.208295154185022056e+03	-6.902592051056680167e-02
1.210297797356828141e+03	-6.207005505346885332e-02
1.212300440528634226e+03	-6.160436520862211385e-02
1.214303083700440538e+03	-6.351836514245787213e-02
1.216305726872246851e+03	-6.043320905905942564e-02
1.218308370044052936e+03	-5.712020444028019506e-02
1.220311013215859020e+03	-6.353189918369220313e-02
1.222313656387665105e+03	-6.118347167513984303e-02
1.224316299559471418e+03	-5.616545567810619921e-02
1.226318942731277730e+03	-6.257393204143654741e-02
1.228321585903083815e+03	-5.574649577762617880e-02
1.230324229074889899e+03	-5.911509545444967179e-02
1.232326872246695984e+03	-6.036569216551816719e-02
1.234329515418502069e+03	-6.000571179566970004e-02
1.236332158590308381e+03	-5.729358982634884245e-02
1.238334801762114694e+03	-5.789849992616578900e-02
1.240337444933920779e+03	-5.717692157615721082e-02
1.242340088105726863e+03	-5.461224052761891323e-02
1.244342731277532948e+03	-5.477982708123394634e-02
1.246345374449339261e+03	-5.167517703134461016e-02
1.248348017621145573e+03	-5.246362503381204329e-02
1.250350660792951658e+03	-5.428932315086944932e-02
1.252353303964757743e+03	-5.683047418988636940e-02
1.254355947136563827e+03	-5.433283013307906723e-02
1.256358590308370140e+03	-5.589845180392240959e-02
1.258361233480176224e+03	-5.182729204218664704e-02
1.260363876651982309e+03	-5.210477038545634210e-02
1.262366519823788622e+03	-5.594952896170677509e-02
1.264369162995594706e+03	-5.749903543693692803e-02
1.266371806167401019e+03	-5.229232949110917961e-02
1.268374449339207104e+03	-4.944404702926392947e-02
1.270377092511013188e+03	-4.847979678366205747e-02
1.272379735682819501e+03	-4.944501297541313567e-02
1.274382378854625586e+03	-4.752778888085516795e-02
1.276385022026431670e+03	-4.708820312623245019e-02
1.278387665198237983e+03	-5.235662473148248314e-02
1.280390308370044067e+03	-4.992085594002142190e-02
1.282392951541850152e+03	-4.531568312558965916e-02
1.284395594713656465e+03	-4.807372709835318336e-02
1.286398237885462549e+03	-4.597199770133407470e-02
1.288400881057268862e+03	-4.406460121099255861e-02
1.290403524229074947e+03	-4.215092341387528807e-02
1.292406167400881031e+03	-4.388219267069935758e-02
1.294408810572687344e+03	-4.072597536203868829e-02
1.296411453744493429e+03	-4.287910863232512193e-02
1.298414096916299513e+03	-4.361277191031980027e-02
1.300416740088105826e+03	-4.403850006552718910e-02
1.302419383259911910e+03	-4.306409519870761649e-02
1.304422026431717995e+03	-4.323860666824906607e-02
1.306424669603524308e+03	-4.178836321276273302e-02
1.308427312775330392e+03	-4.794530099781453558e-02
1.310429955947136705e+03	-4.782670184213323739e-02
1.312432599118942790e+03	-4.271587568908628840e-02
1.314435242290748874e+03	-4.165107079792816636e-02
1.316437885462555187e+03	-3.990159063550198504e-02
1.318440528634361272e+03	-4.116491598795586626e-02
1.320443171806167356e+03	-4.030910942509020878e-02
1.322445814977973669e+03	-4.193547992135841784e-02
1.324448458149779754e+03	-4.019873024023588870e-02
1.326451101321585838e+03	-4.146817816779842236e-02
1.328453744493392151e+03	-4.215140403674597774e-02
1.330456387665198235e+03	-4.278097044022578788e-02
1.332459030837004548e+03	-4.092932859943899937e-02
1.334461674008810633e+03	-4.034455948074226056e-02
1.336464317180616717e+03	-4.308745880765517400e-02
1.338466960352423030e+03	-3.954869511614302058e-02
1.340469603524229115e+03	-4.005660401543788968e-02
1.342472246696035199e+03	-3.823719066900396063e-02
1.344474889867841512e+03	-3.954289680698259979e-02
1.346477533039647597e+03	-3.879441006866128638e-02
1.348480176211453681e+03	-3.995235076661670520e-02
1.350482819383259994e+03	-3.703977225978173637e-02
1.352485462555066078e+03	-3.695162969719469059e-02
1.354488105726872391e+03	-3.721927972887655034e-02
1.356490748898678476e+03	-3.960783601473537308e-02
1.358493392070484560e+03	-3.865325106368942831e-02
1.360496035242290873e+03	-3.819046181789916006e-02
1.362498678414096958e+03	-3.801723756634166340e-02
1.364501321585903042e+03	-3.820657409164661400e-02
1.366503964757709355e+03	-3.904529955112491513e-02
1.368506607929515440e+03	-3.499089470188844475e-02
1.370509251101321524e+03	-3.570103167012854406e-02
1.372511894273127837e+03	-3.564640647279918723e-02
1.374514537444933922e+03	-3.837238609157742758e-02
1.376517180616740234e+03	-3.551008280415400564e-02
1.378519823788546319e+03	-3.367971144937743910e-02
1.380522466960352403e+03	-3.655248656729963297e-02
1.382525110132158716e+03	-3.628677131513570464e-02
1.384527753303964801e+03	-3.663015552065108926e-02
1.386530396475770885e+03	-3.342462851594098228e-02
1.388533039647577198e+03	-3.337596411894476478e-02
1.390535682819383283e+03	-3.407981689233662015e-02
1.392538325991189367e+03	-3.378235753396404556e-02
1.394540969162995680e+03	-3.255093656042520184e-02
1.396543612334801765e+03	-3.355434556687138942e-02
1.398546255506608077e+03	-3.158378310649535836e-02
1.400548898678414162e+03	-3.476594576778239964e-02
1.402551541850220246e+03	-3.127955290706093544e-02
1.404554185022026559e+03	-3.331166976116466116e-02
1.406556828193832644e+03	-3.182806821426721611e-02
1.408559471365638728e+03	-3.115950421053316141e-02
1.410562114537445041e+03	-3.262070795236578918e-02
1.412564757709251126e+03	-3.364667686593593443e-02
1.414567400881057210e+03	-3.204270478563824021e-02
1.416570044052863523e+03	-3.010114841842998629e-02
1.418572687224669608e+03	-3.212988191143321265e-02
1.420575330396475920e+03	-3.027292184424409255e-02
1.422577973568282005e+03	-3.040392629498439581e-02
1.424580616740088090e+03	-3.141055987364230889e-02
1.426583259911894402e+03	-3.066996751307040150e-02
1.428585903083700487e+03	-3.127826583136807115e-02
1.430588546255506571e+03	-3.034140634423947505e-02
1.432591189427312884e+03	-2.885490409361647288e-02
1.434593832599118969e+03	-3.097258698832340215e-02
1.436596475770925053e+03	-2.877707399068909350e-02
1.438599118942731366e+03	-2.878368201635937013e-02
1.440601762114537451e+03	-2.880882031295505311e-02
1.442604405286343763e+03	-2.737581582402808661e-02
1.444607048458149848e+03	-2.712878916273785482e-02
1.446609691629955933e+03	-2.901056334162354158e-02
1.448612334801762245e+03	-3.117110742070120649e-02
1.450614977973568330e+03	-2.906454432098787288e-02
1.452617621145374414e+03	-3.016930917737483536e-02
1.454620264317180727e+03	-2.845818188399324572e-02
1.456622907488986812e+03	-2.870617177412622054e-02
1.458625550660792896e+03	-2.981786670137680575e-02
1.460628193832599209e+03	-2.907920777093713632e-02
1.462630837004405294e+03	-2.888890402485788655e-02
1.464633480176211606e+03	-2.891710442260726419e-02
1.466636123348017691e+03	-2.737098023860346993e-02
1.468638766519823776e+03	-2.820954445749144709e-02
1.470641409691630088e+03	-2.808820613465999941e-02
1.472644052863436173e+03	-2.887488484142700790e-02
1.474646696035242257e+03	-2.743527362068444095e-02
1.476649339207048570e+03	-2.714635144055903629e-02
1.478651982378854655e+03	-2.769100048478316187e-02
1.480654625550660739e+03	-2.816023342200447629e-02
1.482657268722467052e+03	-2.956503765647740603e-02
1.484659911894273137e+03	-2.792223145668163917e-02
1.486662555066079449e+03	-2.667663200062021442e-02
1.488665198237885534e+03	-2.755644846745567561e-02
1.490667841409691619e+03	-2.712266308570303666e-02
1.492670484581497931e+03	-2.802987258725544301e-02
1.494673127753304016e+03	-2.792062039446471106e-02
1.496675770925110101e+03	-2.941437633248509403e-02
1.498678414096916413e+03	-2.838341259885836937e-02
1.500681057268722498e+03	-2.682230280192103924e-02
1.502683700440528582e+03	-2.756708467493820119e-02
1.504686343612334895e+03	-2.512857678664381922e-02
1.506688986784140980e+03	-2.843546043386868671e-02
1.508691629955947064e+03	-2.536255003751134926e-02
1.510694273127753377e+03	-2.802294409874066944e-02
1.512696916299559462e+03	-2.755064661749795363e-02
1.514699559471365774e+03	-2.763750195727111489e-02
1.516702202643171859e+03	-2.705563084722995004e-02
1.518704845814977944e+03	-2.752535041767838891e-02
1.520707488986784256e+03	-2.611039158848414352e-02
1.522710132158590341e+03	-2.635838474980729471e-02
1.524712775330396425e+03	-2.609298925601628502e-02
1.526715418502202738e+03	-2.733133781604082241e-02
1.528718061674008823e+03	-2.553464327028153250e-02
1.530720704845814907e+03	-2.605657193669056598e-02
1.532723348017621220e+03	-2.522622477550953007e-02
1.534725991189427305e+03	-2.721000050329335299e-02
1.536728634361233617e+03	-2.507975114621948526e-02
1.538731277533039702e+03	-2.623301934510320274e-02
1.540733920704845787e+03	-2.679200761113472579e-02
1.542736563876652099e+03	-2.661749392654227248e-02
1.544739207048458184e+03	-2.522010178727655469e-02
1.546741850220264269e+03	-2.303039126911495676e-02
1.548744493392070581e+03	-2.536158054511055207e-02
1.550747136563876666e+03	-2.550789441270533489e-02
1.552749779735682750e+03	-2.499692544809384992e-02
1.554752422907489063e+03	-2.586111102431622871e-02
1.556755066079295148e+03	-2.294998281140594315e-02
1.558757709251101460e+03	-2.348673508498628701e-02
1.560760352422907545e+03	-2.564921262804923524e-02
1.562762995594713630e+03	-2.488380519627166748e-02
1.564765638766519942e+03	-2.461937714432362728e-02
1.566768281938326027e+03	-2.441650360217802879e-02
1.568770925110132112e+03	-2.529406459625939060e-02
1.570773568281938424e+03	-2.384446353602985916e-02
1.572776211453744509e+03	-2.441312309014432441e-02
1.574778854625550593e+03	-2.299026895479277036e-02
1.576781497797356906e+03	-2.560812371420228065e-02
1.578784140969162991e+03	-2.370685100393527672e-02
1.580786784140969303e+03	-2.298640105793959415e-02
1.582789427312775388e+03	-2.345386253163765991e-02
1.584792070484581473e+03	-2.372457600570639785e-02
1.586794713656387785e+03	-2.349044136055978421e-02
1.588797356828193870e+03	-2.543828381780694967e-02
1.590799999999999955e+03	-2.286055245848751111e-02
1.592802643171806267e+03	-2.297012566848088272e-02
1.594805286343612352e+03	-2.551901286733525634e-02
1.596807929515418436e+03	-2.387556337574053139e-02
1.598810572687224749e+03	-2.384301336199969729e-02
1.600813215859030834e+03	-2.430386809222271488e-02
1.602815859030837146e+03	-2.420525126751451456e-02
1.604818502202643231e+03	-2.470864800157337310e-02
1.606821145374449316e+03	-2.424618114583388523e-02
1.608823788546255628e+03	-2.246608590482252615e-02
1.610826431718061713e+03	-2.266928220483312856e-02
1.612829074889867798e+03	-2.338940910252591474e-02
1.614831718061674110e+03	-2.229833978386187160e-02
1.616834361233480195e+03	-2.321747247554511312e-02
1.618837004405286280e+03	-2.209804437998825685e-02
1.620839647577092592e+03	-2.234845263932536824e-02
1.622842290748898677e+03	-2.415835934419147818e-02
1.624844933920704989e+03	-2.396918322159608677e-02
1.626847577092511074e+03	-2.350784444359126785e-02
1.628850220264317159e+03	-2.068002491335662468e-02
1.630852863436123471e+03	-2.191450733289112413e-02
1.632855506607929556e+03	-2.308356716668678171e-02
1.634858149779735641e+03	-2.269151682976391221e-02
1.636860792951541953e+03	-2.208998726605222035e-02
1.638863436123348038e+03	-2.284798130732438454e-02
1.640866079295154123e+03	-2.117310799878579369e-02
1.642868722466960435e+03	-2.372940827552454460e-02
1.644871365638766520e+03	-2.273695727373089073e-02
1.646874008810572832e+03	-2.441666490618420865e-02
1.648876651982378917e+03	-2.440216277266476358e-02
1.650879295154185002e+03	-2.446806855244756246e-02
1.652881938325991314e+03	-2.231042444532522692e-02
1.654884581497797399e+03	-2.103001907876613646e-02
1.656887224669603484e+03	-2.176384340080789875e-02
1.658889867841409796e+03	-2.300992661055549851e-02
1.660892511013215881e+03	-2.187341730711548499e-02
1.662895154185021966e+03	-2.215540967009774903e-02
1.664897797356828278e+03	-2.325147309737466556e-02
1.666900440528634363e+03	-2.064328599556004146e-02
1.668903083700440675e+03	-2.107030335390697867e-02
1.670905726872246760e+03	-2.238551641850301116e-02
1.672908370044052845e+03	-2.058882192041221887e-02
1.674911013215859157e+03	-2.001645767778055182e-02
1.676913656387665242e+03	-2.074496608098885114e-02
1.678916299559471327e+03	-2.144108318328409243e-02
1.680918942731277639e+03	-1.972737560026335130e-02
1.682921585903083724e+03	-2.275452215138074746e-02
1.684924229074889809e+03	-2.179558679094700108e-02
1.686926872246696121e+03	-2.234780742919807370e-02
1.688929515418502206e+03	-2.092785685534286760e-02
1.690932158590308518e+03	-2.324873440475847680e-02
1.692934801762114603e+03	-2.205002520175632780e-02
1.694937444933920688e+03	-2.468157684514680345e-02
1.696940088105727000e+03	-2.288004968788249702e-02
1.698942731277533085e+03	-2.229414925997489499e-02
1.700945374449339170e+03	-2.004546173012685534e-02
1.702948017621145482e+03	-1.866933977788789306e-02
1.704950660792951567e+03	-2.109705198804927989e-02
1.706953303964757652e+03	-2.185955909324300422e-02
1.708955947136563964e+03	-1.972834151273248487e-02
1.710958590308370049e+03	-2.011426855719516266e-02
1.712961233480176361e+03	-2.011056160004320165e-02
1.714963876651982446e+03	-2.017115082053048264e-02
1.716966519823788531e+03	-1.984677900611215434e-02
1.718969162995594843e+03	-1.869834521212427464e-02
1.720971806167400928e+03	-2.052227186396680253e-02
1.722974449339207013e+03	-2.058914403889475914e-02
1.724977092511013325e+03	-2.079250164452507016e-02
1.726979735682819410e+03	-1.990978439641161862e-02
1.728982378854625495e+03	-1.986901628102143852e-02
1.730985022026431807e+03	-1.918530491063362778e-02
1.732987665198237892e+03	-1.949420844575006778e-02
1.734990308370044204e+03	-1.804654063135959635e-02
1.736992951541850289e+03	-1.854993702468309830e-02
1.738995594713656374e+03	-1.970417129664494421e-02
1.740998237885462686e+03	-1.844777484606859724e-02
1.743000881057268771e+03	-2.033647761581176480e-02
1.745003524229074856e+03	-1.768703922998985517e-02
1.747006167400881168e+03	-1.898855476332430431e-02
1.749008810572687253e+03	-2.119260711739325703e-02
1.751011453744493338e+03	-1.999776578680446254e-02
1.753014096916299650e+03	-1.870382531367296292e-02
1.755016740088105735e+03	-1.962875916221113945e-02
1.757019383259912047e+03	-1.878262148502623380e-02
1.759022026431718132e+03	-2.031247019256122652e-02
1.761024669603524217e+03	-2.038240277524228788e-02
1.763027312775330529e+03	-1.927071030608863353e-02
1.765029955947136614e+03	-1.913164657242295494e-02
1.767032599118942699e+03	-1.950742256763927582e-02
1.769035242290749011e+03	-2.016470569200095458e-02
1.771037885462555096e+03	-1.945730778655260090e-02
1.773040528634361181e+03	-2.033261155814029136e-02
1.775043171806167493e+03	-1.933323216508044812e-02
1.777045814977973578e+03	-2.031907576804143495e-02
1.779048458149779890e+03	-2.153148142964076556e-02
1.781051101321585975e+03	-1.894037372745991515e-02
1.783053744493392060e+03	-1.839733756022021022e-02
1.785056387665198372e+03	-2.033889505060059583e-02
1.787059030837004457e+03	-1.871478036036097053e-02
1.789061674008810542e+03	-1.704200178737004176e-02
1.791064317180616854e+03	-1.934418796947606073e-02
1.793066960352422939e+03	-1.939736423384771230e-02
1.795069603524229024e+03	-1.792069066749969047e-02
1.797072246696035336e+03	-1.929342869927553467e-02
1.799074889867841421e+03	-2.080700252377514631e-02
1.801077533039647733e+03	-1.750672565334360914e-02
1.803080176211453818e+03	-1.679401054361522733e-02
1.805082819383259903e+03	-1.994039989635294427e-02
1.807085462555066215e+03	-1.829275927571714228e-02
1.809088105726872300e+03	-1.787073852695048731e-02
1.811090748898678385e+03	-1.770267038421276945e-02
1.813093392070484697e+03	-1.650331675502748202e-02
1.815096035242290782e+03	-1.793342039374600655e-02
1.817098678414096867e+03	-1.556935816807605844e-02
1.819101321585903179e+03	-1.813049322788883727e-02
1.821103964757709264e+03	-1.700429671211623958e-02
1.823106607929515576e+03	-1.929713611826188585e-02
1.825109251101321661e+03	-1.726405116842832238e-02
1.827111894273127746e+03	-1.770718167138535942e-02
1.829114537444934058e+03	-1.773425255549709173e-02
1.831117180616740143e+03	-1.645561998841826162e-02
1.833119823788546228e+03	-1.892103791961684961e-02
1.835122466960352540e+03	-1.826762239335878030e-02
1.837125110132158625e+03	-1.881952169937920610e-02
1.839127753303964710e+03	-1.881098077784234407e-02
1.841130396475771022e+03	-1.729918032072771256e-02
1.843133039647577107e+03	-1.578270487001221661e-02
1.845135682819383419e+03	-1.762532374069180480e-02
1.847138325991189504e+03	-1.865338734931423076e-02
1.849140969162995589e+03	-1.794840704557248284e-02
1.851143612334801901e+03	-1.758423373870029310e-02
1.853146255506607986e+03	-1.880598582086884935e-02
1.855148898678414071e+03	-1.777292691343754921e-02
1.857151541850220383e+03	-1.757359886004598165e-02
1.859154185022026468e+03	-1.726646868651612182e-02
1.861156828193832553e+03	-1.754797692084057031e-02
1.863159471365638865e+03	-1.974767728440391876e-02
1.865162114537444950e+03	-1.672246415605548736e-02
1.867164757709251262e+03	-1.735170991431456838e-02
1.869167400881057347e+03	-1.773070848092996726e-02
1.871170044052863432e+03	-1.718315979970709215e-02
1.873172687224669744e+03	-1.691083632972674097e-02
1.875175330396475829e+03	-1.736008952206750250e-02
1.877177973568281914e+03	-1.675888237900629435e-02
1.879180616740088226e+03	-1.819929955779196057e-02
1.881183259911894311e+03	-1.838460852777743654e-02
1.883185903083700396e+03	-1.875877047251879245e-02
1.885188546255506708e+03	-1.642194202244994655e-02
1.887191189427312793e+03	-1.742599581377676093e-02
1.889193832599119105e+03	-1.815224630106453824e-02
1.891196475770925190e+03	-1.732286726269727933e-02
1.893199118942731275e+03	-1.731497236224188024e-02
1.895201762114537587e+03	-1.678079834113189311e-02
1.897204405286343672e+03	-1.657582938136730605e-02
1.899207048458149757e+03	-1.850707495519637175e-02
1.901209691629956069e+03	-1.826810594115983039e-02
1.903212334801762154e+03	-1.764530619065880074e-02
1.905214977973568239e+03	-1.551521638176834271e-02
1.907217621145374551e+03	-1.874749350873921097e-02
1.909220264317180636e+03	-1.793938304694971814e-02
1.911222907488986948e+03	-1.752380711392569762e-02
1.913225550660793033e+03	-1.616976167668433134e-02
1.915228193832599118e+03	-1.722360591540949074e-02
1.917230837004405430e+03	-1.904543720138636084e-02
1.919233480176211515e+03	-1.819075875698918793e-02
1.921236123348017600e+03	-1.803042547215535224e-02
1.923238766519823912e+03	-1.520454020341615621e-02
1.925241409691629997e+03	-1.592966357694420784e-02
1.927244052863436082e+03	-1.660821727000467291e-02
1.929246696035242394e+03	-1.692936716754436105e-02
1.931249339207048479e+03	-1.773489824145714142e-02
1.933251982378854791e+03	-1.678692085956230012e-02
1.935254625550660876e+03	-1.722118918411826710e-02
1.937257268722466961e+03	-1.635909739259514689e-02
1.939259911894273273e+03	-1.715979540487024696e-02
1.941262555066079358e+03	-1.643435073025128340e-02
1.943265198237885443e+03	-1.810680630130471341e-02
1.945267841409691755e+03	-1.784479487999306863e-02
1.947270484581497840e+03	-1.746837514003647326e-02
1.949273127753303925e+03	-1.770299271892313703e-02
1.951275770925110237e+03	-1.700993655796773779e-02
1.953278414096916322e+03	-1.528124267434936324e-02
1.955281057268722634e+03	-1.735187151456431959e-02
1.957283700440528719e+03	-1.635249131111703516e-02
1.959286343612334804e+03	-1.785833024506145589e-02
1.961288986784141116e+03	-1.676710072623232434e-02
1.963291629955947201e+03	-1.646979947154504284e-02
1.965294273127753286e+03	-1.740778559942263853e-02
1.967296916299559598e+03	-1.622696341713899398e-02
1.969299559471365683e+03	-1.651959057406816173e-02
1.971302202643171768e+03	-1.630463214896634566e-02
1.973304845814978080e+03	-1.742631711299077318e-02
1.975307488986784165e+03	-1.568795560933244210e-02
1.977310132158590477e+03	-1.580333087778550485e-02
1.979312775330396562e+03	-1.552746191053994661e-02
1.981315418502202647e+03	-1.527802028310561687e-02
1.983318061674008959e+03	-1.712418389325091189e-02
1.985320704845815044e+03	-1.626660460037041706e-02
1.987323348017621129e+03	-1.579269594838333263e-02
1.989325991189427441e+03	-1.445057422850752268e-02
1.991328634361233526e+03	-1.693710235593260532e-02
1.993331277533039611e+03	-1.650202828718622811e-02
1.995333920704845923e+03	-1.513525087316623143e-02
1.997336563876652008e+03	-1.523547874064318762e-02
1.999339207048458320e+03	-1.756699282219777863e-02
2.001341850220264405e+03	-1.711193757456475756e-02
2.003344493392070490e+03	-1.455128633345729484e-02
2.005347136563876802e+03	-1.696981455517882972e-02
2.007349779735682887e+03	-1.650509062021731504e-02
2.009352422907488972e+03	-1.515990565089702681e-02
2.011355066079295284e+03	-1.723214584921385281e-02
2.013357709251101369e+03	-1.538711108984398487e-02
2.015360352422907454e+03	-1.752219591032529861e-02
2.017362995594713766e+03	-1.774569469472554034e-02
2.019365638766519851e+03	-1.620102187412742964e-02
2.021368281938326163e+03	-1.512542210440816562e-02
2.023370925110132248e+03	-1.525272203817057935e-02
2.025373568281938333e+03	-1.620134391323762441e-02
2.027376211453744645e+03	-1.611239507496445983e-02
2.029378854625550730e+03	-1.461509671356198657e-02
2.031381497797356815e+03	-1.580735992304992815e-02
2.033384140969163127e+03	-1.658726922524893579e-02
2.035386784140969212e+03	-1.798691901916758124e-02
2.037389427312775297e+03	-1.582991895391294007e-02
2.039392070484581609e+03	-1.798256655842967941e-02
2.041394713656387694e+03	-1.709549965862746518e-02
2.043397356828193779e+03	-1.658598003297568832e-02
2.045400000000000091e+03	-1.524192508238348363e-02
2.047402643171806176e+03	-1.574113181412801349e-02
2.049405286343612715e+03	-1.616202576587581069e-02
2.051407929515418800e+03	-1.453887723667810286e-02
2.053410572687224885e+03	-1.487662339975261497e-02
2.055413215859030970e+03	-1.480910665234485592e-02
2.057415859030837055e+03	-1.625355142256377367e-02
2.059418502202643140e+03	-1.678079666440696754e-02
2.061421145374449225e+03	-1.409204070463325811e-02
2.063423788546255309e+03	-1.617008275592272254e-02
2.065426431718061394e+03	-1.708680029464920008e-02
2.067429074889867934e+03	-1.535166012153181200e-02
2.069431718061674019e+03	-1.476108870756414129e-02
2.071434361233480558e+03	-1.615219652492038555e-02
2.073437004405286643e+03	-1.662642669796316613e-02
2.075439647577092728e+03	-1.573581500398619354e-02
2.077442290748898813e+03	-1.675130974526545941e-02
2.079444933920704898e+03	-1.536261847346098199e-02
2.081447577092510983e+03	-1.506483455848527976e-02
2.083450220264317068e+03	-1.661401900443800622e-02
2.085452863436123152e+03	-1.639454915414013600e-02
2.087455506607929237e+03	-1.552665641253494697e-02
2.089458149779735777e+03	-1.576465812376704606e-02
2.091460792951541862e+03	-1.576916940368606676e-02
2.093463436123348401e+03	-1.530074075534071897e-02
2.095466079295154486e+03	-1.591693374210152029e-02
2.097468722466960571e+03	-1.446797727741888119e-02
2.099471365638766656e+03	-1.252561336627018920e-02
2.101474008810572741e+03	-1.381810569520603403e-02
2.103476651982378826e+03	-1.440336062936881621e-02
2.105479295154184911e+03	-1.513460621203862287e-02
2.107481938325990996e+03	-1.385967878684204665e-02
2.109484581497797080e+03	-1.468390154452953698e-02
2.111487224669603620e+03	-1.448038403927144960e-02
2.113489867841409705e+03	-1.572098899610201508e-02
2.115492511013216244e+03	-1.616492476318991817e-02
2.117495154185022329e+03	-1.543561265525656388e-02
2.119497797356828414e+03	-1.354449201755648577e-02
2.121500440528634499e+03	-1.482360907082441205e-02
2.123503083700440584e+03	-1.434438309764737504e-02
2.125505726872246669e+03	-1.515233209657668688e-02
2.127508370044052754e+03	-1.625838674335169237e-02
2.129511013215858839e+03	-1.769235781003471869e-02
2.131513656387664923e+03	-1.342089989107733347e-02
2.133516299559471463e+03	-1.484149596346606183e-02
2.135518942731277548e+03	-1.591435604093267495e-02
2.137521585903084087e+03	-1.615670804486237649e-02
2.139524229074890172e+03	-1.392042909820139819e-02
2.141526872246696257e+03	-1.492045431305625593e-02
2.143529515418502342e+03	-1.417986154881240544e-02
2.145532158590308427e+03	-1.393493101149985772e-02
2.147534801762114512e+03	-1.484761791080784800e-02
2.149537444933920597e+03	-1.350436729871275568e-02
2.151540088105726682e+03	-1.479492601260982629e-02
2.153542731277532766e+03	-1.552101608184757765e-02
2.155545374449339306e+03	-1.600040334069745968e-02
2.157548017621145391e+03	-1.351790406992464146e-02
2.159550660792951930e+03	-1.443993724143964076e-02
2.161553303964758015e+03	-1.517489071074569831e-02
2.163555947136564100e+03	-1.450954998485271506e-02
2.165558590308370185e+03	-1.455192982061747665e-02
2.167561233480176270e+03	-1.370982094890659843e-02
2.169563876651982355e+03	-1.262954861710323742e-02
2.171566519823788440e+03	-1.407850601359365503e-02
2.173569162995594525e+03	-1.431264006207332885e-02
2.175571806167400609e+03	-1.470903964946460377e-02
2.177574449339207149e+03	-1.361233161679063254e-02
2.179577092511013234e+03	-1.478477517187308174e-02
2.181579735682819774e+03	-1.535004950899918411e-02
2.183582378854625858e+03	-1.529832316104451882e-02
2.185585022026431943e+03	-1.308492459824662189e-02
2.187587665198238028e+03	-1.469921058888057873e-02
2.189590308370044113e+03	-1.383728036940026426e-02
2.191592951541850198e+03	-1.475029085568226386e-02
2.193595594713656283e+03	-1.329392165962402575e-02
2.195598237885462368e+03	-1.407995554364666578e-02
2.197600881057268452e+03	-1.434212788103156853e-02
2.199603524229074992e+03	-1.363489056649322406e-02
2.201606167400881077e+03	-1.465973199494920685e-02
2.203608810572687617e+03	-1.510769711030712260e-02
2.205611453744493701e+03	-1.374124366372571002e-02
2.207614096916299786e+03	-1.483360045436684163e-02
2.209616740088105871e+03	-1.438982510365222588e-02
2.211619383259911956e+03	-1.425511360410141627e-02
2.213622026431718041e+03	-1.416390912985334219e-02
2.215624669603524126e+03	-1.383180226614472673e-02
2.217627312775330211e+03	-1.225586829026429833e-02
2.219629955947136295e+03	-1.286577751265921034e-02
2.221632599118942835e+03	-1.428121665174883134e-02
2.223635242290748920e+03	-1.400808763195630392e-02
2.225637885462555460e+03	-1.270447751712999208e-02
2.227640528634361544e+03	-1.473852823508791862e-02
2.229643171806167629e+03	-1.453468834939677587e-02
2.231645814977973714e+03	-1.372400105547953719e-02
2.233648458149779799e+03	-1.272413634797717186e-02
2.235651101321585884e+03	-1.423351991054199253e-02
2.237653744493391969e+03	-1.460542765881761226e-02
2.239656387665198054e+03	-1.409510265204472722e-02
2.241659030837004138e+03	-1.303110549322158453e-02
2.243661674008810678e+03	-1.274669580964122272e-02
2.245664317180616763e+03	-1.387643739383067655e-02
2.247666960352423303e+03	-1.421112189170146457e-02
2.249669603524229387e+03	-1.423432650762640993e-02
2.251672246696035472e+03	-1.259635329680861872e-02
2.253674889867841557e+03	-1.400405903555041950e-02
2.255677533039647642e+03	-1.362473914565781943e-02
2.257680176211453727e+03	-1.248822983973372006e-02
2.259682819383259812e+03	-1.437451672147173343e-02
2.261685462555065897e+03	-1.334596984332416317e-02
2.263688105726871981e+03	-1.274347307807487638e-02
2.265690748898678521e+03	-1.431973010760356248e-02
2.267693392070484606e+03	-1.409107352082060102e-02
2.269696035242291146e+03	-1.353047330334383389e-02
2.271698678414097230e+03	-1.217352625345084760e-02
2.273701321585903315e+03	-1.341316394967959069e-02
2.275703964757709400e+03	-1.414521602697632087e-02
2.277706607929515485e+03	-1.186285125216237669e-02
2.279709251101321570e+03	-1.353772515510293442e-02
2.281711894273127655e+03	-1.390866492461207901e-02
2.283714537444934194e+03	-1.509126098920599360e-02
2.285717180616740279e+03	-1.333146839161453677e-02
2.287719823788546364e+03	-1.379715803610446524e-02
2.289722466960352449e+03	-1.380634317379325279e-02
2.291725110132158534e+03	-1.342444433789193384e-02
2.293727753303964619e+03	-1.363247396030113287e-02
2.295730396475771158e+03	-1.363328008211676066e-02
2.297733039647577243e+03	-1.366792395724359885e-02
2.299735682819383328e+03	-1.278907564214681533e-02
2.301738325991189413e+03	-1.274331250194976096e-02
2.303740969162995498e+03	-1.375268365301941451e-02
2.305743612334802037e+03	-1.267096066827151299e-02
2.307746255506608122e+03	-1.264872354638511831e-02
2.309748898678414207e+03	-1.380199219351168315e-02
2.311751541850220292e+03	-1.383857104400853209e-02
2.313754185022026377e+03	-1.237591654191030899e-02
2.315756828193832462e+03	-1.314422469942985727e-02
2.317759471365639001e+03	-1.387385973891843739e-02
2.319762114537445086e+03	-1.305962664529126092e-02
2.321764757709251171e+03	-1.551038251522735001e-02
2.323767400881057256e+03	-1.341171452372399465e-02
2.325770044052863341e+03	-1.512606716475066969e-02
2.327772687224669880e+03	-1.512542233969521067e-02
2.329775330396475965e+03	-1.495477575323647147e-02
2.331777973568282050e+03	-1.519809488704020051e-02
2.333780616740088135e+03	-1.160212899199019113e-02
2.335783259911894220e+03	-1.246051339241782685e-02
2.337785903083700305e+03	-1.336031123526412213e-02
2.339788546255506844e+03	-1.296842227553630413e-02
2.341791189427312929e+03	-1.178034865547364363e-02
2.343793832599119014e+03	-1.523402946781338488e-02
2.345796475770925099e+03	-1.376621898662748131e-02
2.347799118942731184e+03	-1.392413482156628669e-02
2.349801762114537723e+03	-1.420661003175723372e-02
2.351804405286343808e+03	-1.383276913162704604e-02
2.353807048458149893e+03	-1.272268577120532276e-02
2.355809691629955978e+03	-1.125100810504171822e-02
2.357812334801762063e+03	-1.138314204913676644e-02
2.359814977973568148e+03	-1.356834120014992207e-02
2.361817621145374687e+03	-1.179759030023004931e-02
2.363820264317180772e+03	-1.387450409512057913e-02
2.365822907488986857e+03	-1.412636412686092344e-02
2.367825550660792942e+03	-1.291427922277092397e-02
2.369828193832599027e+03	-1.216417963353396553e-02
2.371830837004405566e+03	-1.412571931149732632e-02
2.373833480176211651e+03	-1.300242242079469902e-02
2.375836123348017736e+03	-1.209037872158859328e-02
2.377838766519823821e+03	-1.373205652539753394e-02
2.379841409691629906e+03	-1.279648717041712534e-02
2.381844052863435991e+03	-1.276925530914229182e-02
2.383846696035242530e+03	-1.202028454612081264e-02
2.385849339207048615e+03	-1.271382314354388768e-02
2.387851982378854700e+03	-1.294425146581968354e-02
2.389854625550660785e+03	-1.291766444238153996e-02
2.391857268722466870e+03	-1.296680944451316167e-02
2.393859911894273409e+03	-1.280953731804412334e-02
2.395862555066079494e+03	-1.331148738889656458e-02
2.397865198237885579e+03	-1.304238605474645520e-02
2.399867841409691664e+03	-1.117704084706529384e-02
2.401870484581497749e+03	-1.267708950822746261e-02
2.403873127753303834e+03	-1.283032985529506884e-02
2.405875770925110373e+03	-1.138539043663539148e-02
2.407878414096916458e+03	-1.213146145396314796e-02
2.409881057268722543e+03	-1.460896968183455179e-02
2.411883700440528628e+03	-1.390077195549847475e-02
2.413886343612334713e+03	-1.269658087360575963e-02
2.415888986784141252e+03	-1.315598729176726753e-02
2.417891629955947337e+03	-1.375415775315985342e-02
2.419894273127753422e+03	-1.475039539794010569e-02
2.421896916299559507e+03	-1.306940143376058780e-02
2.423899559471365592e+03	-1.242041612412347375e-02
2.425902202643171677e+03	-1.112236042016276003e-02
2.427904845814978216e+03	-1.177100930392762507e-02
2.429907488986784301e+03	-1.353120496303812995e-02
2.431910132158590386e+03	-1.315530379883727251e-02
2.433912775330396471e+03	-1.246439792193065887e-02
2.435915418502202556e+03	-1.345144216412375374e-02
2.437918061674009095e+03	-1.269960580206685140e-02
2.439920704845815180e+03	-1.326115730339541207e-02
2.441923348017621265e+03	-1.217529514558122680e-02
2.443925991189427350e+03	-1.325722261980852648e-02
2.445928634361233435e+03	-1.361121972648146952e-02
2.447931277533039520e+03	-1.301247864352828021e-02
2.449933920704846059e+03	-1.220616133296815314e-02
2.451936563876652144e+03	-1.144075038176560130e-02
2.453939207048458229e+03	-1.344569284455049418e-02
2.455941850220264314e+03	-1.075712474630407915e-02
2.457944493392070399e+03	-1.146473547938027179e-02
2.459947136563876938e+03	-1.343705720292295847e-02
2.461949779735683023e+03	-1.179469559231846251e-02
2.463952422907489108e+03	-1.196820499635076022e-02
2.465955066079295193e+03	-1.123050797428986822e-02
2.467957709251101278e+03	-1.261209584265735040e-02
2.469960352422907363e+03	-1.300476548323311124e-02
2.471962995594713902e+03	-1.238803813093526315e-02
2.473965638766519987e+03	-1.149563569729001103e-02
2.475968281938326072e+03	-1.350759359575969334e-02
2.477970925110132157e+03	-1.451233815118455582e-02
2.479973568281938242e+03	-1.266538224910860808e-02
2.481976211453744781e+03	-1.361537991494464993e-02
2.483978854625550866e+03	-1.253217580564349246e-02
2.485981497797356951e+03	-1.307657640250872201e-02
2.487984140969163036e+03	-1.112958689702473088e-02
2.489986784140969121e+03	-1.209266300115638057e-02
2.491989427312775206e+03	-1.368710987914688662e-02
2.493992070484581745e+03	-1.209857693910787804e-02
2.495994713656387830e+03	-1.188761453991333747e-02
2.497997356828193915e+03	-1.145277290672759053e-02
2.500000000000000000e+03	-1.035907521242259398e-02
