2.000000000000000000e+02	-1.769835149231207454e-03
2.010010010010010149e+02	-3.092182471287731240e-03
2.020020020020020013e+02	-9.529003798417175555e-03
2.030030030030030161e+02	4.193010629296755926e-04
2.040040040040040026e+02	2.966965939781201437e-03
2.050050050050050174e+02	1.453266590074233549e-03
2.060060060060060039e+02	-4.096285592011770192e-03
2.070070070070070187e+02	-2.603399106575254428e-03
2.080080080080080052e+02	2.161611365093552960e-03
2.090090090090090200e+02	-4.780789787529320968e-03
2.100100100100100065e+02	2.747420513071778623e-03
2.110110110110110213e+02	-2.106892494563070584e-03
2.120120120120120077e+02	-5.591181427899477759e-03
2.130130130130130226e+02	-3.111653799504501047e-03
2.140140140140140090e+02	1.999126823429595284e-03
2.150150150150150239e+02	1.329406098375413437e-04
2.160160160160160103e+02	9.245335490140133483e-04
2.170170170170170252e+02	-7.221077444479331387e-04
2.180180180180180116e+02	-3.562172431286995868e-03
2.190190190190190265e+02	2.836720474395015932e-03
2.200200200200200129e+02	-3.467503556860999838e-03
2.210210210210210278e+02	-7.504697842421100169e-03
2.220220220220220142e+02	5.789591649262075708e-03
2.230230230230230291e+02	4.668998742719547047e-03
2.240240240240240155e+02	-7.221062189575192447e-04
2.250250250250250303e+02	9.166454111174502858e-03
2.260260260260260168e+02	-4.306433661343187815e-03
2.270270270270270316e+02	-7.785691945407155305e-03
2.280280280280280181e+02	-4.975171171230116478e-03
2.290290290290290329e+02	7.278114203329984384e-03
2.300300300300300478e+02	-7.701075308123094898e-04
2.310310310310310342e+02	-1.217943150885804912e-03
2.320320320320320207e+02	-6.284086099004567057e-03
2.330330330330330355e+02	2.168322694248423377e-03
2.340340340340340504e+02	3.729354545420318547e-03
2.350350350350350368e+02	-6.767170958362459139e-03
2.360360360360360232e+02	-2.859871535458456595e-03
2.370370370370370381e+02	1.609384964311919757e-03
2.380380380380380529e+02	5.676735437720668550e-04
2.390390390390390394e+02	-7.523201434834894197e-04
2.400400400400400258e+02	3.193903570248154359e-03
2.410410410410410407e+02	2.759168013814867430e-03
2.420420420420420555e+02	3.116688256133115422e-03
2.430430430430430420e+02	-3.878074711928850091e-03
2.440440440440440568e+02	-1.185880993784759786e-02
2.450450450450450433e+02	-3.818318301216162055e-03
2.460460460460460581e+02	-8.048546957317504955e-03
2.470470470470470445e+02	1.561701859457462855e-03
2.480480480480480594e+02	-6.275686607016886347e-03
2.490490490490490458e+02	-8.882778425576689585e-04
2.500500500500500607e+02	-7.348615964811320211e-04
2.510510510510510471e+02	-4.065734922467784986e-03
2.520520520520520620e+02	5.925175555569205414e-04
2.530530530530530484e+02	2.074321630757057760e-03
2.540540540540540633e+02	5.097355839065411363e-03
2.550550550550550497e+02	4.772393945806001868e-03
2.560560560560560361e+02	-1.251178387050070956e-03
2.570570570570570794e+02	-9.491416446363974344e-03
2.580580580580580659e+02	-1.227812149901908421e-02
2.590590590590590523e+02	-6.958851478924808938e-03
2.600600600600600956e+02	-1.079563791442172092e-02
2.610610610610610820e+02	-3.011618630717889569e-03
2.620620620620620684e+02	-6.011823239989289198e-03
2.630630630630630549e+02	-4.863035195609581411e-03
2.640640640640640413e+02	2.612802412160100760e-03
2.650650650650650846e+02	2.948840818972924081e-03
2.660660660660660710e+02	-1.423728342964200632e-03
2.670670670670670575e+02	2.245199757922905232e-03
2.680680680680681007e+02	-1.313953609436951291e-03
2.690690690690690872e+02	-8.988180570425200258e-03
2.700700700700700736e+02	-2.192825609952761285e-03
2.710710710710710600e+02	1.549958447068319799e-03
2.720720720720720465e+02	-8.227470867795029161e-03
2.730730730730730897e+02	2.064251455842880823e-03
2.740740740740740762e+02	-1.013998722087696390e-02
2.750750750750750626e+02	-6.101783601673248063e-03
2.760760760760761059e+02	1.051768510244903204e-03
2.770770770770770923e+02	-5.043974402913881626e-03
2.780780780780780788e+02	-1.463240782325323820e-02
2.790790790790790652e+02	-5.021150388792499329e-03
2.800800800800800516e+02	-1.934334554863904833e-03
2.810810810810810949e+02	-6.485853830210716988e-04
2.820820820820820813e+02	-3.894855553481235255e-03
2.830830830830831246e+02	-2.525853879126196532e-03
2.840840840840841111e+02	-1.116894024775577860e-03
2.850850850850850975e+02	1.128642994261172755e-03
2.860860860860860839e+02	-5.478374167717969985e-03
2.870870870870870704e+02	1.703036528386533315e-03
2.880880880880881136e+02	1.148751536583712297e-02
2.890890890890891001e+02	3.277831108377994660e-03
2.900900900900900865e+02	-8.432923802085895903e-04
2.910910910910911298e+02	1.411307660207591170e-03
2.920920920920921162e+02	1.567415185618882198e-03
2.930930930930931027e+02	3.733718463919953687e-03
2.940940940940940891e+02	-3.562843135629754823e-03
2.950950950950950755e+02	2.527840661365742827e-04
2.960960960960961188e+02	8.812239279042396534e-04
2.970970970970971052e+02	-3.051561367689790126e-04
2.980980980980980917e+02	6.146784538857836796e-04
2.990990990990991349e+02	8.591047781921301238e-03
3.001001001001001214e+02	7.200553613698475013e-03
3.011011011011011078e+02	2.045124516040448381e-03
3.021021021021020942e+02	-1.765803902579881365e-04
3.031031031031030807e+02	4.971463384761316308e-03
3.041041041041041240e+02	-1.889657304812952451e-02
3.051051051051051104e+02	-1.339781614921808396e-02
3.061061061061060968e+02	4.248487067238988259e-03
3.071071071071071401e+02	-8.902518293746995368e-03
3.081081081081081265e+02	-5.873765626705271421e-03
3.091091091091091130e+02	-1.257117196196180266e-02
3.101101101101100994e+02	1.859919792485343433e-03
3.111111111111110858e+02	-7.758252020266362577e-03
3.121121121121121291e+02	-1.308037489268053981e-03
3.131131131131131156e+02	1.544746437059541606e-03
3.141141141141141588e+02	-5.856568672723769416e-03
3.151151151151151453e+02	-7.768273153058694210e-03
3.161161161161161317e+02	-5.461672364298755973e-03
3.171171171171171181e+02	-3.647980425757006793e-03
3.181181181181181046e+02	5.969706224417948822e-04
3.191191191191191479e+02	2.863040077638213856e-03
3.201201201201201343e+02	1.827685253461553674e-04
3.211211211211211207e+02	-3.062540487939967391e-03
3.221221221221221640e+02	2.776115430465521308e-03
3.231231231231231504e+02	2.417276214418673675e-03
3.241241241241241369e+02	-4.378144312260744651e-03
3.251251251251251233e+02	-4.524329040582197002e-03
3.261261261261261097e+02	5.468765538415468024e-03
3.271271271271271530e+02	-2.132609528119666208e-03
3.281281281281281395e+02	-2.287323189703926573e-03
3.291291291291291827e+02	7.046407059799158872e-03
3.301301301301301692e+02	-1.060140038925516453e-03
3.311311311311311556e+02	1.436279405948510208e-03
3.321321321321321420e+02	-3.742284813027212196e-03
3.331331331331331285e+02	-9.200678747072863969e-03
3.341341341341341149e+02	4.512933350750537344e-03
3.351351351351351582e+02	1.001527121391315505e-03
3.361361361361361446e+02	2.550385502216479406e-03
3.371371371371371879e+02	3.523585208395409087e-03
3.381381381381381743e+02	-2.058908152803462076e-03
3.391391391391391608e+02	1.935298440880888664e-03
3.401401401401401472e+02	-1.021992597097093119e-03
3.411411411411411336e+02	1.759936514332872222e-03
3.421421421421421201e+02	5.368462421756012119e-03
3.431431431431431633e+02	6.130227867557849590e-03
3.441441441441441498e+02	8.383499367548620865e-03
3.451451451451451931e+02	4.031034168671678258e-04
3.461461461461461795e+02	5.003352197151895477e-03
3.471471471471471659e+02	8.773622248499981027e-03
3.481481481481481524e+02	-2.566264675821050122e-03
3.491491491491491388e+02	-5.690116069600456745e-03
3.501501501501501252e+02	-3.854532854032032083e-03
3.511511511511511685e+02	-2.761489866271808844e-03
3.521521521521521549e+02	-1.835449334982335772e-03
3.531531531531531982e+02	-8.767739453355153853e-03
3.541541541541541847e+02	2.912705867843283589e-03
3.551551551551551711e+02	4.453890146915496541e-03
3.561561561561561575e+02	6.267162728206490500e-03
3.571571571571571440e+02	8.970247215912706754e-03
3.581581581581581304e+02	1.290256441037529239e-03
3.591591591591591737e+02	2.097758764959072996e-03
3.601601601601601601e+02	3.158675657160382646e-03
3.611611611611612034e+02	1.286657527862892191e-02
3.621621621621621898e+02	8.209678342948752497e-03
3.631631631631631763e+02	4.999980916128189158e-03
3.641641641641641627e+02	3.400724510774445677e-03
3.651651651651651491e+02	-6.550197968799850246e-04
3.661661661661661924e+02	-5.125691415317128706e-03
3.671671671671671788e+02	-1.726772613835496925e-04
3.681681681681682221e+02	-5.021537701890190462e-03
3.691691691691692085e+02	9.609276918497030098e-03
3.701701701701701950e+02	5.958811039147305895e-04
3.711711711711711814e+02	3.582961373469044277e-03
3.721721721721721678e+02	5.730239005318107752e-03
3.731731731731731543e+02	-3.968695446211117049e-03
3.741741741741741976e+02	1.442815648784957034e-03
3.751751751751751840e+02	-5.123696723085129382e-04
3.761761761761762273e+02	-1.090756214038673738e-03
3.771771771771772137e+02	3.220014763481009092e-03
3.781781781781782001e+02	-1.630598603583347612e-03
3.791791791791791866e+02	9.155898124119670259e-03
3.801801801801801730e+02	-1.103549383854136000e-02
3.811811811811811594e+02	-2.324617170719231896e-03
3.821821821821822027e+02	5.794141878469496847e-03
3.831831831831831892e+02	9.188573390502554131e-03
3.841841841841842324e+02	5.769808486404878582e-03
3.851851851851852189e+02	-2.089265342580886708e-03
3.861861861861862053e+02	1.399031817660248943e-02
3.871871871871871917e+02	9.560688687118583731e-03
3.881881881881881782e+02	3.307745584516243414e-04
3.891891891891891646e+02	3.696285551447563069e-03
3.901901901901902079e+02	3.922580651546437626e-03
3.911911911911911943e+02	2.830181957579321148e-03
3.921921921921922376e+02	3.901438836224623095e-03
3.931931931931932240e+02	9.912934528597096631e-03
3.941941941941942105e+02	7.511192977034414180e-03
3.951951951951951969e+02	-4.820988461203905805e-03
3.961961961961961833e+02	7.659922613842326360e-03
3.971971971971972266e+02	6.095546725871622655e-03
3.981981981981982130e+02	3.103712731840181562e-03
3.991991991991992563e+02	7.111469493948228060e-04
4.002002002002002428e+02	6.145911324036956551e-03
4.012012012012012292e+02	2.594113388541125485e-04
4.022022022022022156e+02	1.134278003357247272e-03
4.032032032032032021e+02	1.301886239640181152e-02
4.042042042042041885e+02	4.841620325243252941e-03
4.052052052052052318e+02	8.543414407976386224e-03
4.062062062062062182e+02	3.976236559293520639e-04
4.072072072072072615e+02	4.768604740972707851e-04
4.082082082082082479e+02	7.024218221475542374e-03
4.092092092092092344e+02	3.028373224266771389e-03
4.102102102102102208e+02	-2.458848682726971335e-03
4.112112112112112072e+02	1.919405283763094732e-03
4.122122122122121937e+02	-2.457854219132735597e-03
4.132132132132132369e+02	-3.865509577329366651e-03
4.142142142142142234e+02	-3.850382840609663324e-03
4.152152152152152667e+02	-1.038985761977828486e-02
4.162162162162162531e+02	-1.043076258580124573e-02
4.172172172172172395e+02	-5.733184981442787827e-03
4.182182182182182260e+02	1.087985812247171729e-03
4.192192192192192124e+02	8.021941968846204099e-03
4.202202202202201988e+02	-2.961030501661408940e-03
4.212212212212212421e+02	1.606250217464245218e-03
4.222222222222222285e+02	7.417778271670009060e-04
4.232232232232232718e+02	3.651371109309879443e-04
4.242242242242242583e+02	2.167497413196607084e-04
4.252252252252252447e+02	2.425282707714624276e-03
4.262262262262262311e+02	-2.869777795024562681e-03
4.272272272272272176e+02	6.636007771521523942e-03
4.282282282282282608e+02	1.168065079268020522e-02
4.292292292292292473e+02	8.920919395264332794e-03
4.302302302302302905e+02	5.265317151974675510e-04
4.312312312312312770e+02	-2.573371870259660420e-03
4.322322322322322634e+02	3.256187221823302145e-03
4.332332332332332498e+02	-1.477568298884623661e-04
4.342342342342342363e+02	7.080930375633290134e-03
4.352352352352352227e+02	6.041257352945697372e-03
4.362362362362362660e+02	4.934798241562080891e-03
4.372372372372372524e+02	4.826314580601536418e-03
4.382382382382382957e+02	-1.033652946146615620e-03
4.392392392392392821e+02	3.786987125441869145e-04
4.402402402402402686e+02	4.043525410259902510e-03
4.412412412412412550e+02	2.042389004726224543e-03
4.422422422422422414e+02	-1.003169051476939140e-02
4.432432432432432279e+02	1.339645401672334051e-03
4.442442442442442712e+02	-1.630937770537049152e-03
4.452452452452452576e+02	3.590911838574879691e-03
4.462462462462463009e+02	-2.050961204744003886e-03
4.472472472472472873e+02	-5.193537539488452849e-03
4.482482482482482737e+02	7.658278131119802649e-03
4.492492492492492602e+02	4.985132244913857182e-03
4.502502502502502466e+02	-1.231460803145137178e-03
4.512512512512512330e+02	8.907639957926065041e-03
4.522522522522522763e+02	1.800470438086398299e-03
4.532532532532532628e+02	2.661437294526559829e-03
4.542542542542543060e+02	6.350391672355905045e-04
4.552552552552552925e+02	1.243943372843253354e-04
4.562562562562562789e+02	-1.846196666848682428e-03
4.572572572572572653e+02	-2.249019337928592332e-03
4.582582582582583086e+02	3.209377601524621691e-04
4.592592592592592950e+02	-3.483641491614773624e-03
4.602602602602602815e+02	2.256913290680729201e-03
4.612612612612612679e+02	1.643658890715757976e-03
4.622622622622623112e+02	1.243193585455085702e-02
4.632632632632632976e+02	1.907905416953570949e-03
4.642642642642642841e+02	1.775654676179307849e-03
4.652652652652652705e+02	5.625700296015998143e-03
4.662662662662663138e+02	-2.690720465207809085e-03
4.672672672672673002e+02	1.275268536058804742e-03
4.682682682682682866e+02	1.781555000787346868e-02
4.692692692692692731e+02	4.897594390835592094e-03
4.702702702702703164e+02	8.242867110868771705e-03
4.712712712712713028e+02	2.979921328464806853e-04
4.722722722722722892e+02	1.305104037688659775e-03
4.732732732732732757e+02	-6.614225111270005848e-03
4.742742742742743189e+02	-2.769629211661071930e-03
4.752752752752753054e+02	-3.375247410409924851e-03
4.762762762762762918e+02	-4.358050599335042997e-03
4.772772772772772782e+02	7.923348125881036694e-03
4.782782782782783215e+02	6.369683302920567218e-03
4.792792792792793080e+02	8.967168546850087319e-04
4.802802802802802944e+02	-3.128077412594783367e-03
4.812812812812812808e+02	-5.211460357551325577e-03
4.822822822822823241e+02	4.313523329821474482e-03
4.832832832832833105e+02	-5.906759022461393997e-03
4.842842842842842970e+02	3.350652331535404569e-03
4.852852852852852834e+02	2.162919507874131331e-03
4.862862862862863267e+02	2.950797423844268939e-03
4.872872872872873131e+02	8.481483238850893655e-03
4.882882882882882996e+02	-3.905404833323964969e-04
4.892892892892893428e+02	-1.740020187715769035e-03
4.902902902902903293e+02	4.807226296893034084e-04
4.912912912912913157e+02	1.107677371785381208e-04
4.922922922922923021e+02	4.010969701847001169e-03
4.932932932932933454e+02	-1.926634601260996489e-03
4.942942942942943318e+02	-1.019335890430989261e-03
4.952952952952953183e+02	-4.693266122406531717e-03
4.962962962962963047e+02	8.553075051948145699e-03
4.972972972972973480e+02	5.371260208203773763e-03
4.982982982982983344e+02	1.980955271920769711e-03
4.992992992992993209e+02	-4.405881521510974543e-03
5.003003003003003073e+02	5.035242414506673446e-03
5.013013013013013506e+02	5.273316459620922166e-03
5.023023023023023370e+02	3.807672585915632211e-03
5.033033033033033234e+02	3.686729873962750394e-03
5.043043043043043099e+02	-2.279147078952630922e-03
5.053053053053053532e+02	1.761375269865555386e-03
5.063063063063063396e+02	4.957931221834800369e-04
5.073073073073073260e+02	3.166968905217142170e-03
5.083083083083083125e+02	3.082022504375268781e-03
5.093093093093093557e+02	-1.730005170745978942e-03
5.103103103103103422e+02	-2.300310058765687429e-04
5.113113113113113286e+02	3.020293330163513566e-03
5.123123123123123150e+02	7.704027881881434425e-04
5.133133133133133015e+02	4.040189048392455427e-03
5.143143143143142879e+02	6.176626839175333554e-03
5.153153153153152743e+02	-4.525362114296855622e-03
5.163163163163162608e+02	6.236676482912370707e-03
5.173173173173173609e+02	-1.829943018659019966e-03
5.183183183183183473e+02	4.035534507368459221e-03
5.193193193193193338e+02	1.117794148734340721e-02
5.203203203203203202e+02	7.514006126784375690e-03
5.213213213213214203e+02	6.871546283036823711e-05
5.223223223223224068e+02	4.362085201144254819e-03
5.233233233233233932e+02	3.898469437448397277e-03
5.243243243243243796e+02	7.869848782410536134e-03
5.253253253253253661e+02	8.279745734997427317e-03
5.263263263263263525e+02	1.604890005057104567e-03
5.273273273273273389e+02	1.048066482675224544e-02
5.283283283283283254e+02	1.011405753918105492e-02
5.293293293293293118e+02	1.442359772934164765e-02
5.303303303303302982e+02	5.604612530744343575e-03
5.313313313313312847e+02	8.113308782215581869e-03
5.323323323323323848e+02	3.603031666799787289e-03
5.333333333333333712e+02	9.809921614051862401e-03
5.343343343343343577e+02	8.369702913109429779e-03
5.353353353353353441e+02	1.094320027113071742e-03
5.363363363363364442e+02	-7.048258685381861462e-03
5.373373373373374307e+02	2.462981671766839142e-03
5.383383383383384171e+02	-4.743297156375004577e-03
5.393393393393394035e+02	-3.697308121883709458e-04
5.403403403403403900e+02	2.157162907260228978e-03
5.413413413413413764e+02	3.411383427738349985e-03
5.423423423423423628e+02	8.744046244415938987e-03
5.433433433433433493e+02	-3.513276740253119725e-03
5.443443443443443357e+02	1.236831266282315857e-02
5.453453453453453221e+02	8.399289688349796321e-03
5.463463463463463086e+02	9.876754388138299021e-03
5.473473473473472950e+02	8.838125542939308590e-03
5.483483483483483951e+02	8.627627586857188405e-03
5.493493493493493816e+02	1.220356215631868656e-02
5.503503503503503680e+02	1.265175572783549867e-03
5.513513513513513544e+02	8.708756551151634537e-03
5.523523523523524545e+02	1.478969044900178310e-02
5.533533533533534410e+02	5.942505698726519188e-03
5.543543543543544274e+02	5.529638164718739431e-03
5.553553553553554138e+02	1.930855299757921377e-03
5.563563563563564003e+02	4.604739798524242443e-03
5.573573573573573867e+02	-2.407430916392214616e-03
5.583583583583583732e+02	-1.354617980368816961e-03
5.593593593593593596e+02	6.146044114275775287e-03
5.603603603603603460e+02	-4.093641499336692947e-03
5.613613613613613325e+02	5.193010080757592094e-03
5.623623623623623189e+02	1.394891194454974575e-03
5.633633633633634190e+02	9.324537229033395477e-03
5.643643643643644054e+02	-3.905222879002910358e-04
5.653653653653653919e+02	1.381487726693846931e-02
5.663663663663663783e+02	4.393296232918507925e-03
5.673673673673674784e+02	-3.614582394968675252e-03
5.683683683683684649e+02	1.188681417144732194e-03
5.693693693693694513e+02	1.500193902082665696e-02
5.703703703703704377e+02	3.291788074864009008e-03
5.713713713713714242e+02	5.511851688410268797e-03
5.723723723723724106e+02	8.668869319190019088e-03
5.733733733733733970e+02	8.479188762241239227e-03
5.743743743743743835e+02	5.835209943142893700e-03
5.753753753753753699e+02	3.203994042245057652e-03
5.763763763763763563e+02	-1.136028111261122792e-03
5.773773773773773428e+02	7.613990248403892458e-04
5.783783783783783292e+02	3.963672966969950841e-03
5.793793793793794293e+02	4.917364207811831568e-03
5.803803803803804158e+02	8.849862663578079644e-03
5.813813813813814022e+02	3.963336474351221959e-03
5.823823823823823886e+02	3.348680969541355332e-03
5.833833833833834888e+02	1.222548485913243837e-03
5.843843843843844752e+02	3.160226101511480565e-03
5.853853853853854616e+02	-2.271147005411200837e-03
5.863863863863864481e+02	1.020306502684767240e-02
5.873873873873874345e+02	4.248623512952715876e-03
5.883883883883884209e+02	6.546494669980415688e-03
5.893893893893894074e+02	6.609599757557638004e-03
5.903903903903903938e+02	2.323325564629191275e-03
5.913913913913913802e+02	-5.571469138757475896e-03
5.923923923923923667e+02	9.429953707063036192e-03
5.933933933933933531e+02	-1.995817795527793804e-03
5.943943943943944532e+02	-1.030379019729089733e-02
5.953953953953954397e+02	-4.147258846177058998e-03
5.963963963963964261e+02	-1.916496813047078402e-03
5.973973973973974125e+02	3.442288536752156989e-03
5.983983983983985127e+02	-1.574838100309671656e-03
5.993993993993994991e+02	-5.784556368718384326e-04
6.004004004004004855e+02	-4.640161077219416043e-03
6.014014014014014720e+02	3.803497483329627924e-03
6.024024024024024584e+02	-3.775755545018523365e-03
6.034034034034034448e+02	4.364128213017597589e-03
6.044044044044044313e+02	5.895616839344777933e-03
6.054054054054054177e+02	3.871350032057631254e-03
6.064064064064064041e+02	7.932021011929470469e-03
6.074074074074073906e+02	-1.054903311740296385e-03
6.084084084084083770e+02	3.883009803157476490e-03
6.094094094094093634e+02	2.692916165832599882e-03
6.104104104104104636e+02	-1.321422434622131952e-03
6.114114114114114500e+02	7.793347606105738463e-03
6.124124124124124364e+02	-1.815885498276812544e-03
6.134134134134134229e+02	4.443004392986281935e-03
6.144144144144145230e+02	-2.088447149353619536e-03
6.154154154154155094e+02	3.196167392743169775e-03
6.164164164164164958e+02	2.360642918640437193e-03
6.174174174174174823e+02	-1.064230808243055377e-03
6.184184184184184687e+02	-5.522937621748742450e-04
6.194194194194194552e+02	9.514888546542766765e-03
6.204204204204204416e+02	-9.084167143581931480e-04
6.214214214214214280e+02	3.459790499318492283e-03
6.224224224224224145e+02	-1.159213851768273401e-03
6.234234234234234009e+02	5.098652837829952510e-03
6.244244244244243873e+02	6.592204443078658778e-03
6.254254254254254874e+02	-4.021637369165944015e-04
6.264264264264264739e+02	7.097522780719661868e-03
6.274274274274274603e+02	1.087991712321325667e-02
6.284284284284284468e+02	4.238998255545397241e-03
6.294294294294295469e+02	1.039207975769104557e-02
6.304304304304305333e+02	4.619943688457694118e-03
6.314314314314315197e+02	1.022728871310442204e-02
6.324324324324325062e+02	1.747708729899460261e-03
6.334334334334334926e+02	1.055801668096073044e-02
6.344344344344344790e+02	8.828493794550874504e-03
6.354354354354354655e+02	9.379354018171625132e-03
6.364364364364364519e+02	5.159910009187861383e-04
6.374374374374374383e+02	-1.039648912241980744e-03
6.384384384384384248e+02	3.129441060453526467e-03
6.394394394394394112e+02	5.750255335035603550e-03
6.404404404404403977e+02	5.448422103476030336e-03
6.414414414414414978e+02	-4.468717749913366194e-04
6.424424424424424842e+02	5.151695562453233700e-03
6.434434434434434706e+02	5.200387643659000990e-03
6.444444444444444571e+02	5.478694534154335445e-03
6.454454454454455572e+02	4.630602683750261427e-03
6.464464464464465436e+02	6.130556694703662331e-03
6.474474474474475301e+02	1.144111592231996342e-02
6.484484484484485165e+02	1.298668749769001964e-02
6.494494494494495029e+02	-2.628674359630934956e-03
6.504504504504504894e+02	6.796261518224708427e-03
6.514514514514514758e+02	-2.703224010780837325e-03
6.524524524524524622e+02	8.693320472887009973e-03
6.534534534534534487e+02	3.952168021994314183e-03
6.544544544544544351e+02	9.858577335708220649e-04
6.554554554554554215e+02	-2.028455108039895361e-03
6.564564564564565217e+02	2.332726280014185260e-03
6.574574574574575081e+02	4.538634934723729565e-03
6.584584584584584945e+02	1.317495644321927707e-02
6.594594594594594810e+02	-1.885793939751385191e-03
6.604604604604605811e+02	-2.294664205658824684e-03
6.614614614614615675e+02	9.622920541011244569e-03
6.624624624624625540e+02	1.110643675203832649e-02
6.634634634634635404e+02	1.026316304043493714e-02
6.644644644644645268e+02	2.400179754751235583e-03
6.654654654654655133e+02	8.888051904232042652e-03
6.664664664664664997e+02	4.605161732130851580e-03
6.674674674674674861e+02	1.130611871343472664e-02
6.684684684684684726e+02	-2.341669772773072745e-03
6.694694694694694590e+02	-8.299630314308605950e-04
6.704704704704704454e+02	-2.788814726076198434e-03
6.714714714714714319e+02	-5.734999832825853376e-04
6.724724724724725320e+02	6.771769734251390123e-03
6.734734734734735184e+02	-1.593017470380820406e-03
6.744744744744745049e+02	4.819311578577497278e-03
6.754754754754754913e+02	5.349738902332615460e-03
6.764764764764765914e+02	1.025003415549507850e-02
6.774774774774775778e+02	4.969400070824108416e-03
6.784784784784785643e+02	5.889234410575161678e-03
6.794794794794795507e+02	5.470012819439343428e-03
6.804804804804805372e+02	5.161876065994871164e-03
6.814814814814815236e+02	7.253296597801381536e-03
6.824824824824825100e+02	2.680955458079030494e-03
6.834834834834834965e+02	-2.688365116197162421e-03
6.844844844844844829e+02	6.940086896533190393e-03
6.854854854854854693e+02	4.373246774540650271e-03
6.864864864864864558e+02	2.007818071818489713e-03
6.874874874874875559e+02	1.004632821106580913e-02
6.884884884884885423e+02	6.780912323099086599e-03
6.894894894894895288e+02	1.033438158512811796e-02
6.904904904904905152e+02	3.467727898409518855e-04
6.914914914914916153e+02	-7.133383632806774947e-03
6.924924924924926017e+02	1.185312207532878727e-02
6.934934934934935882e+02	3.869337135901275513e-03
6.944944944944945746e+02	8.599395527431384287e-03
6.954954954954955610e+02	4.352407549024466492e-03
6.964964964964965475e+02	-1.145416479101851953e-03
6.974974974974975339e+02	1.996024867165657312e-03
6.984984984984985203e+02	-4.492328046172137696e-04
6.994994994994995068e+02	9.149282985626337392e-03
7.005005005005004932e+02	4.565857578166409268e-03
7.015015015015014797e+02	3.567806919973685962e-03
7.025025025025024661e+02	9.744484109117932877e-03
7.035035035035035662e+02	3.677337646679614078e-03
7.045045045045045526e+02	5.253137655276044100e-03
7.055055055055055391e+02	7.559717771764504386e-03
7.065065065065065255e+02	4.701779357907969435e-03
7.075075075075076256e+02	4.846136212887789990e-04
7.085085085085086121e+02	7.495551038548983920e-03
7.095095095095095985e+02	9.161651710086536268e-03
7.105105105105105849e+02	1.286714824035664097e-02
7.115115115115115714e+02	4.822330004585289286e-03
7.125125125125125578e+02	4.702884550905435911e-03
7.135135135135135442e+02	3.447040401691899101e-03
7.145145145145145307e+02	1.038295757037954519e-03
7.155155155155155171e+02	2.935699399941786667e-03
7.165165165165166172e+02	8.900817713716700427e-03
7.175175175175176037e+02	4.658153145048553843e-03
7.185185185185185901e+02	1.719238649355719559e-02
7.195195195195195765e+02	4.808514554106204340e-03
7.205205205205205630e+02	1.074756770362358428e-02
7.215215215215215494e+02	1.467907932457559496e-02
7.225225225225225358e+02	9.688425823614883400e-03
7.235235235235235223e+02	7.798426293274371597e-03
7.245245245245246224e+02	2.284781683605102264e-03
7.255255255255256088e+02	4.663289656027871065e-03
7.265265265265265953e+02	3.498044314618446813e-03
7.275275275275275817e+02	1.063585358413132211e-02
7.285285285285285681e+02	4.806551741078856320e-03
7.295295295295295546e+02	-8.015057459040781859e-03
7.305305305305305410e+02	4.200611112103110577e-03
7.315315315315315274e+02	9.130776532623170836e-05
7.325325325325326276e+02	2.113591667474240109e-03
7.335335335335336140e+02	9.829497262735046800e-03
7.345345345345346004e+02	1.240634749986754305e-02
7.355355355355355869e+02	1.795969347600372709e-04
7.365365365365365733e+02	1.122031336986861229e-02
7.375375375375375597e+02	5.540446979833049852e-03
7.385385385385385462e+02	-5.428272478551350285e-04
7.395395395395395326e+02	1.119174248767333159e-02
7.405405405405406327e+02	3.427178230553203173e-03
7.415415415415416192e+02	3.101560202701385358e-03
7.425425425425426056e+02	5.462942428075640185e-03
7.435435435435435920e+02	-1.035003774325457754e-03
7.445445445445445785e+02	7.200797547375345021e-04
7.455455455455455649e+02	4.771696950858854945e-03
7.465465465465465513e+02	1.301795836708503386e-02
7.475475475475476514e+02	9.578957681374082947e-03
7.485485485485486379e+02	1.261874975911976039e-02
7.495495495495496243e+02	9.693064955304321259e-03
7.505505505505506108e+02	4.579931648230338957e-03
7.515515515515515972e+02	7.909453401581610296e-03
7.525525525525525836e+02	7.563334016945619069e-03
7.535535535535535701e+02	3.937197838561336499e-04
7.545545545545545565e+02	1.037286292385736393e-02
7.555555555555556566e+02	4.276516498897584874e-03
7.565565565565566430e+02	-1.785372254100802596e-03
7.575575575575576295e+02	2.463687075521788904e-03
7.585585585585586159e+02	9.258715414502518073e-03
7.595595595595596023e+02	1.990737841504441451e-03
7.605605605605605888e+02	9.907646035895613726e-03
7.615615615615615752e+02	7.430846616258754596e-03
7.625625625625625617e+02	8.939533646662724611e-03
7.635635635635636618e+02	1.575141278561052001e-03
7.645645645645646482e+02	-5.215866027865031888e-03
7.655655655655656346e+02	-4.356800251571591766e-03
7.665665665665666211e+02	5.385359206740891920e-03
7.675675675675676075e+02	4.266109028256108958e-03
7.685685685685685939e+02	1.210181899415611363e-02
7.695695695695695804e+02	1.939334543302555962e-03
7.705705705705705668e+02	8.736725874532376077e-03
7.715715715715716669e+02	1.207599513963894013e-02
7.725725725725726534e+02	1.061633716711508392e-02
7.735735735735736398e+02	5.772084457169199441e-03
7.745745745745746262e+02	7.039199464824310659e-04
7.755755755755756127e+02	-2.408114943563980249e-03
7.765765765765765991e+02	3.313640524736925861e-03
7.775775775775775855e+02	6.777483695828079129e-03
7.785785785785786857e+02	4.940821085048132354e-03
7.795795795795796721e+02	6.501179212993033092e-03
7.805805805805806585e+02	7.917177797679612536e-03
7.815815815815816450e+02	-7.533969529762571870e-04
7.825825825825826314e+02	8.440567658311677254e-03
7.835835835835836178e+02	6.307141932083826404e-03
7.845845845845846043e+02	-3.866773768115409817e-03
7.855855855855855907e+02	-1.270782195946202004e-03
7.865865865865866908e+02	-6.064636438430501091e-03
7.875875875875876773e+02	3.714392534694675643e-03
7.885885885885886637e+02	8.646622167557401026e-05
7.895895895895896501e+02	6.415869877177249499e-03
7.905905905905906366e+02	3.897768902139066381e-03
7.915915915915916230e+02	7.078315864303105602e-03
7.925925925925926094e+02	1.388869861487190306e-02
7.935935935935935959e+02	9.693772384341143786e-03
7.945945945945946960e+02	7.800020233556306630e-03
7.955955955955956824e+02	2.913149874620617110e-03
7.965965965965966689e+02	5.514479803055224831e-03
7.975975975975976553e+02	1.305445802989383362e-02
7.985985985985986417e+02	6.224928345733096897e-03
7.995995995995996282e+02	3.691032553202243469e-03
8.006006006006006146e+02	1.689207696295074628e-03
8.016016016016016010e+02	8.945894870916872932e-04
8.026026026026027012e+02	7.657379705060249515e-03
8.036036036036036876e+02	1.122665990171781668e-02
8.046046046046046740e+02	1.004397518232644053e-02
8.056056056056056605e+02	5.371274935347533468e-03
8.066066066066066469e+02	-8.830067631294834588e-03
8.076076076076076333e+02	1.788981032804919840e-03
8.086086086086086198e+02	-7.848815712105746203e-03
8.096096096096097199e+02	-1.333457049923420477e-02
8.106106106106107063e+02	8.463492327173595051e-03
8.116116116116116928e+02	-1.425574654840793508e-02
8.126126126126126792e+02	-5.055401205954477596e-03
8.136136136136136656e+02	-8.305051239889683565e-03
8.146146146146146521e+02	-1.872579376047302973e-03
8.156156156156156385e+02	1.819511051612126467e-03
8.166166166166166249e+02	5.315909647034991296e-03
8.176176176176177250e+02	6.649368770131450050e-03
8.186186186186187115e+02	1.632000556942152811e-04
8.196196196196196979e+02	1.147741280500657940e-03
8.206206206206206843e+02	-1.610746194385558787e-03
8.216216216216216708e+02	6.688235611683540464e-03
8.226226226226226572e+02	8.543057127173165829e-03
8.236236236236236437e+02	9.640842069615617252e-03
8.246246246246246301e+02	9.731502690601091451e-03
8.256256256256257302e+02	1.504906509292677254e-02
8.266266266266267166e+02	1.589939209223812863e-02
8.276276276276277031e+02	6.191077072838033039e-03
8.286286286286286895e+02	1.342886757181376532e-02
8.296296296296296759e+02	7.656056425266036421e-03
8.306306306306306624e+02	2.095051980999782393e-03
8.316316316316316488e+02	6.075710708893234920e-04
8.326326326326326353e+02	4.949293132134519914e-03
8.336336336336337354e+02	-3.087535710315973767e-03
8.346346346346347218e+02	1.594221777152376356e-03
8.356356356356357082e+02	9.430282274711701204e-03
8.366366366366366947e+02	2.307673230678139020e-03
8.376376376376376811e+02	7.903877703382784434e-03
8.386386386386386675e+02	2.729571787735708775e-03
8.396396396396396540e+02	8.764671732232328727e-04
8.406406406406406404e+02	6.441492725153969041e-03
8.416416416416417405e+02	9.789839610644860898e-03
8.426426426426427270e+02	4.843892304475004053e-03
8.436436436436437134e+02	4.206575806769833931e-04
8.446446446446446998e+02	-6.340983771245118890e-04
8.456456456456456863e+02	3.502834410609347113e-03
8.466466466466466727e+02	9.739852545029499195e-03
8.476476476476476591e+02	1.442026750405094905e-02
8.486486486486487593e+02	7.795767832227335110e-03
8.496496496496497457e+02	1.074968448574354675e-02
8.506506506506507321e+02	8.416582065721904191e-03
8.516516516516517186e+02	1.075138259903020942e-02
8.526526526526527050e+02	1.844241570516754955e-02
8.536536536536536914e+02	1.465935248719698290e-02
8.546546546546546779e+02	9.859332793195797404e-03
8.556556556556556643e+02	9.463529690924980461e-03
8.566566566566567644e+02	-4.949012590847303404e-03
8.576576576576577509e+02	3.446285196471000813e-03
8.586586586586587373e+02	-2.059935706069659488e-03
8.596596596596597237e+02	-5.634822017595142625e-03
8.606606606606607102e+02	-2.706095916386054654e-03
8.616616616616616966e+02	-1.596277651358806631e-03
8.626626626626626830e+02	5.631842738859219218e-03
8.636636636636636695e+02	-6.428094779488216677e-03
8.646646646646647696e+02	3.781343194947926669e-03
8.656656656656657560e+02	-6.037722074133303370e-03
8.666666666666667425e+02	-5.241420022587536982e-03
8.676676676676677289e+02	-9.407843723289592217e-03
8.686686686686687153e+02	-4.670633560355407464e-03
8.696696696696697018e+02	-7.674912148737858715e-03
8.706706706706706882e+02	-9.286098229398794890e-04
8.716716716716716746e+02	2.180002010310446835e-03
8.726726726726727748e+02	1.199066589014363910e-03
8.736736736736737612e+02	-1.360693167428068213e-03
8.746746746746747476e+02	-9.477438051425582030e-03
8.756756756756757341e+02	-3.488458043673355134e-03
8.766766766766767205e+02	-8.553889246783392616e-03
8.776776776776777069e+02	2.747363600175230323e-03
8.786786786786786934e+02	-5.720147758671687184e-03
8.796796796796797935e+02	-9.155499522045305524e-03
8.806806806806807799e+02	-9.624168163722716593e-03
8.816816816816817663e+02	-7.373285371233021142e-03
8.826826826826827528e+02	-9.356267201306013234e-03
8.836836836836837392e+02	-9.321961121678877180e-03
8.846846846846847257e+02	-9.611744959495263163e-04
8.856856856856857121e+02	-8.611649245310600909e-04
8.866866866866866985e+02	6.544824427868914211e-03
8.876876876876877986e+02	2.687949330738072153e-03
8.886886886886887851e+02	-3.360813625939736062e-03
8.896896896896897715e+02	1.061864906531328513e-02
8.906906906906907579e+02	4.136189636940208227e-03
8.916916916916917444e+02	1.920485231512724560e-03
8.926926926926927308e+02	1.962485030499588076e-04
8.936936936936937173e+02	1.029128433438884598e-02
8.946946946946947037e+02	1.318139274002329796e-02
8.956956956956958038e+02	2.337123765200025283e-03
8.966966966966967902e+02	6.404202425644389858e-03
8.976976976976977767e+02	4.771660852035715904e-03
8.986986986986987631e+02	1.251974947401323680e-02
8.996996996996997495e+02	5.479646811858976223e-03
9.007007007007007360e+02	1.045379891040650565e-02
9.017017017017017224e+02	1.097987852208843519e-02
9.027027027027027088e+02	-2.294900596661736836e-03
9.037037037037038090e+02	1.445207153945062646e-03
9.047047047047047954e+02	4.518265840060501672e-03
9.057057057057057818e+02	1.376697947414544897e-02
9.067067067067067683e+02	7.462417331568218896e-03
9.077077077077077547e+02	7.294920182106060143e-03
9.087087087087087411e+02	6.306244453188838799e-03
9.097097097097097276e+02	3.927872973581021904e-04
9.107107107107108277e+02	2.111225436116913898e-04
9.117117117117118141e+02	5.006303333663807663e-03
9.127127127127128006e+02	7.118244537195591963e-03
9.137137137137137870e+02	-5.986970713132169948e-03
9.147147147147147734e+02	6.077924697237393863e-03
9.157157157157157599e+02	-8.213093691447679798e-03
9.167167167167167463e+02	7.867187239320923633e-03
9.177177177177177327e+02	4.937884411632399414e-04
9.187187187187188329e+02	-5.539011928595293259e-04
9.197197197197198193e+02	-2.177735683983466741e-03
9.207207207207208057e+02	-6.546989346191478716e-03
9.217217217217217922e+02	1.844301338678481323e-03
9.227227227227227786e+02	-6.426828037883994434e-03
9.237237237237237650e+02	-3.276603003973698001e-03
9.247247247247247515e+02	-3.090883119240923991e-03
9.257257257257257379e+02	2.838719728792253507e-03
9.267267267267268380e+02	9.281612434743898932e-04
9.277277277277278245e+02	-1.039440179571887940e-03
9.287287287287288109e+02	-4.090004833028516341e-03
9.297297297297297973e+02	1.031937626417344994e-03
9.307307307307307838e+02	-2.768270671223092925e-03
9.317317317317317702e+02	-2.875365923519403264e-03
9.327327327327327566e+02	9.607319079095597491e-04
9.337337337337337431e+02	-7.943173234169906760e-04
9.347347347347348432e+02	5.343474745035798864e-04
9.357357357357358296e+02	-7.732935202277303711e-05
9.367367367367368161e+02	7.812175395112569594e-03
9.377377377377378025e+02	-3.228879287219820014e-03
9.387387387387387889e+02	3.828596122938286803e-03
9.397397397397397754e+02	8.596329066798439819e-03
9.407407407407407618e+02	5.850550689081578408e-04
9.417417417417418619e+02	-4.065992740295566970e-04
9.427427427427428483e+02	7.029938074127284504e-03
9.437437437437438348e+02	3.169648787335886762e-03
9.447447447447448212e+02	2.109162506273145731e-03
9.457457457457458077e+02	2.106187880969625625e-03
9.467467467467467941e+02	4.045246910924753768e-03
9.477477477477477805e+02	7.930347898153123840e-03
9.487487487487487670e+02	8.278560038730422644e-04
9.497497497497498671e+02	7.086087605719553102e-03
9.507507507507508535e+02	5.353490815090626749e-03
9.517517517517518399e+02	-3.848949830444066324e-03
9.527527527527528264e+02	2.036339074097767276e-03
9.537537537537538128e+02	5.773874523168769394e-04
9.547547547547547993e+02	6.089987900566221253e-03
9.557557557557557857e+02	-5.814500699790533904e-03
9.567567567567567721e+02	-1.723368798122321946e-04
9.577577577577578722e+02	-1.505747675046562690e-03
9.587587587587588587e+02	1.122548600064110285e-03
9.597597597597598451e+02	-4.828834876196590707e-03
9.607607607607608315e+02	1.440450232515474343e-03
9.617617617617618180e+02	-3.137224223246166867e-03
9.627627627627628044e+02	-1.075307354847038427e-03
9.637637637637637908e+02	2.811127223881533608e-03
9.647647647647647773e+02	-8.452840655120126209e-03
9.657657657657658774e+02	-5.579887999453500384e-03
9.667667667667668638e+02	3.848815408760113219e-03
9.677677677677678503e+02	9.741771697973352706e-04
9.687687687687688367e+02	1.139448233401343068e-02
9.697697697697698231e+02	6.829873404083111783e-03
9.707707707707708096e+02	7.598944921374803547e-03
9.717717717717717960e+02	1.603719425282701123e-04
9.727727727727728961e+02	2.494512392632805987e-03
9.737737737737738826e+02	1.418714017802318907e-02
9.747747747747748690e+02	1.148870581623979460e-02
9.757757757757758554e+02	4.865599320322946085e-03
9.767767767767768419e+02	4.439958279506702431e-03
9.777777777777778283e+02	6.190021200796935914e-03
9.787787787787788147e+02	1.188022350268004047e-02
9.797797797797798012e+02	1.191212803631822893e-02
9.807807807807809013e+02	7.810828487122796655e-03
9.817817817817818877e+02	5.882887413955342933e-03
9.827827827827828742e+02	1.680787641267527570e-03
9.837837837837838606e+02	-1.811558399305691165e-03
9.847847847847848470e+02	-3.155654809713999333e-03
9.857857857857858335e+02	1.239059996186654472e-03
9.867867867867868199e+02	1.678537305526444550e-03
9.877877877877878063e+02	5.428989344935766966e-03
9.887887887887889065e+02	4.943540888281043079e-03
9.897897897897898929e+02	5.021423781841462784e-03
9.907907907907908793e+02	2.733944532689615379e-03
9.917917917917918658e+02	-2.000474092778870439e-03
9.927927927927928522e+02	1.712430662210217462e-03
9.937937937937938386e+02	-1.313301338582630691e-03
9.947947947947948251e+02	5.199706162921840201e-03
9.957957957957958115e+02	7.027273586060829753e-03
9.967967967967969116e+02	-2.093828890078856374e-03
9.977977977977978981e+02	6.171256397858202077e-03
9.987987987987988845e+02	-1.317353120810910811e-03
9.997997997997998709e+02	-5.009393059568796082e-03
1.000800800800800857e+03	1.102495719054540947e-02
1.001801801801801844e+03	6.250534265104736205e-03
1.002802802802802830e+03	6.220312253555700284e-03
1.003803803803803930e+03	1.008463155521328695e-02
1.004804804804804917e+03	5.203854758260516820e-03
1.005805805805805903e+03	6.255278382845061609e-03
1.006806806806806890e+03	3.579004143755371101e-03
1.007807807807807876e+03	-3.954213641574057486e-04
1.008808808808808863e+03	4.472265349206235550e-03
1.009809809809809849e+03	5.823484952257676657e-03
1.010810810810810835e+03	1.047838248045401301e-02
1.011811811811811936e+03	1.175034227582753311e-02
1.012812812812812922e+03	3.867317599990498147e-03
1.013813813813813908e+03	5.617032481954675922e-03
1.014814814814814895e+03	5.301788335519791624e-03
1.015815815815815881e+03	1.273533116042440717e-02
1.016816816816816868e+03	5.057740505012161235e-03
1.017817817817817854e+03	2.080016787393542798e-03
1.018818818818818841e+03	8.504419319299625843e-03
1.019819819819819941e+03	8.755903111871797193e-03
1.020820820820820927e+03	8.217421684211132990e-03
1.021821821821821914e+03	1.223885188919301460e-02
1.022822822822822900e+03	8.449048403140575411e-03
1.023823823823823886e+03	7.616811324005487611e-03
1.024824824824824873e+03	7.317017360329994453e-03
1.025825825825825859e+03	1.208302140424941974e-02
1.026826826826826846e+03	6.712431977653939182e-03
1.027827827827828060e+03	7.119321865290549785e-03
1.028828828828829046e+03	9.550546249173020794e-03
1.029829829829830032e+03	1.470968354598143658e-02
1.030830830830831019e+03	1.152311959413505373e-02
1.031831831831832005e+03	8.343311978926249914e-03
1.032832832832832992e+03	8.996597539839305477e-03
1.033833833833833978e+03	1.000338580879807197e-02
1.034834834834834965e+03	6.968940810527364700e-03
1.035835835835835951e+03	5.917530943982962817e-03
1.036836836836836937e+03	5.819151215516124749e-03
1.037837837837837924e+03	6.925007167540774174e-03
1.038838838838838910e+03	2.263237776573347757e-04
1.039839839839839897e+03	5.055455237400723577e-03
1.040840840840840883e+03	5.535570973171016936e-03
1.041841841841841870e+03	3.919131203769256853e-03
1.042842842842842856e+03	1.524650995503950592e-02
1.043843843843843842e+03	8.443074142860154327e-03
1.044844844844844829e+03	5.484173434368630647e-03
1.045845845845845815e+03	5.422048311668076388e-03
1.046846846846846802e+03	1.173969927922469646e-02
1.047847847847847788e+03	9.920169268311787233e-03
1.048848848848848775e+03	8.081816652027713418e-03
1.049849849849849761e+03	7.523167987029883048e-03
1.050850850850850975e+03	2.360982287725888872e-03
1.051851851851851961e+03	6.868175192338854713e-03
1.052852852852852948e+03	1.607338534776513910e-03
1.053853853853853934e+03	-1.544252634411589315e-03
1.054854854854854921e+03	6.694079095470383900e-04
1.055855855855855907e+03	3.862675322432089584e-03
1.056856856856856894e+03	3.978502837803795061e-04
1.057857857857857880e+03	3.245628816261266012e-03
1.058858858858859094e+03	3.028441577256338422e-03
1.059859859859860080e+03	2.438605542687432692e-03
1.060860860860861067e+03	3.341648968830128550e-03
1.061861861861862053e+03	6.538902007890892883e-03
1.062862862862863039e+03	2.951226200799307673e-03
1.063863863863864026e+03	3.302008667809579277e-03
1.064864864864865012e+03	6.949395045513295311e-04
1.065865865865865999e+03	2.348602218927672413e-03
1.066866866866866985e+03	5.578055415452439110e-03
1.067867867867867972e+03	8.079780714230763239e-04
1.068868868868868958e+03	-3.159749123785486526e-03
1.069869869869869945e+03	5.951417126312251752e-04
1.070870870870870931e+03	4.946575368486528547e-03
1.071871871871871917e+03	2.028979014114299772e-03
1.072872872872872904e+03	-1.937394478224275336e-03
1.073873873873873890e+03	-3.986542279466460427e-03
1.074874874874874877e+03	3.561595498482795813e-04
1.075875875875875863e+03	1.887657886567347581e-03
1.076876876876876850e+03	1.327388222252644983e-03
1.077877877877877836e+03	2.320387519468932857e-03
1.078878878878878822e+03	-2.016281443967524612e-03
1.079879879879879809e+03	3.825991990328485391e-03
1.080880880880880795e+03	1.825254536848639657e-03
1.081881881881882009e+03	2.168056604465707759e-03
1.082882882882882996e+03	7.453149934219246509e-04
1.083883883883883982e+03	1.632195548615793820e-04
1.084884884884884968e+03	8.762650373573909954e-03
1.085885885885885955e+03	5.872877707805476862e-03
1.086886886886886941e+03	6.845387614383348536e-03
1.087887887887887928e+03	6.022562492270196362e-03
1.088888888888888914e+03	4.825092534025721656e-03
1.089889889889890128e+03	3.870010379213652350e-03
1.090890890890891114e+03	3.123381100374968047e-03
1.091891891891892101e+03	3.521169703772640634e-03
1.092892892892893087e+03	3.498379211870529613e-03
1.093893893893894074e+03	2.634290877337025581e-03
1.094894894894895060e+03	3.362744351050792144e-03
1.095895895895896047e+03	4.979522999600741705e-03
1.096896896896897033e+03	1.582866712245416989e-03
1.097897897897898019e+03	5.815414809080443788e-03
1.098898898898899006e+03	2.720555895413436041e-03
1.099899899899899992e+03	4.509198811699455765e-03
1.100900900900900979e+03	1.934653594430201613e-03
1.101901901901901965e+03	9.841193004258610641e-03
1.102902902902902952e+03	-2.594381717405267341e-03
1.103903903903903938e+03	6.219583111443005748e-03
1.104904904904904924e+03	2.742005872764406802e-03
1.105905905905905911e+03	3.993217978571612058e-03
1.106906906906906897e+03	4.028634248148114699e-04
1.107907907907907884e+03	-9.839502134623148103e-04
1.108908908908908870e+03	-9.107315731713558826e-04
1.109909909909909857e+03	-1.879927408474799761e-03
1.110910910910910843e+03	6.727202752250538605e-03
1.111911911911911830e+03	-6.945753569605476107e-04
1.112912912912913043e+03	5.477362796227219950e-03
1.113913913913914030e+03	5.695263412589146763e-03
1.114914914914915016e+03	9.554365605203559786e-04
1.115915915915916003e+03	-3.991449257424452518e-04
1.116916916916916989e+03	-1.620476781011833583e-03
1.117917917917917976e+03	1.030216213303658361e-02
1.118918918918918962e+03	3.182883658358683174e-03
1.119919919919919948e+03	9.485755237627948797e-03
1.120920920920921162e+03	4.078197987448733443e-03
1.121921921921922149e+03	5.587583752411927167e-03
1.122922922922923135e+03	2.883433788749631497e-03
1.123923923923924121e+03	5.629132569170210328e-03
1.124924924924925108e+03	8.038487111374862867e-03
1.125925925925926094e+03	3.955306367236343344e-03
1.126926926926927081e+03	5.133710033795870577e-05
1.127927927927928067e+03	4.555002286899255165e-04
1.128928928928929054e+03	1.258572471131202746e-03
1.129929929929930040e+03	-4.188907916667142760e-03
1.130930930930931027e+03	-4.592740191079586719e-03
1.131931931931932013e+03	-4.568757540785868781e-04
1.132932932932932999e+03	-2.686327324632643756e-03
1.133933933933933986e+03	-2.192810784980945161e-03
1.134934934934934972e+03	-6.432442255921555670e-03
1.135935935935935959e+03	-3.593704705496156369e-03
1.136936936936936945e+03	1.527818540023809972e-03
1.137937937937937932e+03	-3.996219951417024664e-03
1.138938938938938918e+03	6.529605290435672648e-04
1.139939939939939904e+03	-3.327143334312611302e-03
1.140940940940940891e+03	5.020184045176442032e-03
1.141941941941941877e+03	-2.728886465381830649e-04
1.142942942942942864e+03	2.087457192863767953e-03
1.143943943943944078e+03	3.733414402262434412e-04
1.144944944944945064e+03	-2.545974090540609625e-03
1.145945945945946050e+03	-7.361380678179427380e-03
1.146946946946947037e+03	1.040756803186437411e-04
1.147947947947948023e+03	1.848380928206744917e-03
1.148948948948949010e+03	-2.809199270250731153e-03
1.149949949949949996e+03	3.233837472145657897e-03
1.150950950950950983e+03	-5.036264517547490473e-03
1.151951951951952196e+03	-5.741321017824489899e-03
1.152952952952953183e+03	-2.693728446063038771e-03
1.153953953953954169e+03	1.450906845723492393e-03
1.154954954954955156e+03	-8.755169818493935751e-04
1.155955955955956142e+03	4.760999037423239121e-03
1.156956956956957129e+03	-3.688737484981997796e-03
1.157957957957958115e+03	-3.727975185945102323e-03
1.158958958958959101e+03	-2.379057224506681435e-03
1.159959959959960088e+03	-5.175328572456090433e-04
1.160960960960961074e+03	-6.669548273935610927e-04
1.161961961961962061e+03	1.162178959236287039e-04
1.162962962962963047e+03	-5.051356238331154193e-03
1.163963963963964034e+03	-2.627571522559693420e-03
1.164964964964965020e+03	2.516764479182815716e-03
1.165965965965966006e+03	2.388544739610129041e-03
1.166966966966966993e+03	9.580039144652980829e-03
1.167967967967967979e+03	6.502626929883900848e-03
1.168968968968968966e+03	1.810767441219280531e-03
1.169969969969969952e+03	-2.947206286478648487e-03
1.170970970970970939e+03	2.466419921360686173e-03
1.171971971971971925e+03	5.764148901468631484e-04
1.172972972972972912e+03	-1.360943782146892917e-03
1.173973973973973898e+03	7.336881240814334577e-03
1.174974974974975112e+03	2.085406357884296135e-03
1.175975975975976098e+03	1.505038671187412282e-02
1.176976976976977085e+03	6.147416042112785646e-03
1.177977977977978071e+03	-5.533798720896268390e-03
1.178978978978979058e+03	-2.149859934970660847e-03
1.179979979979980044e+03	-7.755009168539109743e-04
1.180980980980981030e+03	-2.814562595872511976e-03
1.181981981981982017e+03	9.429678355342138241e-04
1.182982982982983231e+03	3.969002982218860186e-03
1.183983983983984217e+03	3.441605560643863724e-03
1.184984984984985203e+03	5.192880996212069196e-04
1.185985985985986190e+03	-4.086243190693520690e-03
1.186986986986987176e+03	8.424496490647357880e-03
1.187987987987988163e+03	4.260704694811836245e-03
1.188988988988989149e+03	2.967261322568066993e-03
1.189989989989990136e+03	1.958131596180634915e-03
1.190990990990991122e+03	-1.750460124619435771e-03
1.191991991991992109e+03	4.648448439705797392e-04
1.192992992992993095e+03	1.521700918913376126e-03
1.193993993993994081e+03	3.512430606052051405e-03
1.194994994994995068e+03	5.115372931813118610e-04
1.195995995995996054e+03	-9.094939342816358218e-04
1.196996996996997041e+03	2.815895096768688557e-04
1.197997997997998027e+03	5.179174381643765999e-03
1.198998998998999014e+03	-5.003098615652055471e-03
1.200000000000000000e+03	-2.500384849359480344e-03
1.200000000000000000e+03	4.051928588822014364e-03
1.203005008347245393e+03	-9.480638011294537570e-04
1.206010016694490787e+03	-1.299533708235600877e-03
1.209015025041736180e+03	8.812346172349733641e-04
1.212020033388981574e+03	-5.577366053538523709e-03
1.215025041736226967e+03	-4.829769500260484329e-03
1.218030050083472361e+03	-5.986246892797583881e-03
1.221035058430717754e+03	-2.667457500849664074e-03
1.224040066777963375e+03	-6.269605851362036568e-03
1.227045075125208768e+03	-2.942751433678106408e-03
1.230050083472454162e+03	1.879323604830284615e-03
1.233055091819699555e+03	5.132624674263854513e-03
1.236060100166944949e+03	-1.884932999179231945e-03
1.239065108514190342e+03	1.703068108768717630e-03
1.242070116861435736e+03	6.609399632383339447e-03
1.245075125208681129e+03	2.771938351632744022e-03
1.248080133555926523e+03	-5.353211194371471256e-03
1.251085141903171916e+03	1.966559143277638987e-03
1.254090150250417310e+03	3.090850722679726412e-03
1.257095158597662703e+03	-1.165578238804823802e-03
1.260100166944908096e+03	3.461445233200395686e-03
1.263105175292153490e+03	-9.940020996972861404e-04
1.266110183639399111e+03	-1.724525597395429972e-03
1.269115191986644504e+03	4.528990802362332056e-03
1.272120200333889898e+03	-1.260270173907937280e-03
1.275125208681135291e+03	-3.440343549493506039e-03
1.278130217028380684e+03	4.067419749556279961e-03
1.281135225375626078e+03	-1.381448067005922693e-03
1.284140233722871471e+03	-1.125933742654517062e-03
1.287145242070116865e+03	-3.645025368687980407e-03
1.290150250417362258e+03	-4.192220875612968391e-03
1.293155258764607652e+03	-4.937684469502463510e-04
1.296160267111853045e+03	-1.149783688963027179e-03
1.299165275459098439e+03	7.454725109134180579e-03
1.302170283806343832e+03	-2.308681895014514632e-04
1.305175292153589226e+03	-6.699563377039782601e-03
1.308180300500834619e+03	-4.760161548196335281e-03
1.311185308848080240e+03	2.965360516054760340e-03
1.314190317195325633e+03	-3.541669449368610358e-03
1.317195325542571027e+03	-1.988373722091131991e-03
1.320200333889816420e+03	7.182122106750868547e-03
1.323205342237061814e+03	1.232348536224630621e-02
1.326210350584307207e+03	3.636759759990614103e-03
1.329215358931552601e+03	6.471140631426880625e-03
1.332220367278797994e+03	6.074023480543530758e-03
1.335225375626043387e+03	1.991156918206504322e-03
1.338230383973288781e+03	-8.031684904456661347e-03
1.341235392320534174e+03	-1.305501440115528584e-03
1.344240400667779568e+03	-9.225173645865071201e-03
1.347245409015024961e+03	-5.141335937303149507e-03
1.350250417362270355e+03	-2.460025549141341573e-03
1.353255425709515748e+03	1.396556931112429749e-03
1.356260434056761369e+03	-1.198526519158929710e-03
1.359265442404006762e+03	-2.200574064339968095e-03
1.362270450751252156e+03	-3.092546538384006918e-03
1.365275459098497549e+03	-9.675370073002346116e-04
1.368280467445742943e+03	-5.245078225495826245e-03
1.371285475792988336e+03	-5.196728719015385710e-03
1.374290484140233730e+03	-3.257701431740847500e-03
1.377295492487479123e+03	5.703702484268767829e-04
1.380300500834724517e+03	2.232457586787014569e-03
1.383305509181969910e+03	2.651077093394695137e-03
1.386310517529215304e+03	-3.796158802613304375e-03
1.389315525876460697e+03	-5.162806453572991484e-03
1.392320534223706090e+03	-5.595519782889998676e-03
1.395325542570951711e+03	-2.553044928225959177e-03
1.398330550918196877e+03	-2.281428268427033047e-03
1.401335559265442498e+03	1.941426057734687476e-03
1.404340567612687892e+03	1.734291274822371458e-03
1.407345575959933285e+03	-4.049958547772624338e-03
1.410350584307178679e+03	-2.135778998186816258e-03
1.413355592654424072e+03	-1.227360724358278693e-03
1.416360601001669465e+03	-4.720075025432256027e-04
1.419365609348914859e+03	-7.720237917408226229e-03
1.422370617696160252e+03	-3.409445278248075719e-03
1.425375626043405646e+03	-5.162172777523079369e-03
1.428380634390651039e+03	-1.813603002782937851e-05
1.431385642737896433e+03	-2.048847477445673183e-03
1.434390651085141826e+03	-2.369777300267703491e-03
1.437395659432387220e+03	-5.566004126317801752e-04
1.440400667779632840e+03	1.097823513776935840e-04
1.443405676126878006e+03	4.541774360518709662e-03
1.446410684474123627e+03	4.135609423276951952e-04
1.449415692821369021e+03	2.214948043929326326e-03
1.452420701168614414e+03	1.952758709614115700e-03
1.455425709515859808e+03	-2.721590564565863537e-03
1.458430717863105201e+03	4.193632759343416359e-03
1.461435726210350595e+03	4.138896774473376471e-03
1.464440734557595988e+03	2.638602615625788936e-03
1.467445742904841381e+03	5.386352842202406406e-03
1.470450751252086775e+03	8.356710723889560974e-03
1.473455759599332168e+03	2.758135256409026490e-03
1.476460767946577562e+03	4.226833545381530020e-03
1.479465776293822955e+03	4.058381092440081534e-04
1.482470784641068349e+03	-2.944512703698860725e-03
1.485475792988313970e+03	-3.190095508816271475e-05
1.488480801335559136e+03	-1.483839302580669810e-04
1.491485809682804756e+03	1.558338656041754382e-03
1.494490818030050150e+03	1.569410769837658497e-03
1.497495826377295543e+03	-4.494775575357060939e-03
1.500500834724540937e+03	3.332287088320117058e-06
1.503505843071786330e+03	-4.901034120877944232e-03
1.506510851419031724e+03	-3.283479179390926222e-04
1.509515859766277117e+03	3.150923507203860861e-03
1.512520868113522511e+03	-4.898041951716670646e-04
1.515525876460767904e+03	-5.764280529808387147e-04
1.518530884808013298e+03	1.765099836622777791e-03
1.521535893155258691e+03	5.889957092161749071e-03
1.524540901502504312e+03	-4.878794150217955795e-03
1.527545909849749478e+03	-1.054774852922685463e-03
1.530550918196995099e+03	1.125952661787013370e-03
1.533555926544240265e+03	4.273488047720360415e-03
1.536560934891485886e+03	2.459335916350987705e-03
1.539565943238731279e+03	9.666635429759028522e-03
1.542570951585976673e+03	6.962545626950016964e-04
1.545575959933222066e+03	1.366455302472674167e-04
1.548580968280467459e+03	5.411241887699588977e-03
1.551585976627712853e+03	6.869232673809293373e-03
1.554590984974958246e+03	7.832256848189850717e-04
1.557595993322203640e+03	7.060013678009676797e-04
1.560601001669449033e+03	9.839819696342841978e-04
1.563606010016694427e+03	3.239246224573873265e-03
1.566611018363939820e+03	2.622544865749669527e-03
1.569616026711185441e+03	5.928581705991500979e-03
1.572621035058430607e+03	1.915211507328456369e-03
1.575626043405676228e+03	2.330124610322863740e-04
1.578631051752921394e+03	-1.375717320749884160e-03
1.581636060100167015e+03	-1.217942353502033054e-03
1.584641068447412408e+03	-2.967776227903382567e-04
1.587646076794657802e+03	1.928951654081890359e-03
1.590651085141903195e+03	3.921695895424840393e-03
1.593656093489148589e+03	3.299638027191921594e-03
1.596661101836393982e+03	6.158551780609140651e-03
1.599666110183639375e+03	4.978816701578999164e-04
1.602671118530884769e+03	2.362394335228986796e-03
1.605676126878130162e+03	-8.972990586352879794e-04
1.608681135225375556e+03	4.622001273970271530e-03
1.611686143572620949e+03	7.028322045658399846e-03
1.614691151919866570e+03	6.663760031977145233e-03
1.617696160267111736e+03	4.636819420347535782e-03
1.620701168614357357e+03	2.375486284536196691e-03
1.623706176961602750e+03	-7.925978233412378157e-03
1.626711185308848144e+03	-5.037219355668447716e-03
1.629716193656093537e+03	1.874598925710387791e-03
1.632721202003338931e+03	7.630886527250083573e-04
1.635726210350584324e+03	1.409275795509672873e-03
1.638731218697829718e+03	-1.687279246893617175e-03
1.641736227045075111e+03	-1.782315965417322718e-03
1.644741235392320505e+03	3.693016724239563207e-03
1.647746243739565898e+03	4.395693426927623458e-03
1.650751252086811292e+03	2.072962609022822433e-03
1.653756260434056685e+03	-1.930636990229426348e-03
1.656761268781302078e+03	5.197744685445967149e-03
1.659766277128547699e+03	-1.685234900147770205e-03
1.662771285475792865e+03	2.594659784856102446e-03
1.665776293823038486e+03	1.529811509335676127e-03
1.668781302170283880e+03	-5.339478217564484590e-03
1.671786310517529273e+03	-3.537053092793827815e-03
1.674791318864774667e+03	-4.497842279159767510e-03
1.677796327212020060e+03	2.450627757566963948e-03
1.680801335559265453e+03	-4.300710433692430073e-04
1.683806343906510847e+03	-8.591009604649594211e-04
1.686811352253756240e+03	1.174946683531630015e-03
1.689816360601001634e+03	-9.706265944953636551e-03
1.692821368948247027e+03	-8.598444789951030162e-03
1.695826377295492421e+03	5.790923846789042435e-03
1.698831385642737814e+03	-4.248379249070204609e-03
1.701836393989983208e+03	-4.069778580661763921e-03
1.704841402337228828e+03	-4.840220682529101058e-03
1.707846410684473994e+03	4.172795847018908005e-04
1.710851419031719615e+03	2.072977928123511792e-03
1.713856427378964781e+03	7.152849639972991454e-03
1.716861435726210402e+03	2.975301028679952584e-03
1.719866444073455796e+03	-1.819913529718789709e-03
1.722871452420701189e+03	2.089075835443848349e-03
1.725876460767946583e+03	8.179786966161421355e-03
1.728881469115191976e+03	5.646895826815917681e-03
1.731886477462437369e+03	-1.204858522423205231e-03
1.734891485809682763e+03	3.099899819850939018e-03
1.737896494156928156e+03	3.806226217051172835e-03
1.740901502504173550e+03	3.360748097878522769e-03
1.743906510851419171e+03	1.029276708687402791e-03
1.746911519198664337e+03	9.114078458458156271e-03
1.749916527545909958e+03	5.964175215312794882e-03
1.752921535893155124e+03	5.442146091528318914e-03
1.755926544240400744e+03	7.584934159485331832e-03
1.758931552587645911e+03	-2.281810741178203882e-03
1.761936560934891531e+03	1.544232870367832260e-03
1.764941569282136925e+03	-2.468136515377465211e-03
1.767946577629382318e+03	-5.038651271695727659e-04
1.770951585976627712e+03	3.138535506851497427e-03
1.773956594323873105e+03	1.712186939908376968e-04
1.776961602671118499e+03	3.803580767595412995e-03
1.779966611018363892e+03	-2.508694973646912341e-03
1.782971619365609513e+03	2.680622721946619800e-03
1.785976627712854679e+03	3.488288635269133717e-03
1.788981636060100300e+03	3.503739325262807212e-03
1.791986644407345466e+03	5.396820971539127883e-03
1.794991652754591087e+03	-1.821197768128530277e-03
1.797996661101836253e+03	-1.160175380447305222e-03
1.801001669449081874e+03	-4.182867119469761176e-03
1.804006677796327040e+03	-2.241480207931579195e-03
1.807011686143572661e+03	4.019408763217976154e-03
1.810016694490818054e+03	-1.709062179438357960e-03
1.813021702838063447e+03	5.139985354973063657e-03
1.816026711185308841e+03	4.236474759446438626e-04
1.819031719532554234e+03	1.986341458624348976e-03
1.822036727879799628e+03	3.533961118981036788e-03
1.825041736227045021e+03	1.278963779707958665e-04
1.828046744574290642e+03	3.974098933627877826e-03
1.831051752921535808e+03	7.130429094148555032e-03
1.834056761268781429e+03	-4.669214995472110758e-04
1.837061769616026595e+03	2.072015810740984298e-03
1.840066777963272216e+03	8.773026133131136065e-03
1.843071786310517382e+03	-1.689933966735544064e-03
1.846076794657763003e+03	4.734463560402939718e-03
1.849081803005008396e+03	-4.949976425698694206e-03
1.852086811352253790e+03	1.812796120126690966e-04
1.855091819699499183e+03	-6.765502634841285938e-03
1.858096828046744577e+03	-4.944325026711751149e-03
1.861101836393989970e+03	-7.389242142418084129e-03
1.864106844741235363e+03	-7.818947799932378720e-03
1.867111853088480757e+03	4.176490206867194098e-03
1.870116861435726150e+03	-4.881484898817559613e-03
1.873121869782971771e+03	-1.387467860598242493e-03
1.876126878130216937e+03	-4.464602654812995191e-04
1.879131886477462558e+03	-2.779433269437802680e-04
1.882136894824707724e+03	2.400956720797437893e-03
1.885141903171953345e+03	5.175906788172459673e-03
1.888146911519198511e+03	-3.694777134299888268e-03
1.891151919866444132e+03	-7.756827150885238324e-03
1.894156928213689525e+03	-3.177138499089250754e-03
1.897161936560934919e+03	-2.528530558460557066e-03
1.900166944908180312e+03	-5.653532707662057817e-04
1.903171953255425706e+03	5.684149368892496730e-03
1.906176961602671099e+03	2.274353364088460127e-03
1.909181969949916493e+03	-1.441865421297095591e-03
1.912186978297161886e+03	-2.618185138737143172e-03
1.915191986644407280e+03	-2.882016920227188552e-03
1.918196994991652900e+03	-2.549932857694171457e-05
1.921202003338898066e+03	-2.717154211627993612e-03
1.924207011686143687e+03	4.072518647074139836e-04
1.927212020033388853e+03	5.878926914723911663e-03
1.930217028380634474e+03	7.557600896030551606e-05
1.933222036727879640e+03	3.572362258549911557e-04
1.936227045075125261e+03	-1.530809372888777093e-03
1.939232053422370655e+03	1.983359630836657294e-03
1.942237061769616048e+03	-3.379205789340403079e-03
1.945242070116861441e+03	-4.226737006285329295e-04
1.948247078464106835e+03	-3.803232141138904090e-03
1.951252086811352228e+03	2.079004024284416673e-03
1.954257095158597622e+03	1.821544621034453708e-03
1.957262103505843015e+03	1.772552575020416041e-04
1.960267111853088409e+03	-6.844972106089464636e-04
1.963272120200334030e+03	-4.929178411292132501e-03
1.966277128547579196e+03	4.724668907888917267e-03
1.969282136894824816e+03	-6.089449915688552144e-03
1.972287145242069982e+03	3.744074120496597522e-03
1.975292153589315603e+03	3.549021993278672713e-03
1.978297161936560769e+03	3.675758346712439356e-04
1.981302170283806390e+03	1.001048468317687406e-03
1.984307178631051784e+03	-5.622909703454431144e-04
1.987312186978297177e+03	7.168303218723322441e-03
1.990317195325542571e+03	9.240953335820768430e-03
1.993322203672787964e+03	1.502581349944880941e-02
1.996327212020033357e+03	1.360567377838140359e-03
1.999332220367278751e+03	-1.208946945447211184e-04
2.002337228714524372e+03	-4.753913597513890164e-03
2.005342237061769538e+03	7.040442043215094751e-03
2.008347245409015159e+03	3.167044002079451998e-03
2.011352253756260325e+03	3.250977221280147798e-03
2.014357262103505946e+03	7.074309086989434732e-03
2.017362270450751112e+03	4.817687657745992405e-03
2.020367278797996732e+03	5.035386607255065228e-04
2.023372287145241899e+03	-1.834302918455301941e-03
2.026377295492487519e+03	1.811103196536803213e-03
2.029382303839732913e+03	2.336472388643964261e-03
2.032387312186978306e+03	2.674549539363708234e-03
2.035392320534223700e+03	1.282328318936814572e-02
2.038397328881469093e+03	1.423058823483739146e-03
2.041402337228714487e+03	8.317078109178388870e-03
2.044407345575959880e+03	5.713986983257614109e-03
2.047412353923205501e+03	3.696408108224058606e-03
2.050417362270450667e+03	2.954488751532120729e-03
2.053422370617696288e+03	3.350267818651094052e-03
2.056427378964941454e+03	2.253552571740960377e-03
2.059432387312187075e+03	-4.599410631693889970e-04
2.062437395659432241e+03	5.100333525008024331e-03
2.065442404006677862e+03	5.224857302686253084e-03
2.068447412353923028e+03	7.623481741467125206e-03
2.071452420701168649e+03	5.409179579156229989e-03
2.074457429048414269e+03	4.907324761628700446e-03
2.077462437395659435e+03	3.320115865380549123e-03
2.080467445742904602e+03	4.355422362880169776e-03
2.083472454090150222e+03	4.840178463319285383e-03
2.086477462437395843e+03	5.378358546167724512e-03
2.089482470784641009e+03	8.737133224743324003e-03
2.092487479131886630e+03	8.804233973662671173e-03
2.095492487479131796e+03	5.032572590721253077e-03
2.098497495826377417e+03	1.115011588406522591e-02
2.101502504173622583e+03	6.243996681565415789e-04
2.104507512520868204e+03	3.943994432450349981e-04
2.107512520868113370e+03	8.026372915387580340e-03
2.110517529215358991e+03	-3.579991541211689863e-03
2.113522537562604157e+03	-1.560402447246983168e-03
2.116527545909849778e+03	-7.130727417077080887e-04
2.119532554257095398e+03	6.281377441870748639e-03
2.122537562604340565e+03	2.730260885984007926e-03
2.125542570951585731e+03	-7.300253955865118431e-03
2.128547579298831351e+03	2.356713864731920861e-04
2.131552587646076972e+03	7.190844966289355877e-03
2.134557595993322138e+03	-4.210061214456304463e-03
2.137562604340567759e+03	-1.408261219945149828e-03
2.140567612687812925e+03	-4.746549775276900050e-03
2.143572621035058546e+03	-1.894708711098839040e-03
2.146577629382303712e+03	-6.419042126385182505e-03
2.149582637729549333e+03	-2.282477896632729205e-03
2.152587646076794499e+03	1.449561573551320188e-03
2.155592654424040120e+03	4.186207786595141402e-03
2.158597662771285286e+03	1.232708916778330055e-02
2.161602671118530907e+03	8.653485620359871802e-03
2.164607679465776528e+03	2.351904346829735109e-05
2.167612687813021694e+03	3.675969876147504225e-03
2.170617696160266860e+03	5.946645533737989105e-03
2.173622704507512481e+03	2.356304795771146118e-04
2.176627712854758101e+03	-1.755195231028121956e-03
2.179632721202003268e+03	1.113917510723128057e-02
2.182637729549248888e+03	-4.255069960282015684e-04
2.185642737896494054e+03	-9.352119393812779796e-04
2.188647746243739675e+03	4.947934932758825226e-03
2.191652754590984841e+03	3.163434045967219305e-03
2.194657762938230462e+03	3.750273931122573290e-03
2.197662771285475628e+03	9.792828004452764495e-03
2.200667779632721249e+03	2.464685814722686764e-03
2.203672787979966415e+03	7.581770620218916852e-03
2.206677796327212036e+03	-3.907101846515052997e-04
2.209682804674457657e+03	4.097511761176044799e-03
2.212687813021702823e+03	4.104549089722233854e-03
2.215692821368947989e+03	-1.535546919361684647e-04
2.218697829716193610e+03	4.447781541253730681e-03
2.221702838063439231e+03	7.189172163443939556e-03
2.224707846410684397e+03	7.905889119838421450e-03
2.227712854757929563e+03	4.006496783582147100e-03
2.230717863105175184e+03	1.063539284306885824e-02
2.233722871452420804e+03	5.807777097447658528e-03
2.236727879799665970e+03	-3.271439275816649585e-03
2.239732888146911591e+03	3.294773953513591841e-03
2.242737896494157212e+03	5.146919160800935734e-03
2.245742904841402378e+03	-5.574158279151510131e-03
2.248747913188647544e+03	-6.874488620368622571e-03
2.251752921535893165e+03	-2.014887900442065890e-03
2.254757929883138786e+03	4.364941333590194317e-03
2.257762938230383952e+03	-4.323942472826414196e-04
2.260767946577629118e+03	-6.111197914712457324e-03
2.263772954924874739e+03	-3.451074684607063903e-03
2.266777963272120360e+03	-3.656505325751596702e-03
2.269782971619365526e+03	-2.237803923961029229e-03
2.272787979966610692e+03	-7.470795592676202079e-03
2.275792988313856313e+03	-6.056208955792091730e-04
2.278797996661101934e+03	5.025485435606116824e-03
2.281803005008347100e+03	-2.345256345347587756e-03
2.284808013355592720e+03	-3.880127775923711275e-03
2.287813021702838341e+03	-5.394150015725206193e-03
2.290818030050083507e+03	-2.779922452011487910e-04
2.293823038397328673e+03	4.416527581262236213e-03
2.296828046744574294e+03	-9.062075105291597654e-03
2.299833055091819915e+03	-6.230821340202225000e-04
2.302838063439065081e+03	-4.964413339786477586e-03
2.305843071786310247e+03	-8.426319179864610875e-04
2.308848080133555868e+03	5.532479564708259190e-04
2.311853088480801489e+03	-9.887876239159959502e-03
2.314858096828046655e+03	-9.186952339608561724e-03
2.317863105175291821e+03	-1.111054316610760040e-02
2.320868113522537442e+03	2.946153164558484860e-03
2.323873121869783063e+03	-1.360960330633320670e-03
2.326878130217028229e+03	-4.906683970862107946e-03
2.329883138564273850e+03	-2.146511948528342928e-03
2.332888146911519470e+03	4.328550778298842494e-03
2.335893155258764637e+03	2.745753147369717206e-04
2.338898163606009803e+03	-4.842896674692578896e-03
2.341903171953255423e+03	-1.140758328191798787e-03
2.344908180300501044e+03	8.974066996895610493e-03
2.347913188647746210e+03	2.676215424325334435e-03
2.350918196994991376e+03	-3.959986840349413728e-03
2.353923205342236997e+03	3.319473839205402954e-03
2.356928213689482618e+03	2.521856110733133871e-03
2.359933222036727784e+03	-2.289505061126767549e-03
2.362938230383972950e+03	-5.534447998665564805e-03
2.365943238731219026e+03	8.956601669058705806e-04
2.368948247078464192e+03	1.295153168433149649e-03
2.371953255425709358e+03	-6.927618848609401470e-03
2.374958263772954979e+03	-1.258224977884792040e-02
2.377963272120200600e+03	-6.239407656592324547e-03
2.380968280467445766e+03	-4.236356984288619509e-04
2.383973288814690932e+03	1.587260454958716593e-03
2.386978297161936553e+03	2.166665005151280354e-03
2.389983305509182173e+03	-5.227609106649738768e-03
2.392988313856427339e+03	4.905314257821286050e-03
2.395993322203672506e+03	6.069413377623872341e-04
2.398998330550918126e+03	2.764177472806134128e-03
2.402003338898163747e+03	3.065656874286309952e-03
2.405008347245408913e+03	-6.512002906776392930e-05
2.408013355592654079e+03	-4.387680407040656094e-03
2.411018363939900155e+03	-1.138110398839736748e-02
2.414023372287145321e+03	5.606279999998645125e-03
2.417028380634390487e+03	4.454141712991882551e-03
2.420033388981636108e+03	4.013711780235032500e-03
2.423038397328881729e+03	5.258513212731297237e-03
2.426043405676126895e+03	4.706594245197370796e-04
2.429048414023372061e+03	5.411339172843171452e-04
2.432053422370617682e+03	-3.132167081366876715e-03
2.435058430717863303e+03	3.417594473956592216e-04
2.438063439065108469e+03	-3.094528259939346992e-03
2.441068447412353635e+03	-3.228814472956836878e-03
2.444073455759599256e+03	6.830261569278670009e-03
2.447078464106844876e+03	-8.318842348857963254e-04
2.450083472454090042e+03	-3.910317883848171694e-03
2.453088480801335663e+03	1.595922319796994060e-03
2.456093489148581284e+03	1.343493801100326124e-03
2.459098497495826450e+03	-2.538615490091045146e-03
2.462103505843071616e+03	2.090780140785619690e-03
2.465108514190317237e+03	-1.997465340148579793e-03
2.468113522537562858e+03	-5.098715757944127791e-03
2.471118530884808024e+03	3.995567872884353555e-03
2.474123539232053190e+03	-3.434915546994307678e-03
2.477128547579298811e+03	-1.444846339999125706e-03
2.480133555926544432e+03	-2.318337133885323142e-03
2.483138564273789598e+03	-4.747495517075928095e-03
2.486143572621034764e+03	-3.238834276535623724e-03
2.489148580968280385e+03	-8.445971953954245492e-04
2.492153589315526006e+03	-1.113130015886709678e-02
2.495158597662771172e+03	-2.012229304969831434e-03
2.498163606010016792e+03	2.234477940886270275e-03
2.501168614357262413e+03	2.953578943274547119e-03
2.504173622704507579e+03	5.970245548559516280e-03
2.507178631051752745e+03	-7.748699749945478499e-03
2.510183639398998366e+03	-2.139750187509809054e-03
2.513188647746243987e+03	5.165870838697933509e-03
2.516193656093489153e+03	-1.722142871782364471e-03
2.519198664440734319e+03	7.010895434959224515e-03
2.522203672787979940e+03	-6.915405649657313525e-05
2.525208681135225561e+03	-3.246295699861206918e-03
2.528213689482470727e+03	-4.413883416130040538e-03
2.531218697829715893e+03	8.051532892954210707e-03
2.534223706176961514e+03	2.549820962149951242e-05
2.537228714524207135e+03	-3.667904019516304848e-03
2.540233722871452301e+03	3.255738951402943615e-03
2.543238731218697922e+03	8.373042733863661491e-04
2.546243739565943542e+03	5.746637624077066686e-03
2.549248747913188708e+03	-5.299437075732243985e-03
2.552253756260433875e+03	-2.146484559992001273e-03
2.555258764607679495e+03	-8.231256852680168823e-04
2.558263772954925116e+03	5.945340682981040126e-03
2.561268781302170282e+03	7.835480873046168915e-04
2.564273789649415448e+03	-7.659450811081547350e-03
2.567278797996661069e+03	-2.225034428057881541e-03
2.570283806343906690e+03	-4.612725444535364927e-04
2.573288814691151856e+03	-2.240489482304541813e-03
2.576293823038397022e+03	2.031722053799658867e-03
2.579298831385642643e+03	-2.751070959576551456e-05
2.582303839732888264e+03	-3.667908218390802944e-03
2.585308848080133430e+03	-1.176713539223665783e-02
2.588313856427379051e+03	-2.680948882874678585e-03
2.591318864774624672e+03	-8.459784652736362931e-04
2.594323873121869838e+03	-4.708618830002037070e-03
2.597328881469115004e+03	-4.620676535191048373e-03
2.600333889816360625e+03	1.584354310279478817e-04
2.603338898163606245e+03	7.414395736080520161e-03
2.606343906510851411e+03	-2.860888808419143059e-03
2.609348914858096578e+03	2.029679220854271882e-03
2.612353923205342198e+03	-7.522495541635365601e-03
2.615358931552587819e+03	5.344575968823928047e-04
2.618363939899832985e+03	-2.014314362009522741e-04
2.621368948247078151e+03	-8.778708186165398719e-03
2.624373956594323772e+03	4.107040381399487683e-03
2.627378964941569393e+03	-9.010112149538118675e-04
2.630383973288814559e+03	3.934498508964934249e-03
2.633388981636060180e+03	7.484267615925813133e-03
2.636393989983305801e+03	5.599789771787155868e-04
2.639398998330550967e+03	-1.175609984608194658e-03
2.642404006677796133e+03	1.085608505793275724e-02
2.645409015025041754e+03	6.689304338921148174e-03
2.648414023372287375e+03	2.791774189090073799e-03
2.651419031719532541e+03	1.314014549166825363e-03
2.654424040066777707e+03	2.182139952296269225e-03
2.657429048414023327e+03	-5.491771526229816125e-04
2.660434056761268948e+03	-1.325990879652294563e-03
2.663439065108514114e+03	-3.451034469189095955e-03
2.666444073455759280e+03	5.564006843175095529e-03
2.669449081803004901e+03	1.238112794751611290e-03
2.672454090150250522e+03	-7.223933658729447815e-04
2.675459098497495688e+03	1.498647319476881234e-03
2.678464106844741309e+03	7.951533698492524449e-03
2.681469115191986930e+03	1.906160791035171886e-03
2.684474123539232096e+03	7.619856130262170346e-03
2.687479131886477262e+03	4.225879768914059254e-03
2.690484140233722883e+03	4.969807910265799933e-03
2.693489148580968504e+03	7.170915174914971324e-04
2.696494156928213670e+03	1.965927076670426210e-03
2.699499165275458836e+03	-9.366223366404496931e-04
2.702504173622704457e+03	2.983737617992032742e-03
2.705509181969950077e+03	3.488644848998190273e-03
2.708514190317195244e+03	-7.511087601503596556e-03
2.711519198664440410e+03	-2.905186558791322815e-03
2.714524207011686030e+03	5.597564216604844489e-03
2.717529215358931651e+03	-7.855283666374501816e-04
2.720534223706176817e+03	-6.276345246035625047e-03
2.723539232053422438e+03	-2.073970173983558096e-03
2.726544240400668059e+03	-5.463899802612678935e-03
2.729549248747913225e+03	-2.079330209335442103e-03
2.732554257095158391e+03	-4.427927236191314675e-03
2.735559265442404012e+03	-1.804730391848918813e-03
2.738564273789649633e+03	5.824521934206405849e-03
2.741569282136894799e+03	-4.404327020767068168e-04
2.744574290484139965e+03	3.497996391722268950e-04
2.747579298831385586e+03	6.230610277002252007e-04
2.750584307178631207e+03	1.340640290113659372e-05
2.753589315525876373e+03	-3.273822824043232105e-03
2.756594323873121539e+03	1.027366037641419538e-04
2.759599332220367160e+03	-2.202886731799302833e-03
2.762604340567612780e+03	-2.855524462633179938e-03
2.765609348914857947e+03	-3.291278307363254552e-03
2.768614357262103567e+03	-6.003775661410637454e-03
2.771619365609349188e+03	-6.453624228509674543e-03
2.774624373956594354e+03	-5.761393157218214212e-03
2.777629382303839520e+03	-1.154961065339349391e-02
2.780634390651085141e+03	2.753508498584397723e-03
2.783639398998330762e+03	-2.650695801924368711e-03
2.786644407345575928e+03	-2.192813933902831858e-03
2.789649415692821094e+03	-1.434785105325867005e-03
2.792654424040066715e+03	8.486673818122458801e-04
2.795659432387312336e+03	-6.325353995124460837e-03
2.798664440734557502e+03	-1.601964258799978835e-03
2.801669449081802668e+03	1.537572488212679556e-03
2.804674457429048744e+03	-5.886937211768139555e-03
2.807679465776293910e+03	-3.358389936817640642e-03
2.810684474123539076e+03	-2.555393261660224291e-03
2.813689482470784696e+03	-3.494695959650198636e-03
2.816694490818030317e+03	5.881621440733120210e-04
2.819699499165275483e+03	-2.127035659848411364e-03
2.822704507512520649e+03	-5.325656768079986558e-03
2.825709515859766270e+03	-6.393205799705314885e-03
2.828714524207011891e+03	-5.515664538909725856e-03
2.831719532554257057e+03	-2.597039026606962064e-03
2.834724540901502223e+03	8.573809431605683429e-04
2.837729549248747844e+03	-4.053333317882240605e-03
2.840734557595993465e+03	-4.336668986427483219e-03
2.843739565943238631e+03	-4.364860477662296789e-03
2.846744574290483797e+03	6.142727817521564937e-03
2.849749582637729873e+03	-5.049290892100156665e-04
2.852754590984975039e+03	1.371002124740033261e-03
2.855759599332220205e+03	1.347493359735385532e-03
2.858764607679465826e+03	-3.708217737322245990e-03
2.861769616026711446e+03	-3.840458275846587912e-03
2.864774624373956613e+03	-1.757083805603799160e-03
2.867779632721201779e+03	-6.973277579340661329e-03
2.870784641068447399e+03	2.355305590360012424e-03
2.873789649415693020e+03	-4.709987149289634155e-03
2.876794657762938186e+03	1.767146542533181612e-03
2.879799666110183352e+03	5.165826354982776779e-03
2.882804674457428973e+03	3.462424232904443098e-03
2.885809682804674594e+03	2.140416680750211863e-03
2.888814691151919760e+03	3.603433847083710537e-03
2.891819699499164926e+03	-2.682295984400341528e-03
2.894824707846411002e+03	-6.177134353816255948e-04
2.897829716193656168e+03	-4.440071103409216381e-03
2.900834724540901334e+03	-1.159545298635128669e-03
2.903839732888146955e+03	-4.834866365829041703e-03
2.906844741235392576e+03	-7.270088576038505161e-03
2.909849749582637742e+03	2.958209017843051094e-03
2.912854757929882908e+03	6.948696623425700903e-04
2.915859766277128529e+03	-4.418347866147894171e-04
2.918864774624374149e+03	-7.827354634355869825e-03
2.921869782971619316e+03	5.720397609802643606e-03
2.924874791318864482e+03	-4.782495876285742208e-03
2.927879799666110102e+03	-2.732813383657244923e-04
2.930884808013355723e+03	1.608037129981421771e-03
2.933889816360600889e+03	-2.028328964646095457e-03
2.936894824707846510e+03	-2.034381240064289231e-03
2.939899833055092131e+03	2.249901265985009956e-03
2.942904841402337297e+03	-5.278623763796413786e-03
2.945909849749582463e+03	5.674781581864738085e-03
2.948914858096828084e+03	5.614344011431152311e-03
2.951919866444073705e+03	5.744579083506323909e-03
2.954924874791318871e+03	-3.002545293594770150e-03
2.957929883138564037e+03	-2.046461330685215175e-03
2.960934891485809658e+03	5.187297383546229067e-03
2.963939899833055279e+03	3.785402940970962384e-03
2.966944908180300445e+03	-2.474172174503227583e-03
2.969949916527545611e+03	-6.923623485032223863e-03
2.972954924874791232e+03	-3.046217899723950660e-03
2.975959933222036852e+03	-5.391459995704938994e-03
2.978964941569282018e+03	1.875201645882792296e-03
2.981969949916527639e+03	2.885014683580420982e-03
2.984974958263773260e+03	-1.711453425343373953e-03
2.987979966611018426e+03	-3.478629014911692550e-03
2.990984974958263592e+03	1.326677012751798597e-03
2.993989983305509213e+03	1.269599536427946712e-03
2.996994991652754834e+03	-5.022533329119353547e-04
3.000000000000000000e+03	2.124998524553888945e-03
