# time (ps)	 sum signal (V)	 MOKE (V)	 B plus signal (V) 	 B minus signal (V)
200.0	nan	nan	0.0032700437973822716	nan
201.00100100100101	nan	nan	0.0022833360988588902	nan
202.002002002002	nan	nan	0.0013105952863147197	nan
203.00300300300304	nan	nan	0.0032915303029394938	nan
204.00400400400403	nan	nan	0.0024409833070582754	nan
205.00500500500502	nan	nan	0.003240770503393331	nan
206.006006006006	nan	nan	0.0030183989136364775	nan
207.00700700700702	nan	nan	0.004101253117479831	nan
208.008008008008	nan	nan	0.0009324564312531147	nan
209.00900900900902	nan	nan	0.0019132556483587027	nan
210.01001001001	nan	nan	0.0024630082233005335	nan
211.011011011011	nan	nan	0.0033250999558132044	nan
212.01201201201198	nan	nan	0.001434134475479465	nan
213.01301301301302	nan	nan	0.00031744947153178327	nan
214.014014014014	nan	nan	0.0007466112547560022	nan
215.01501501501502	nan	nan	0.002728889487104036	nan
216.016016016016	nan	nan	0.0011951136556584974	nan
217.01701701701703	nan	nan	0.003305226325050148	nan
218.018018018018	nan	nan	0.0035458655881535073	nan
219.01901901901905	nan	nan	0.0023958699020326657	nan
220.02002002002004	nan	nan	0.0024353498592297185	nan
221.02102102102103	nan	nan	0.0012077408350599228	nan
222.022022022022	nan	nan	0.00035074757301378767	nan
223.02302302302303	nan	nan	0.0018802198999877673	nan
224.02402402402402	nan	nan	0.0012993168170710168	nan
225.02502502502503	nan	nan	0.002850275773568278	nan
226.02602602602602	nan	nan	0.002606426428356401	nan
227.027027027027	nan	nan	0.003686862818158554	nan
228.028028028028	nan	nan	0.0016315313150663258	nan
229.02902902902906	nan	nan	0.003217415023935799	nan
230.03003003003005	nan	nan	0.00316046947200882	nan
231.03103103103103	nan	nan	0.003430917747067219	nan
232.03203203203202	nan	nan	0.0007425799662899579	nan
233.03303303303304	nan	nan	0.0026034668681857442	nan
234.03403403403408	nan	nan	0.0015608951091403145	nan
235.03503503503507	nan	nan	0.0017526490203186862	nan
236.03603603603605	nan	nan	0.005714255328492179	nan
237.03703703703704	nan	nan	0.0038783468663548537	nan
238.03803803803808	nan	nan	0.003872972084875026	nan
239.03903903903904	nan	nan	0.006206529775615421	nan
240.04004004004003	nan	nan	0.005296633332319056	nan
241.04104104104104	nan	nan	0.004669533855379104	nan
242.04204204204203	nan	nan	0.0024874426756276713	nan
243.043043043043	nan	nan	0.003387675261729506	nan
244.044044044044	nan	nan	0.004403926599213737	nan
245.04504504504507	nan	nan	0.0028201961690397237	nan
246.04604604604606	nan	nan	0.0036060176947292355	nan
247.04704704704704	nan	nan	0.0004753603627397629	nan
248.04804804804806	nan	nan	0.005217406837523031	nan
249.04904904904905	nan	nan	0.0013175813112260015	nan
250.0500500500501	nan	nan	0.003993556413823263	nan
251.05105105105108	nan	nan	0.0045553968487917484	nan
252.05205205205206	nan	nan	0.0035950069614369973	nan
253.05305305305305	nan	nan	0.002781524198930907	nan
254.0540540540541	nan	nan	0.0037010856079321974	nan
255.05505505505505	nan	nan	0.004440717127446647	nan
256.05605605605604	nan	nan	0.0037480844779348987	nan
257.0570570570571	nan	nan	0.005409700815618479	nan
258.05805805805807	nan	nan	0.004503829815397986	nan
259.05905905905905	nan	nan	0.0008398010280575852	nan
260.0600600600601	nan	nan	0.0033573305042162715	nan
261.0610610610611	nan	nan	0.002772127063902563	nan
262.06206206206207	nan	nan	0.004111989949827144	nan
263.06306306306305	nan	nan	0.005880493727412617	nan
264.06406406406404	nan	nan	0.005223854896072244	nan
265.0650650650651	nan	nan	0.001016785245083529	nan
266.06606606606607	nan	nan	0.003993821749035953	nan
267.06706706706706	nan	nan	0.002373301856687826	nan
268.0680680680681	nan	nan	0.0033165030580730726	nan
269.06906906906903	nan	nan	-2.7928781047903417e-05	nan
270.07007007007013	nan	nan	0.004859138541164876	nan
271.07107107107106	nan	nan	0.002170808334220675	nan
272.07207207207205	nan	nan	0.0025180596367447294	nan
273.0730730730731	nan	nan	0.0011540215649293861	nan
274.0740740740741	nan	nan	0.000824492799150145	nan
275.07507507507506	nan	nan	0.000870953237304184	nan
276.0760760760761	nan	nan	0.0034889224613772196	nan
277.0770770770771	nan	nan	0.0038794157290620856	nan
278.0780780780781	nan	nan	0.0030831215069687112	nan
279.07907907907907	nan	nan	0.002436148493745016	nan
280.08008008008005	nan	nan	0.0021452940284792943	nan
281.0810810810811	nan	nan	0.004323889205764542	nan
282.0820820820821	nan	nan	0.00013696845421745651	nan
283.0830830830831	nan	nan	0.004815094816861376	nan
284.0840840840841	nan	nan	0.0017300939902873957	nan
285.08508508508504	nan	nan	0.0009727388623552713	nan
286.08608608608614	nan	nan	0.0027248581227318214	nan
287.08708708708707	nan	nan	0.0012832014728531016	nan
288.0880880880881	nan	nan	0.001442731219962634	nan
289.0890890890891	nan	nan	0.0045806398619681055	nan
290.0900900900901	nan	nan	0.00213159462643836	nan
291.09109109109113	nan	nan	0.00364844847520035	nan
292.0920920920921	nan	nan	0.0017045809288345204	nan
293.0930930930931	nan	nan	8.191489366404792e-05	nan
294.0940940940941	nan	nan	0.004175643843594923	nan
295.0950950950951	nan	nan	3.759829207600207e-05	nan
296.0960960960961	nan	nan	-0.00232523314273958	nan
297.0970970970971	nan	nan	0.0023185196614878834	nan
298.0980980980981	nan	nan	0.0066413341568059	nan
299.09909909909913	nan	nan	0.00021216645277793988	nan
300.1001001001001	nan	nan	0.0027417759679369547	nan
301.10110110110105	nan	nan	0.0011075617618532263	nan
302.10210210210215	nan	nan	0.0022293550922400374	nan
303.1031031031031	nan	nan	0.001452932852622879	nan
304.1041041041041	nan	nan	-0.15706535577618058	nan
305.1051051051051	nan	nan	-0.12608928089044547	nan
306.1061061061061	nan	nan	-0.13232667355001848	nan
307.10710710710714	nan	nan	-0.1461349803864953	nan
308.1081081081081	nan	nan	-0.16273546987319848	nan
309.1091091091091	nan	nan	-0.1691765098270348	nan
310.1101101101101	nan	nan	-0.17262347488946894	nan
311.1111111111111	nan	nan	-0.16406032552193872	nan
312.11211211211213	nan	nan	-0.1563997528902275	nan
313.1131131131131	nan	nan	-0.14832480738017406	nan
314.11411411411416	nan	nan	-0.14780864981708142	nan
315.11511511511515	nan	nan	-0.14668388479642436	nan
316.11611611611613	nan	nan	-0.1341978215972951	nan
317.11711711711706	nan	nan	-0.1368455905670906	nan
318.11811811811816	nan	nan	-0.13726939967165935	nan
319.11911911911915	nan	nan	-0.14782772538324668	nan
320.12012012012013	nan	nan	-0.1571713455466931	nan
321.1211211211211	nan	nan	-0.16157820568344383	nan
322.12212212212216	nan	nan	-0.16050417706179348	nan
323.12312312312315	nan	nan	-0.15958599098321258	nan
324.12412412412414	nan	nan	-0.1566179008448374	nan
325.1251251251251	nan	nan	-0.1516016375575887	nan
326.1261261261261	nan	nan	-0.1425338209843695	nan
327.12712712712715	nan	nan	-0.13648606255897255	nan
328.12812812812814	nan	nan	-0.12923851339594544	nan
329.12912912912924	nan	nan	-0.1238856945593082	nan
330.13013013013017	nan	nan	-0.12268791934250461	nan
331.13113113113116	nan	nan	-0.12847251932923437	nan
332.13213213213214	nan	nan	-0.13185802882399533	nan
333.1331331331331	nan	nan	-0.13761095698823989	nan
334.1341341341342	nan	nan	-0.13430035892528747	nan
335.13513513513516	nan	nan	-0.13896157785859709	nan
336.13613613613614	nan	nan	-0.14109262156109037	nan
337.1371371371372	nan	nan	-0.1481626085123262	nan
338.1381381381382	nan	nan	-0.14603157493667457	nan
339.13913913913916	nan	nan	-0.14375655896764605	nan
340.14014014014015	nan	nan	-0.14106764960840695	nan
341.14114114114113	nan	nan	-0.1430314557009279	nan
342.1421421421421	nan	nan	-0.13800960109709187	nan
343.14314314314316	nan	nan	-0.134323561691023	nan
344.14414414414415	nan	nan	-0.13531456042737527	nan
345.14514514514514	nan	nan	-0.13034124423905646	nan
346.1461461461461	nan	nan	-0.12874136006029524	nan
347.1471471471471	nan	nan	-0.1326431162745958	nan
348.1481481481481	nan	nan	-0.1293354549899028	nan
349.1491491491491	nan	nan	-0.12969155084774342	nan
350.15015015015007	nan	nan	-0.1239582387676561	nan
351.15115115115117	nan	nan	-0.12538164129202561	nan
352.15215215215215	nan	nan	-0.11816791384711639	nan
353.1531531531532	nan	nan	-0.11642784160880543	nan
354.1541541541542	nan	nan	-0.1191492310024036	nan
355.15515515515517	nan	nan	-0.1220690912048446	nan
356.15615615615616	nan	nan	-0.11942962863079642	nan
357.15715715715714	nan	nan	-0.12044132096469229	nan
358.15815815815813	nan	nan	-0.12640183823045736	nan
359.1591591591592	nan	nan	-0.12565227692452519	nan
360.16016016016016	nan	nan	-0.12761011243588283	nan
361.16116116116126	nan	nan	-0.12819396972910413	nan
362.16216216216225	nan	nan	-0.13149703695544568	nan
363.16316316316323	nan	nan	-0.13111726758105663	nan
364.1641641641642	nan	nan	-0.13129668128055838	nan
365.1651651651652	nan	nan	-0.13017595885974376	nan
366.1661661661662	nan	nan	-0.12944253590635202	nan
367.1671671671672	nan	nan	-0.12489117886703605	nan
368.1681681681682	nan	nan	-0.1233810398362919	nan
369.1691691691692	nan	nan	-0.12255304629228325	nan
370.1701701701702	nan	nan	-0.12320674313620428	nan
371.1711711711712	nan	nan	-0.12036028402060323	nan
372.17217217217217	nan	nan	-0.11777796807887442	nan
373.17317317317315	nan	nan	-0.11455893558038299	nan
374.1741741741742	nan	nan	-0.11377553172063992	nan
375.1751751751752	nan	nan	-0.11353406349047773	nan
376.17617617617617	nan	nan	-0.1085065456559563	nan
377.17717717717716	nan	nan	-0.11215370564532812	nan
378.17817817817814	nan	nan	-0.1175679431652149	nan
379.17917917917913	nan	nan	-0.11577069231787862	nan
380.1801801801801	nan	nan	-0.11493471688947982	nan
381.1811811811811	nan	nan	-0.11372756799484485	nan
382.1821821821822	nan	nan	-0.1193397520639723	nan
383.1831831831832	nan	nan	-0.1207529190299213	nan
384.18418418418423	nan	nan	-0.12318208623893401	nan
385.1851851851852	nan	nan	-0.12116303179461752	nan
386.1861861861862	nan	nan	-0.11874030859020446	nan
387.1871871871872	nan	nan	-0.12011266573682289	nan
388.1881881881882	nan	nan	-0.12022652876711049	nan
389.18918918918916	nan	nan	-0.11908589941442649	nan
390.1901901901902	nan	nan	-0.11885709851088755	nan
391.1911911911912	nan	nan	-0.11866161095096234	nan
392.1921921921923	nan	nan	-0.11749897333973974	nan
393.1931931931933	nan	nan	-0.11337486065319091	nan
394.19419419419427	nan	nan	-0.11046901730186315	nan
395.19519519519525	nan	nan	-0.10902121559424438	nan
396.19619619619624	nan	nan	-0.10863178031112708	nan
397.1971971971972	nan	nan	-0.10507329119530856	nan
398.1981981981982	nan	nan	-0.10787903223546413	nan
399.19919919919926	nan	nan	-0.10607130761162498	nan
400.20020020020024	nan	nan	-0.10906552423966925	nan
401.20120120120123	nan	nan	-0.10918417682836462	nan
402.2022022022022	nan	nan	-0.10808572070268613	nan
403.2032032032032	nan	nan	-0.11137245976935228	nan
404.2042042042042	nan	nan	-0.11129295724397575	nan
405.20520520520523	nan	nan	-0.11044295994180042	nan
406.2062062062062	nan	nan	-0.10983279587088757	nan
407.2072072072072	nan	nan	-0.11330454270634649	nan
408.2082082082082	nan	nan	-0.11401030691759434	nan
409.2092092092092	nan	nan	-0.11535207981267415	nan
410.21021021021016	nan	nan	-0.11422649535503016	nan
411.21121121121115	nan	nan	-0.11391924508130791	nan
412.21221221221214	nan	nan	-0.11510012912353873	nan
413.21321321321324	nan	nan	-0.11103596587300374	nan
414.2142142142142	nan	nan	-0.11034277911065754	nan
415.21521521521527	nan	nan	-0.10819261155641052	nan
416.21621621621625	nan	nan	-0.10579864599271904	nan
417.21721721721724	nan	nan	-0.10611339502923806	nan
418.2182182182182	nan	nan	-0.10379166469107476	nan
419.2192192192192	nan	nan	-0.10155696794649427	nan
420.2202202202202	nan	nan	-0.10044188089368022	nan
421.22122122122124	nan	nan	-0.1017914625988171	nan
422.22222222222223	nan	nan	-0.09832400439768746	nan
423.22322322322333	nan	nan	-0.1021432237321433	nan
424.2242242242243	nan	nan	-0.10312617182113881	nan
425.2252252252253	nan	nan	-0.10525511649052721	nan
426.2262262262263	nan	nan	-0.10474537156724983	nan
427.2272272272273	nan	nan	-0.10884469292342941	nan
428.22822822822826	nan	nan	-0.10477325160285184	nan
429.22922922922925	nan	nan	-0.10346455185011788	nan
430.2302302302303	nan	nan	-0.10817494322620175	nan
431.23123123123133	nan	nan	-0.10922768924337561	nan
432.23223223223226	nan	nan	-0.11119600899024079	nan
433.23323323323325	nan	nan	-0.10976477060817141	nan
434.2342342342342	nan	nan	-0.10543015652928567	nan
435.2352352352352	nan	nan	-0.10664515477041175	nan
436.23623623623627	nan	nan	-0.10620011158931325	nan
437.23723723723725	nan	nan	-0.10040528027423057	nan
438.23823823823824	nan	nan	-0.10140135442739251	nan
439.2392392392392	nan	nan	-0.10140053687117542	nan
440.2402402402402	nan	nan	-0.09472650243187364	nan
441.2412412412412	nan	nan	-0.09678854972805578	nan
442.2422422422422	nan	nan	-0.0984370255153304	nan
443.24324324324317	nan	nan	-0.0957384992513704	nan
444.24424424424427	nan	nan	-0.09201860498047232	nan
445.2452452452453	nan	nan	-0.09267067960795117	nan
446.2462462462463	nan	nan	-0.09544443272242109	nan
447.2472472472473	nan	nan	-0.09953171706413944	nan
448.2482482482483	nan	nan	-0.09714389395279571	nan
449.24924924924926	nan	nan	-0.10090729000157922	nan
450.25025025025025	nan	nan	-0.09903806086454886	nan
451.25125125125123	nan	nan	-0.10074476397324944	nan
452.2522522522522	nan	nan	-0.09975539638747671	nan
453.25325325325326	nan	nan	-0.10289305264311477	nan
454.25425425425436	nan	nan	-0.10283662730391563	nan
455.25525525525535	nan	nan	-0.1007815522398362	nan
456.25625625625634	nan	nan	-0.10224470804260699	nan
457.2572572572573	nan	nan	-0.09907888335041592	nan
458.2582582582583	nan	nan	-0.1008702031013275	nan
459.2592592592593	nan	nan	-0.09829277573357242	nan
460.2602602602603	nan	nan	-0.09627610130842668	nan
461.26126126126127	nan	nan	-0.09225620565338538	nan
462.2622622622623	nan	nan	-0.09446760432631929	nan
463.26326326326335	nan	nan	-0.09445310363784865	nan
464.2642642642643	nan	nan	-0.09093758213880898	nan
465.26526526526527	nan	nan	-0.08926981369039366	nan
466.2662662662663	nan	nan	-0.09167643688018123	nan
467.2672672672673	nan	nan	-0.0921418531503026	nan
468.2682682682683	nan	nan	-0.09239190835795136	nan
469.2692692692693	nan	nan	-0.09318041384968034	nan
470.27027027027026	nan	nan	-0.09313903851063965	nan
471.27127127127125	nan	nan	-0.09256537675876447	nan
472.27227227227223	nan	nan	-0.09284922207825286	nan
473.2732732732732	nan	nan	-0.09592837525619902	nan
474.2742742742743	nan	nan	-0.0943142772896105	nan
475.2752752752752	nan	nan	-0.09914176276276826	nan
476.2762762762763	nan	nan	-0.09893145169891682	nan
477.27727727727734	nan	nan	-0.10161653851776586	nan
478.2782782782783	nan	nan	-0.09855516624931321	nan
479.2792792792793	nan	nan	-0.09895424136670194	nan
480.2802802802803	nan	nan	-0.0994720259969854	nan
481.2812812812813	nan	nan	-0.0927401932697699	nan
482.2822822822823	nan	nan	-0.0935883229500058	nan
483.2832832832833	nan	nan	-0.09175594688130817	nan
484.28428428428424	nan	nan	-0.09514256589429138	nan
485.2852852852853	nan	nan	-0.09196676397150627	nan
486.2862862862864	nan	nan	-0.08873509660629586	nan
487.28728728728737	nan	nan	-0.08323808366058427	nan
488.28828828828836	nan	nan	-0.08590816849926824	nan
489.28928928928934	nan	nan	-0.08720990801728618	nan
490.29029029029033	nan	nan	-0.08785983301411676	nan
491.2912912912913	nan	nan	-0.08610746749070419	nan
492.2922922922923	nan	nan	-0.08809511086903793	nan
493.2932932932933	nan	nan	-0.08980210147434875	nan
494.29429429429433	nan	nan	-0.08700420051189955	nan
495.2952952952954	nan	nan	-0.09094459001725752	nan
496.2962962962963	nan	nan	-0.09330632961653756	nan
497.29729729729735	nan	nan	-0.09214294397175327	nan
498.29829829829833	nan	nan	-0.095194612791477	nan
499.2992992992993	nan	nan	-0.09458281116671341	nan
500.3003003003003	nan	nan	-0.09634325909899522	nan
501.3013013013013	nan	nan	-0.09133557974881146	nan
502.3023023023023	nan	nan	-0.09295045152966669	nan
503.30330330330327	nan	nan	-0.09355312755652712	nan
504.30430430430425	nan	nan	-0.09033385430511742	nan
505.30530530530535	nan	nan	-0.0925261427164476	nan
506.30630630630634	nan	nan	-0.09007765158376091	nan
507.3073073073072	nan	nan	-0.08458176588636457	nan
508.3083083083083	nan	nan	-0.08273379853903629	nan
509.30930930930936	nan	nan	-0.08304130113835151	nan
510.31031031031034	nan	nan	-0.08284013832926584	nan
511.31131131131133	nan	nan	-0.08071631917784378	nan
512.3123123123123	nan	nan	-0.08000301853872471	nan
513.3133133133133	nan	nan	-0.0824888494977184	nan
514.3143143143143	nan	nan	-0.08400893173826246	nan
515.3153153153153	nan	nan	-0.08202478537856112	nan
516.3163163163163	nan	nan	-0.0830944792149878	nan
517.3173173173174	nan	nan	-0.08349703633253519	nan
518.3183183183183	nan	nan	-0.08628179445511597	nan
519.3193193193193	nan	nan	-0.08487127737711958	nan
520.3203203203203	nan	nan	-0.08822647528604266	nan
521.3213213213214	nan	nan	-0.09163991495383061	nan
522.3223223223225	nan	nan	-0.09138128689939201	nan
523.3233233233234	nan	nan	-0.08687182086898071	nan
524.3243243243244	nan	nan	-0.08902785596349222	nan
525.3253253253253	nan	nan	-0.09031185674701597	nan
526.3263263263264	nan	nan	-0.08852777526450034	nan
527.3273273273275	nan	nan	-0.08650173514324788	nan
528.3283283283283	nan	nan	-0.08874665648400232	nan
529.3293293293293	nan	nan	-0.0866838089333214	nan
530.3303303303302	nan	nan	-0.08638085239021132	nan
531.3313313313313	nan	nan	-0.08322090367021645	nan
532.3323323323324	nan	nan	-0.079689038426421	nan
533.3333333333334	nan	nan	-0.07753220512879544	nan
534.3343343343344	nan	nan	-0.08061587612817872	nan
535.3353353353353	nan	nan	-0.07839321861057719	nan
536.3363363363364	nan	nan	-0.07931545757984865	nan
537.3373373373374	nan	nan	-0.08096764960582603	nan
538.3383383383384	nan	nan	-0.08107964577487431	nan
539.3393393393394	nan	nan	-0.08136997934510204	nan
540.3403403403404	nan	nan	-0.08423070032229124	nan
541.3413413413414	nan	nan	-0.08605212119470079	nan
542.3423423423424	nan	nan	-0.08549943448448366	nan
543.3433433433433	nan	nan	-0.08818587625225155	nan
544.3443443443443	nan	nan	-0.09007655623826816	nan
545.3453453453453	nan	nan	-0.08700634071321339	nan
546.3463463463463	nan	nan	-0.08851354032100223	nan
547.3473473473473	nan	nan	-0.09163666328879444	nan
548.3483483483484	nan	nan	-0.08943364094463879	nan
549.3493493493494	nan	nan	-0.08895722680508433	nan
550.3503503503504	nan	nan	-0.08570786032427796	nan
551.3513513513514	nan	nan	-0.08244481375179386	nan
552.3523523523523	nan	nan	-0.08390099208154933	nan
553.3533533533534	nan	nan	-0.08152203196950775	nan
554.3543543543545	nan	nan	-0.08253479729041657	nan
555.3553553553554	nan	nan	-0.08205376311152446	nan
556.3563563563564	nan	nan	-0.08157814825589899	nan
557.3573573573573	nan	nan	-0.08557543331791723	nan
558.3583583583584	nan	nan	-0.08012196630164892	nan
559.3593593593595	nan	nan	-0.07769602336555748	nan
560.3603603603603	nan	nan	-0.08087931655022401	nan
561.3613613613613	nan	nan	-0.08451755911698805	nan
562.3623623623622	nan	nan	-0.0797105182367357	nan
563.3633633633634	nan	nan	-0.07963826716881028	nan
564.3643643643644	nan	nan	-0.08339335498753042	nan
565.3653653653654	nan	nan	-0.08623099727732314	nan
566.3663663663664	nan	nan	-0.08591704578819148	nan
567.3673673673675	nan	nan	-0.08427425061356275	nan
568.3683683683685	nan	nan	-0.08940895697831386	nan
569.3693693693695	nan	nan	-0.08916883805085801	nan
570.3703703703704	nan	nan	-0.09008382226019684	nan
571.3713713713714	nan	nan	-0.08748466080668038	nan
572.3723723723724	nan	nan	-0.0838901698893994	nan
573.3733733733734	nan	nan	-0.08495663862637198	nan
574.3743743743744	nan	nan	-0.08206581323925838	nan
575.3753753753754	nan	nan	-0.08050545613137172	nan
576.3763763763764	nan	nan	-0.08014636874531667	nan
577.3773773773773	nan	nan	-0.0793122207570428	nan
578.3783783783783	nan	nan	-0.07607119470853141	nan
579.3793793793794	nan	nan	-0.07525072532995114	nan
580.3803803803804	nan	nan	-0.07628119855445337	nan
581.3813813813814	nan	nan	-0.07680624348737608	nan
582.3823823823824	nan	nan	-0.07648664639852179	nan
583.3833833833835	nan	nan	-0.07777925197194863	nan
584.3843843843844	nan	nan	-0.08042141157763844	nan
585.3853853853855	nan	nan	-0.07941538558457556	nan
586.3863863863866	nan	nan	-0.08020789539722539	nan
587.3873873873874	nan	nan	-0.07970781476652183	nan
588.3883883883884	nan	nan	-0.08414961455921649	nan
589.3893893893893	nan	nan	-0.087786530964089	nan
590.3903903903904	nan	nan	-0.0859293968802648	nan
591.3913913913915	nan	nan	-0.08555904687708832	nan
592.3923923923924	nan	nan	-0.0884885433744591	nan
593.3933933933934	nan	nan	-0.08477241368504895	nan
594.3943943943945	nan	nan	-0.08287419332199747	nan
595.3953953953954	nan	nan	-0.08346207140671844	nan
596.3963963963964	nan	nan	-0.08339977667480647	nan
597.3973973973974	nan	nan	-0.08290939768196004	nan
598.3983983983985	nan	nan	-0.08118847091118475	nan
599.3993993993995	nan	nan	-0.07873002712643368	nan
600.4004004004005	nan	nan	-0.07812736644053159	nan
601.4014014014015	nan	nan	-0.07816307968513775	nan
602.4024024024025	nan	nan	-0.07744626548237787	nan
603.4034034034034	nan	nan	-0.07864218341217705	nan
604.4044044044044	nan	nan	-0.07937886232140695	nan
605.4054054054054	nan	nan	-0.07749352271267357	nan
606.4064064064064	nan	nan	-0.08034676291528664	nan
607.4074074074074	nan	nan	-0.08092043256830239	nan
608.4084084084084	nan	nan	-0.08111030285880128	nan
609.4094094094094	nan	nan	-0.07985155116010634	nan
610.4104104104105	nan	nan	-0.0820438286648087	nan
611.4114114114114	nan	nan	-0.0803765421722501	nan
612.4124124124124	nan	nan	-0.0825959617465945	nan
613.4134134134134	nan	nan	-0.08258979771528457	nan
614.4144144144145	nan	nan	-0.08254601584699989	nan
615.4154154154155	nan	nan	-0.08342477316677605	nan
616.4164164164164	nan	nan	-0.08031935638848237	nan
617.4174174174175	nan	nan	-0.08163964481616898	nan
618.4184184184186	nan	nan	-0.08453823930693832	nan
619.4194194194195	nan	nan	-0.08010423578431658	nan
620.4204204204204	nan	nan	-0.07885136653855351	nan
621.4214214214213	nan	nan	-0.07659462168776121	nan
622.4224224224224	nan	nan	-0.07642219844175785	nan
623.4234234234235	nan	nan	-0.07628225679298595	nan
624.4244244244244	nan	nan	-0.07876810128312706	nan
625.4254254254255	nan	nan	-0.07466199046127736	nan
626.4264264264265	nan	nan	-0.07567554803174778	nan
627.4274274274275	nan	nan	-0.07511963657683401	nan
628.4284284284284	nan	nan	-0.07669961785615836	nan
629.4294294294295	nan	nan	-0.07631692356033232	nan
630.4304304304305	nan	nan	-0.0769219921217057	nan
631.4314314314315	nan	nan	-0.07593714813910868	nan
632.4324324324325	nan	nan	-0.07978893645193563	nan
633.4334334334335	nan	nan	-0.0809588001445829	nan
634.4344344344345	nan	nan	-0.08194469575656849	nan
635.4354354354355	nan	nan	-0.08260508849593284	nan
636.4364364364365	nan	nan	-0.07738014556253264	nan
637.4374374374374	nan	nan	-0.07764712581866373	nan
638.4384384384384	nan	nan	-0.08060699839416136	nan
639.4394394394394	nan	nan	-0.0771554176932569	nan
640.4404404404404	nan	nan	-0.08104180105428554	nan
641.4414414414415	nan	nan	-0.07927088230436313	nan
642.4424424424425	nan	nan	-0.07895426486486057	nan
643.4434434434435	nan	nan	-0.07427694755107328	nan
644.4444444444445	nan	nan	-0.07580562501938165	nan
645.4454454454457	nan	nan	-0.07674668186830752	nan
646.4464464464465	nan	nan	-0.07703807573347932	nan
647.4474474474475	nan	nan	-0.07593537270330197	nan
648.4484484484484	nan	nan	-0.07688605517457159	nan
649.4494494494495	nan	nan	-0.0753581796151635	nan
650.4504504504506	nan	nan	-0.0711127080319009	nan
651.4514514514515	nan	nan	-0.0718878097052359	nan
652.4524524524525	nan	nan	-0.07145650898262879	nan
653.4534534534533	nan	nan	-0.07190849708875585	nan
654.4544544544544	nan	nan	-0.07541112048999288	nan
655.4554554554555	nan	nan	-0.0742785969172372	nan
656.4564564564565	nan	nan	-0.07713988289332108	nan
657.4574574574575	nan	nan	-0.07857186373800995	nan
658.4584584584585	nan	nan	-0.07735741209376573	nan
659.4594594594595	nan	nan	-0.0790977401991717	nan
660.4604604604606	nan	nan	-0.07895107370317789	nan
661.4614614614616	nan	nan	-0.0789900051275263	nan
662.4624624624626	nan	nan	-0.08068624652877787	nan
663.4634634634635	nan	nan	-0.08141915935594596	nan
664.4644644644645	nan	nan	-0.08241526484832107	nan
665.4654654654655	nan	nan	-0.08060889973253177	nan
666.4664664664665	nan	nan	-0.07987623152849677	nan
667.4674674674675	nan	nan	-0.07682211090365021	nan
668.4684684684685	nan	nan	-0.07698972188702091	nan
669.4694694694695	nan	nan	-0.07329212972956495	nan
670.4704704704704	nan	nan	-0.0733085293876592	nan
671.4714714714714	nan	nan	-0.07188299749292648	nan
672.4724724724725	nan	nan	-0.07301014507683035	nan
673.4734734734735	nan	nan	-0.07430622675151743	nan
674.4744744744745	nan	nan	-0.07449635254331993	nan
675.4754754754755	nan	nan	-0.07336407362103609	nan
676.4764764764766	nan	nan	-0.07539150267214223	nan
677.4774774774777	nan	nan	-0.07493250693849679	nan
678.4784784784786	nan	nan	-0.07985906610060839	nan
679.4794794794796	nan	nan	-0.07873325636472572	nan
680.4804804804804	nan	nan	-0.08193346944476082	nan
681.4814814814815	nan	nan	-0.0798870031133761	nan
682.4824824824826	nan	nan	-0.07959429825679892	nan
683.4834834834834	nan	nan	-0.0794986836223302	nan
684.4844844844844	nan	nan	-0.07672036629113732	nan
685.4854854854854	nan	nan	-0.07658338584501279	nan
686.4864864864863	nan	nan	-0.0778518086780568	nan
687.4874874874876	nan	nan	-0.0800126703823299	nan
688.4884884884885	nan	nan	-0.0767799486957963	nan
689.4894894894895	nan	nan	-0.07694644990069444	nan
690.4904904904905	nan	nan	-0.0760437947762782	nan
691.4914914914916	nan	nan	-0.07655621332184787	nan
692.4924924924926	nan	nan	-0.07839404406901351	nan
693.4934934934936	nan	nan	-0.07966675935582518	nan
694.4944944944946	nan	nan	-0.078074985917575	nan
695.4954954954956	nan	nan	-0.07545133767948808	nan
696.4964964964965	nan	nan	-0.07437090402206142	nan
697.4974974974975	nan	nan	-0.07696123845306707	nan
698.4984984984985	nan	nan	-0.07397533381325555	nan
699.4994994994995	nan	nan	-0.07639079102411045	nan
700.5005005005005	nan	nan	-0.07927140923653309	nan
701.5015015015015	nan	nan	-0.0780886823035209	nan
702.5025025025025	nan	nan	-0.07816360949056228	nan
703.5035035035036	nan	nan	-0.07654631839134213	nan
704.5045045045046	nan	nan	-0.07618724015172945	nan
705.5055055055055	nan	nan	-0.0791962206940201	nan
706.5065065065065	nan	nan	-0.07812571839274773	nan
707.5075075075077	nan	nan	-0.07949218800741509	nan
708.5085085085087	nan	nan	-0.07649930057406706	nan
709.5095095095097	nan	nan	-0.07799654842599757	nan
710.5105105105107	nan	nan	-0.07699720369825164	nan
711.5115115115117	nan	nan	-0.0726099320964047	nan
712.5125125125127	nan	nan	-0.07599813890465379	nan
713.5135135135137	nan	nan	-0.07557058353465801	nan
714.5145145145146	nan	nan	-0.07407713465238996	nan
715.5155155155156	nan	nan	-0.07069722671377154	nan
716.5165165165166	nan	nan	-0.07233359686571927	nan
717.5175175175176	nan	nan	-0.07195198270941489	nan
718.5185185185186	nan	nan	-0.070825092337714	nan
719.5195195195196	nan	nan	-0.07214215487956532	nan
720.5205205205206	nan	nan	-0.07247866292225652	nan
721.5215215215215	nan	nan	-0.07402451624326944	nan
722.5225225225225	nan	nan	-0.07693038496603033	nan
723.5235235235235	nan	nan	-0.07348577676371837	nan
724.5245245245246	nan	nan	-0.07451865666360025	nan
725.5255255255256	nan	nan	-0.07450254320541844	nan
726.5265265265266	nan	nan	-0.07196111364304258	nan
727.5275275275276	nan	nan	-0.07540972708840038	nan
728.5285285285286	nan	nan	-0.07817543297693896	nan
729.5295295295296	nan	nan	-0.07589882287783445	nan
730.5305305305305	nan	nan	-0.07784564126710958	nan
731.5315315315315	nan	nan	-0.07653797043388927	nan
732.5325325325326	nan	nan	-0.07849901777647633	nan
733.5335335335336	nan	nan	-0.07837681112398348	nan
734.5345345345346	nan	nan	-0.07825434093141698	nan
735.5355355355356	nan	nan	-0.07562051476915993	nan
736.5365365365366	nan	nan	-0.07456584855961318	nan
737.5375375375376	nan	nan	-0.07360387279048597	nan
738.5385385385385	nan	nan	-0.07043321583115353	nan
739.5395395395395	nan	nan	-0.07074931491299641	nan
740.5405405405405	nan	nan	-0.0722435939771296	nan
741.5415415415415	nan	nan	-0.07121820204011625	nan
742.5425425425425	nan	nan	-0.06889081863964536	nan
743.5435435435435	nan	nan	-0.06737049237408216	nan
744.5445445445445	nan	nan	-0.07140137636394417	nan
745.5455455455455	nan	nan	-0.07055299612882165	nan
746.5465465465464	nan	nan	-0.07051055827516978	nan
747.5475475475477	nan	nan	-0.07273077979278514	nan
748.5485485485486	nan	nan	-0.07519457617649483	nan
749.5495495495496	nan	nan	-0.0755829501771147	nan
750.5505505505506	nan	nan	-0.07444637826407385	nan
751.5515515515516	nan	nan	-0.07572366719363477	nan
752.5525525525526	nan	nan	-0.07763449933949468	nan
753.5535535535536	nan	nan	-0.07530123535122218	nan
754.5545545545546	nan	nan	-0.0751290756546194	nan
755.5555555555557	nan	nan	-0.077746790639934	nan
756.5565565565566	nan	nan	-0.07691936894802703	nan
757.5575575575576	nan	nan	-0.07334233599825662	nan
758.5585585585586	nan	nan	-0.07316938508401016	nan
759.5595595595596	nan	nan	-0.07085837501029668	nan
760.5605605605606	nan	nan	-0.0694594144381891	nan
761.5615615615616	nan	nan	-0.06999761338922494	nan
762.5625625625626	nan	nan	-0.07145538024336412	nan
763.5635635635637	nan	nan	-0.07002365047275266	nan
764.5645645645646	nan	nan	-0.07103129866679103	nan
765.5655655655656	nan	nan	-0.06996454405969482	nan
766.5665665665666	nan	nan	-0.06862601995142353	nan
767.5675675675676	nan	nan	-0.06778836583156228	nan
768.5685685685686	nan	nan	-0.07010099230861233	nan
769.5695695695696	nan	nan	-0.07399116380971632	nan
770.5705705705706	nan	nan	-0.06891101509049308	nan
771.5715715715718	nan	nan	-0.07440799851602603	nan
772.5725725725728	nan	nan	-0.07170006233258175	nan
773.5735735735738	nan	nan	-0.07288764426893579	nan
774.5745745745747	nan	nan	-0.07309872708371717	nan
775.5755755755757	nan	nan	-0.07250333635288564	nan
776.5765765765767	nan	nan	-0.0742632425605077	nan
777.5775775775777	nan	nan	-0.07073942049674398	nan
778.5785785785787	nan	nan	-0.07193641591341005	nan
779.5795795795797	nan	nan	-0.07682644477159661	nan
780.5805805805807	nan	nan	-0.07590308322470679	nan
781.5815815815816	nan	nan	-0.0729198385942702	nan
782.5825825825826	nan	nan	-0.07095097934418587	nan
783.5835835835836	nan	nan	-0.068755204676333	nan
784.5845845845846	nan	nan	-0.06809750620819299	nan
785.5855855855856	nan	nan	-0.07136407256215715	nan
786.5865865865867	nan	nan	-0.06975268522760464	nan
787.5875875875877	nan	nan	-0.07274397641731728	nan
788.5885885885887	nan	nan	-0.06958750096662841	nan
789.5895895895897	nan	nan	-0.06781094636929319	nan
790.5905905905906	nan	nan	-0.07003950312300755	nan
791.5915915915916	nan	nan	-0.07053956280719864	nan
792.5925925925926	nan	nan	-0.06885729011611486	nan
793.5935935935936	nan	nan	-0.07207899055490258	nan
794.5945945945947	nan	nan	-0.06833170881569328	nan
795.5955955955957	nan	nan	-0.06751929884417546	nan
796.5965965965967	nan	nan	-0.06804087163565198	nan
797.5975975975977	nan	nan	-0.07455705969733206	nan
798.5985985985986	nan	nan	-0.07602471909893127	nan
799.5995995995996	nan	nan	-0.0736420357343599	nan
800.6006006006006	nan	nan	-0.0702779972154246	nan
801.6016016016016	nan	nan	-0.07302113536242838	nan
802.6026026026026	nan	nan	-0.06934960311618088	nan
803.6036036036036	nan	nan	-0.07096096058439938	nan
804.6046046046046	nan	nan	-0.068765977268195	nan
805.6056056056055	nan	nan	-0.0660282123726384	nan
806.6066066066065	nan	nan	-0.06559124008336387	nan
807.6076076076075	nan	nan	-0.06758908982665268	nan
808.6086086086085	nan	nan	-0.06805586735141833	nan
809.6096096096097	nan	nan	-0.06602122657985426	nan
810.6106106106107	nan	nan	-0.06791192316220851	nan
811.6116116116117	nan	nan	-0.06687875048730002	nan
812.6126126126127	nan	nan	-0.06752653517454277	nan
813.6136136136137	nan	nan	-0.07098938302596339	nan
814.6146146146147	nan	nan	-0.07117202440913739	nan
815.6156156156156	nan	nan	-0.06817244752218776	nan
816.6166166166166	nan	nan	-0.06847619980452435	nan
817.6176176176177	nan	nan	-0.06962939967723164	nan
818.6186186186187	nan	nan	-0.06774005396125449	nan
819.6196196196197	nan	nan	-0.06853822520791153	nan
820.6206206206207	nan	nan	-0.0676737115706037	nan
821.6216216216217	nan	nan	-0.07163665204532671	nan
822.6226226226227	nan	nan	-0.06768042299855376	nan
823.6236236236236	nan	nan	-0.07223851489981375	nan
824.6246246246246	nan	nan	-0.06757087927537875	nan
825.6256256256257	nan	nan	-0.06855516267039641	nan
826.6266266266267	nan	nan	-0.06985609338345983	nan
827.6276276276277	nan	nan	-0.06523032815013763	nan
828.6286286286287	nan	nan	-0.06818102125843628	nan
829.6296296296297	nan	nan	-0.06496336558888455	nan
830.6306306306307	nan	nan	-0.06793451563366393	nan
831.6316316316316	nan	nan	-0.06952711377912996	nan
832.6326326326326	nan	nan	-0.07024657566047654	nan
833.6336336336338	nan	nan	-0.06828178630291604	nan
834.6346346346348	nan	nan	-0.06317690539968268	nan
835.6356356356358	nan	nan	-0.06802367571289603	nan
836.6366366366368	nan	nan	-0.06826674493701701	nan
837.6376376376378	nan	nan	-0.06720323800496619	nan
838.6386386386388	nan	nan	-0.07018938555195814	nan
839.6396396396398	nan	nan	-0.06863170554347903	nan
840.6406406406408	nan	nan	-0.07113365362159885	nan
841.6416416416417	nan	nan	-0.07112211256703066	nan
842.6426426426427	nan	nan	-0.07020498022581279	nan
843.6436436436437	nan	nan	-0.07280550917828249	nan
844.6446446446447	nan	nan	-0.06973096850322008	nan
845.6456456456457	nan	nan	-0.0726784776647853	nan
846.6466466466467	nan	nan	-0.06722444271452149	nan
847.6476476476477	nan	nan	-0.07099188293712089	nan
848.6486486486488	nan	nan	-0.07065510827348948	nan
849.6496496496497	nan	nan	-0.07100398035844224	nan
850.6506506506507	nan	nan	-0.07032286419192957	nan
851.6516516516517	nan	nan	-0.06785045863618056	nan
852.6526526526527	nan	nan	-0.06889167367275267	nan
853.6536536536537	nan	nan	-0.06781310109421179	nan
854.6546546546548	nan	nan	-0.07016545713775107	nan
855.6556556556556	nan	nan	-0.07088064764472712	nan
856.6566566566568	nan	nan	-0.06699882930466683	nan
857.6576576576578	nan	nan	-0.07165358463755617	nan
858.6586586586587	nan	nan	-0.07032257374288553	nan
859.6596596596597	nan	nan	-0.07072973261120574	nan
860.6606606606607	nan	nan	-0.06947096182301588	nan
861.6616616616617	nan	nan	-0.07119352734946965	nan
862.6626626626627	nan	nan	-0.06790978426420746	nan
863.6636636636637	nan	nan	-0.0651344498331135	nan
864.6646646646647	nan	nan	-0.07218616987199111	nan
865.6656656656656	nan	nan	-0.06969038275860268	nan
866.6666666666666	nan	nan	-0.07150830121718543	nan
867.6676676676676	nan	nan	-0.07004514993247524	nan
868.6686686686686	nan	nan	-0.07092147099219875	nan
869.6696696696696	nan	nan	-0.06953461328900801	nan
870.6706706706706	nan	nan	-0.06945966563758604	nan
871.6716716716716	nan	nan	-0.06905250982447808	nan
872.6726726726729	nan	nan	-0.06989956250519175	nan
873.6736736736735	nan	nan	-0.07032014124764768	nan
874.6746746746747	nan	nan	-0.06639857157299184	nan
875.6756756756757	nan	nan	-0.06617836514662206	nan
876.6766766766767	nan	nan	-0.0675781245663809	nan
877.6776776776778	nan	nan	-0.0659933048847185	nan
878.6786786786785	nan	nan	-0.06960951678391325	nan
879.6796796796798	nan	nan	-0.06466205449039214	nan
880.6806806806808	nan	nan	-0.06492713524045213	nan
881.6816816816818	nan	nan	-0.06702999044472513	nan
882.6826826826828	nan	nan	-0.0702508895163032	nan
883.6836836836837	nan	nan	-0.0683166882531866	nan
884.6846846846847	nan	nan	-0.06556309574725017	nan
885.6856856856857	nan	nan	-0.06743873993482946	nan
886.6866866866867	nan	nan	-0.06643026485847164	nan
887.6876876876878	nan	nan	-0.07069936932879695	nan
888.6886886886888	nan	nan	-0.0699817929458294	nan
889.6896896896898	nan	nan	-0.07183436430472423	nan
890.690690690691	nan	nan	-0.06914925022718776	nan
891.6916916916916	nan	nan	-0.0695416507812534	nan
892.6926926926927	nan	nan	-0.0694267303877697	nan
893.6936936936937	nan	nan	-0.06689388368772231	nan
894.6946946946947	nan	nan	-0.06940034802894968	nan
895.6956956956959	nan	nan	-0.06570111276671797	nan
896.6966966966969	nan	nan	-0.06536325293767636	nan
897.6976976976979	nan	nan	-0.06549351101972678	nan
898.6986986986989	nan	nan	-0.06380262721425933	nan
899.6996996996999	nan	nan	-0.06568902172986851	nan
900.7007007007008	nan	nan	-0.06537935132685069	nan
901.7017017017018	nan	nan	-0.06688598402303714	nan
902.7027027027028	nan	nan	-0.06420892243320761	nan
903.7037037037038	nan	nan	-0.06301596011937866	nan
904.7047047047048	nan	nan	-0.06493459096579263	nan
905.7057057057058	nan	nan	-0.0661775173830492	nan
906.7067067067068	nan	nan	-0.06940110617960871	nan
907.7077077077078	nan	nan	-0.06504286052338737	nan
908.7087087087087	nan	nan	-0.06753002900692956	nan
909.7097097097097	nan	nan	-0.06886530349455594	nan
910.7107107107108	nan	nan	-0.06838378657634486	nan
911.7117117117118	nan	nan	-0.0736425668330804	nan
912.7127127127128	nan	nan	-0.07034488309936532	nan
913.7137137137139	nan	nan	-0.06705924694946658	nan
914.7147147147147	nan	nan	-0.06793745846175953	nan
915.7157157157158	nan	nan	-0.06912345752906374	nan
916.7167167167167	nan	nan	-0.06661156336353535	nan
917.7177177177177	nan	nan	-0.07031481439053583	nan
918.7187187187188	nan	nan	-0.0690259535700275	nan
919.7197197197198	nan	nan	-0.06784025070761113	nan
920.7207207207208	nan	nan	-0.06350050576274918	nan
921.7217217217218	nan	nan	-0.06270768963823387	nan
922.7227227227228	nan	nan	-0.0644391377884625	nan
923.7237237237238	nan	nan	-0.06758405406313128	nan
924.7247247247248	nan	nan	-0.06660003167277828	nan
925.7257257257257	nan	nan	-0.06574462457716351	nan
926.7267267267267	nan	nan	-0.06724187137209547	nan
927.7277277277277	nan	nan	-0.06507940761633041	nan
928.7287287287287	nan	nan	-0.06529696930274859	nan
929.7297297297297	nan	nan	-0.06726043106149304	nan
930.7307307307307	nan	nan	-0.06808118851874212	nan
931.7317317317317	nan	nan	-0.06704022287707256	nan
932.7327327327326	nan	nan	-0.06747398742529065	nan
933.7337337337336	nan	nan	-0.07049991775155484	nan
934.7347347347348	nan	nan	-0.07105715651405642	nan
935.7357357357358	nan	nan	-0.07160930538960425	nan
936.7367367367369	nan	nan	-0.07308993281787157	nan
937.7377377377376	nan	nan	-0.06828774980796515	nan
938.7387387387388	nan	nan	-0.06908349382383783	nan
939.7397397397398	nan	nan	-0.06859200052924563	nan
940.7407407407408	nan	nan	-0.06571674038755693	nan
941.7417417417419	nan	nan	-0.06525614191203843	nan
942.7427427427428	nan	nan	-0.06711461687925468	nan
943.7437437437438	nan	nan	-0.06515462757856327	nan
944.7447447447448	nan	nan	-0.06419745061134374	nan
945.7457457457458	nan	nan	-0.06853018360847918	nan
946.7467467467468	nan	nan	-0.06654414100985778	nan
947.7477477477478	nan	nan	-0.06648210860993631	nan
948.7487487487488	nan	nan	-0.06663679836087733	nan
949.7497497497501	nan	nan	-0.06464164224043711	nan
950.7507507507507	nan	nan	-0.06549003656564206	nan
951.7517517517518	nan	nan	-0.06604785583489142	nan
952.7527527527528	nan	nan	-0.06455785359158489	nan
953.7537537537538	nan	nan	-0.06466391939972843	nan
954.754754754755	nan	nan	-0.06613323240389962	nan
955.7557557557557	nan	nan	-0.06906516071949859	nan
956.7567567567568	nan	nan	-0.06853933170946203	nan
957.757757757758	nan	nan	-0.06680574106443854	nan
958.758758758759	nan	nan	-0.06864861746318773	nan
959.75975975976	nan	nan	-0.06793664811717626	nan
960.760760760761	nan	nan	-0.06668027907667129	nan
961.7617617617619	nan	nan	-0.06759286948322041	nan
962.7627627627629	nan	nan	-0.06560091918724559	nan
963.7637637637639	nan	nan	-0.06149752704492534	nan
964.7647647647649	nan	nan	-0.06490079114525549	nan
965.7657657657659	nan	nan	-0.0680089003385288	nan
966.7667667667669	nan	nan	-0.06570460595480127	nan
967.7677677677679	nan	nan	-0.06540354745815924	nan
968.7687687687688	nan	nan	-0.063450267848423	nan
969.7697697697698	nan	nan	-0.06547256981448979	nan
970.7707707707708	nan	nan	-0.06266472427983305	nan
971.7717717717718	nan	nan	-0.06099773739516384	nan
972.772772772773	nan	nan	-0.0618708598306858	nan
973.7737737737738	nan	nan	-0.06205159909726293	nan
974.7747747747749	nan	nan	-0.0647157766325096	nan
975.7757757757759	nan	nan	-0.062145609686722725	nan
976.7767767767768	nan	nan	-0.06794389378402299	nan
977.7777777777779	nan	nan	-0.06566537834624953	nan
978.7787787787787	nan	nan	-0.0661028751476937	nan
979.7797797797798	nan	nan	-0.06712286752145358	nan
980.7807807807809	nan	nan	-0.06357380196429274	nan
981.7817817817819	nan	nan	-0.06617835160444047	nan
982.7827827827829	nan	nan	-0.06709844775861706	nan
983.7837837837839	nan	nan	-0.06857153676949723	nan
984.7847847847848	nan	nan	-0.06670209896405	nan
985.7857857857858	nan	nan	-0.06508878729052647	nan
986.7867867867868	nan	nan	-0.062085165098870965	nan
987.7877877877878	nan	nan	-0.06362001465745598	nan
988.7887887887888	nan	nan	-0.06186468043371035	nan
989.7897897897898	nan	nan	-0.062123847938088395	nan
990.7907907907908	nan	nan	-0.059007674844088254	nan
991.7917917917918	nan	nan	-0.05797369558514537	nan
992.7927927927927	nan	nan	-0.06002607815541866	nan
993.7937937937937	nan	nan	-0.06075067693503372	nan
994.7947947947947	nan	nan	-0.062323391741539114	nan
995.7957957957957	nan	nan	-0.061479281455978474	nan
996.7967967967967	nan	nan	-0.06195061799662638	nan
997.7977977977979	nan	nan	-0.061616510592203244	nan
998.7987987987989	nan	nan	-0.06197612782189754	nan
999.7997997997999	nan	nan	-0.06758725461728243	nan
1000.800800800801	nan	nan	-0.06302754320382231	nan
1001.8018018018016	nan	nan	-0.06060883854531274	nan
1002.8028028028028	nan	nan	-0.06471332233112148	nan
1003.8038038038039	nan	nan	-0.06440260110152557	nan
1004.8048048048049	nan	nan	-0.06215981931843162	nan
1005.8058058058059	nan	nan	-0.06622776910560857	nan
1006.8068068068069	nan	nan	-0.06247081547542899	nan
1007.8078078078079	nan	nan	-0.062448013996253715	nan
1008.8088088088089	nan	nan	-0.06272621823602281	nan
1009.8098098098098	nan	nan	-0.06210501571771815	nan
1010.8108108108108	nan	nan	-0.061716151446295664	nan
1011.8118118118119	nan	nan	-0.06281351714069289	nan
1012.8128128128129	nan	nan	-0.06160738018348283	nan
1013.8138138138141	nan	nan	-0.06171989901502295	nan
1014.8148148148148	nan	nan	-0.06531757980416342	nan
1015.8158158158159	nan	nan	-0.060186120793583764	nan
1016.8168168168169	nan	nan	-0.06128295363073466	nan
1017.8178178178179	nan	nan	-0.0599293995578975	nan
1018.8188188188191	nan	nan	-0.06100232768822805	nan
1019.81981981982	nan	nan	-0.0598141605985284	nan
1020.820820820821	nan	nan	-0.05796481229812589	nan
1021.821821821822	nan	nan	-0.05765330163374199	nan
1022.822822822823	nan	nan	-0.0608132291878265	nan
1023.823823823824	nan	nan	-0.06450652125883838	nan
1024.8248248248249	nan	nan	-0.061340963674774485	nan
1025.8258258258259	nan	nan	-0.05946478908483127	nan
1026.8268268268268	nan	nan	-0.06038165873462892	nan
1027.8278278278278	nan	nan	-0.06084788245811096	nan
1028.828828828829	nan	nan	-0.060895964861531926	nan
1029.82982982983	nan	nan	-0.06023073163525089	nan
1030.830830830831	nan	nan	-0.06037923426590497	nan
1031.8318318318322	nan	nan	-0.06109200365291784	nan
1032.8328328328328	nan	nan	-0.059986579389474604	nan
1033.833833833834	nan	nan	-0.05842191424115167	nan
1034.834834834835	nan	nan	-0.056518603949882174	nan
1035.835835835836	nan	nan	-0.05838219635602904	nan
1036.8368368368372	nan	nan	-0.05821032402106541	nan
1037.8378378378377	nan	nan	-0.060250095544827076	nan
1038.838838838839	nan	nan	-0.0609870394570341	nan
1039.83983983984	nan	nan	-0.05870555997732951	nan
1040.8408408408409	nan	nan	-0.05529452996566314	nan
1041.841841841842	nan	nan	-0.058625531136809406	nan
1042.8428428428426	nan	nan	-0.06192404015360131	nan
1043.8438438438438	nan	nan	-0.061132839535775085	nan
1044.8448448448448	nan	nan	-0.05987676281372628	nan
1045.8458458458458	nan	nan	-0.060883328790962365	nan
1046.846846846847	nan	nan	-0.06351041299012039	nan
1047.8478478478476	nan	nan	-0.06012058379629237	nan
1048.8488488488488	nan	nan	-0.06281078585023436	nan
1049.8498498498498	nan	nan	-0.06026964226205456	nan
1050.850850850851	nan	nan	-0.06211465445366873	nan
1051.851851851852	nan	nan	-0.06399944957072307	nan
1052.852852852853	nan	nan	-0.06396345310787141	nan
1053.853853853854	nan	nan	-0.06414152463226125	nan
1054.854854854855	nan	nan	-0.06181683853092301	nan
1055.855855855856	nan	nan	-0.061882926529329696	nan
1056.856856856857	nan	nan	-0.061087986331028965	nan
1057.8578578578579	nan	nan	-0.05925905627797884	nan
1058.858858858859	nan	nan	-0.06245012583678883	nan
1059.85985985986	nan	nan	-0.06646487882289115	nan
1060.860860860861	nan	nan	-0.0626558253671835	nan
1061.861861861862	nan	nan	-0.06232550648591623	nan
1062.862862862863	nan	nan	-0.06293810130145866	nan
1063.863863863864	nan	nan	-0.05988345377835197	nan
1064.864864864865	nan	nan	-0.061633139853543906	nan
1065.865865865866	nan	nan	-0.05987189168957058	nan
1066.866866866867	nan	nan	-0.06160763277165637	nan
1067.867867867868	nan	nan	-0.06409000297448558	nan
1068.868868868869	nan	nan	-0.06446412866942253	nan
1069.86986986987	nan	nan	-0.06552228334031113	nan
1070.870870870871	nan	nan	-0.06261746388781397	nan
1071.871871871872	nan	nan	-0.06251109912064895	nan
1072.872872872873	nan	nan	-0.06176288170362321	nan
1073.873873873874	nan	nan	-0.06324593137234996	nan
1074.8748748748749	nan	nan	-0.06414375605719363	nan
1075.8758758758759	nan	nan	-0.07006262656574225	nan
1076.8768768768768	nan	nan	-0.06558188407590854	nan
1077.8778778778778	nan	nan	-0.06285648108805003	nan
1078.8788788788788	nan	nan	-0.061961096310978236	nan
1079.8798798798798	nan	nan	-0.060213541233370804	nan
1080.8808808808808	nan	nan	-0.058715518063791494	nan
1081.881881881882	nan	nan	-0.06087933394456313	nan
1082.882882882883	nan	nan	-0.06075929302288363	nan
1083.883883883884	nan	nan	-0.06205458565905286	nan
1084.884884884885	nan	nan	-0.06009377919866504	nan
1085.885885885886	nan	nan	-0.058410921964360873	nan
1086.886886886887	nan	nan	-0.06136135979313978	nan
1087.887887887888	nan	nan	-0.06133210916004361	nan
1088.888888888889	nan	nan	-0.06173952056002752	nan
1089.8898898898901	nan	nan	-0.060155534759295914	nan
1090.8908908908913	nan	nan	-0.06148332304682297	nan
1091.8918918918919	nan	nan	-0.05961437464696051	nan
1092.892892892893	nan	nan	-0.06225164944010492	nan
1093.893893893894	nan	nan	-0.06178728012499002	nan
1094.894894894895	nan	nan	-0.061382022588931495	nan
1095.8958958958963	nan	nan	-0.06171425520708568	nan
1096.8968968968968	nan	nan	-0.06353890606516804	nan
1097.897897897898	nan	nan	-0.06213000281566344	nan
1098.898898898899	nan	nan	-0.060519406377369855	nan
1099.8998998999	nan	nan	-0.059143009394057755	nan
1100.9009009009012	nan	nan	-0.05998443253078689	nan
1101.9019019019017	nan	nan	-0.060512173271338454	nan
1102.902902902903	nan	nan	-0.06017835275331773	nan
1103.903903903904	nan	nan	-0.05868969591554185	nan
1104.904904904905	nan	nan	-0.05617296798638599	nan
1105.9059059059061	nan	nan	-0.05626508116811291	nan
1106.9069069069067	nan	nan	-0.060337344181012	nan
1107.9079079079079	nan	nan	-0.05981633756938809	nan
1108.9089089089089	nan	nan	-0.06086616159178404	nan
1109.9099099099099	nan	nan	-0.06018265158105868	nan
1110.910910910911	nan	nan	-0.06145671717824569	nan
1111.9119119119116	nan	nan	-0.06123379769570547	nan
1112.912912912913	nan	nan	-0.06091769337031866	nan
1113.913913913914	nan	nan	-0.06123378277795655	nan
1114.914914914915	nan	nan	-0.05925497752730302	nan
1115.915915915916	nan	nan	-0.06400213846902014	nan
1116.916916916917	nan	nan	-0.06315510131745938	nan
1117.917917917918	nan	nan	-0.06121928148378997	nan
1118.918918918919	nan	nan	-0.06090775535925985	nan
1119.91991991992	nan	nan	-0.06188962165491091	nan
1120.9209209209212	nan	nan	-0.06357243445414512	nan
1121.9219219219221	nan	nan	-0.06303047579531423	nan
1122.9229229229231	nan	nan	-0.061767948078383594	nan
1123.9239239239241	nan	nan	-0.06126761741957454	nan
1124.924924924925	nan	nan	-0.06010017803935008	nan
1125.925925925926	nan	nan	-0.0574620946279053	nan
1126.926926926927	nan	nan	-0.06059757090050816	nan
1127.927927927928	nan	nan	-0.062268310642126345	nan
1128.928928928929	nan	nan	-0.061769572895055525	nan
1129.92992992993	nan	nan	-0.05579211658596733	nan
1130.930930930931	nan	nan	-0.05505732964456561	nan
1131.931931931932	nan	nan	-0.06255351630091976	nan
1132.932932932933	nan	nan	-0.06148167620692052	nan
1133.933933933934	nan	nan	-0.056532823210440675	nan
1134.934934934935	nan	nan	-0.0574075334149029	nan
1135.935935935936	nan	nan	-0.05668162124362952	nan
1136.936936936937	nan	nan	-0.06221272557892421	nan
1137.937937937938	nan	nan	-0.06345456700683011	nan
1138.938938938939	nan	nan	-0.06202500109440323	nan
1139.93993993994	nan	nan	-0.06421003950279891	nan
1140.940940940941	nan	nan	-0.06168042724848455	nan
1141.9419419419419	nan	nan	-0.06367154741245679	nan
1142.9429429429429	nan	nan	-0.06460131858412949	nan
1143.943943943944	nan	nan	-0.06575159173381684	nan
1144.944944944945	nan	nan	-0.06534525324490553	nan
1145.945945945946	nan	nan	-0.06373683094837945	nan
1146.946946946947	nan	nan	-0.06253230532876364	nan
1147.947947947948	nan	nan	-0.060666862936120836	nan
1148.948948948949	nan	nan	-0.06134553138854876	nan
1149.94994994995	nan	nan	-0.060484803923315344	nan
1150.950950950951	nan	nan	-0.05849903680160923	nan
1151.9519519519522	nan	nan	-0.058718186148966456	nan
1152.9529529529532	nan	nan	-0.055293171821953147	nan
1153.9539539539542	nan	nan	-0.05603307964574267	nan
1154.9549549549554	nan	nan	-0.05626617732741612	nan
1155.955955955956	nan	nan	-0.058688643537083196	nan
1156.9569569569571	nan	nan	-0.05713527033708582	nan
1157.9579579579581	nan	nan	-0.061368394494029754	nan
1158.958958958959	nan	nan	-0.06182415552606524	nan
1159.9599599599603	nan	nan	-0.0637656170753303	nan
1160.9609609609608	nan	nan	-0.061195984270360104	nan
1161.961961961962	nan	nan	-0.06409619420828189	nan
1162.962962962963	nan	nan	-0.06223181962978114	nan
1163.963963963964	nan	nan	-0.06220979534570131	nan
1164.9649649649652	nan	nan	-0.06235240880566523	nan
1165.9659659659658	nan	nan	-0.06319462186701968	nan
1166.966966966967	nan	nan	-0.06243538214263422	nan
1167.967967967968	nan	nan	-0.058079543976319314	nan
1168.968968968969	nan	nan	-0.05973120564670592	nan
1169.9699699699702	nan	nan	-0.05805695957533813	nan
1170.9709709709707	nan	nan	-0.05626347366538692	nan
1171.971971971972	nan	nan	-0.05704095512297597	nan
1172.972972972973	nan	nan	-0.05883390289048551	nan
1173.973973973974	nan	nan	-0.05889112332920321	nan
1174.974974974975	nan	nan	-0.05848076389539225	nan
1175.975975975976	nan	nan	-0.05518735335328995	nan
1176.976976976977	nan	nan	-0.056537973819326015	nan
1177.977977977978	nan	nan	-0.06006796428593514	nan
1178.978978978979	nan	nan	-0.05890051987812106	nan
1179.97997997998	nan	nan	-0.061036955712445995	nan
1180.980980980981	nan	nan	-0.06010501655652689	nan
1181.981981981982	nan	nan	-0.05871116949899868	nan
1182.9829829829832	nan	nan	-0.0621850500324711	nan
1183.9839839839842	nan	nan	-0.0599376944683952	nan
1184.9849849849852	nan	nan	-0.06009294288195727	nan
1185.9859859859862	nan	nan	-0.06207118917698101	nan
1186.9869869869872	nan	nan	-0.06285781081411002	nan
1187.9879879879882	nan	nan	-0.06060427482003444	nan
1188.9889889889891	nan	nan	-0.06094990240065595	nan
1189.9899899899901	nan	nan	-0.061721209422080314	nan
1190.9909909909911	nan	nan	-0.060896463023946135	nan
1191.991991991992	nan	nan	-0.05948410668358112	nan
1192.992992992993	nan	nan	-0.059587217051595476	nan
1193.993993993994	nan	nan	-0.055921586882231034	nan
1194.994994994995	nan	nan	-0.05794497002510113	nan
1195.995995995996	nan	nan	-0.05950263373630643	nan
1196.996996996997	nan	nan	-0.059792966980495466	nan
1197.997997997998	nan	nan	-0.060920945234679	nan
1198.998998998999	nan	nan	-0.057216096661998395	nan
1200.0	nan	nan	-0.05803922810040035	nan
1203.0050083472454	nan	nan	-0.057950337201023494	nan
1206.0100166944906	nan	nan	-0.061126097644964905	nan
1209.0150250417362	nan	nan	-0.061614901683035406	nan
1212.0200333889816	nan	nan	-0.06204164842835236	nan
1215.025041736227	nan	nan	-0.059640691909238874	nan
1218.0300500834724	nan	nan	-0.06031613038440642	nan
1221.0350584307178	nan	nan	-0.05823850842144773	nan
1224.0400667779634	nan	nan	-0.060023923566061566	nan
1227.0450751252088	nan	nan	-0.05694511189666002	nan
1230.0500834724542	nan	nan	-0.058505732995760173	nan
1233.0550918196996	nan	nan	-0.057142770711238466	nan
1236.060100166945	nan	nan	-0.05768687307262421	nan
1239.0651085141903	nan	nan	-0.05731626656173572	nan
1242.0701168614357	nan	nan	-0.058414698972416634	nan
1245.0751252086811	nan	nan	-0.05581794990424144	nan
1248.0801335559265	nan	nan	-0.059395523301489006	nan
1251.0851419031721	nan	nan	-0.05556442674071005	nan
1254.0901502504173	nan	nan	-0.05575966251672054	nan
1257.0951585976627	nan	nan	-0.059616787503102564	nan
1260.100166944908	nan	nan	-0.05741214445770121	nan
1263.1051752921533	nan	nan	-0.05691044901820835	nan
1266.110183639399	nan	nan	-0.054112549836657864	nan
1269.1151919866445	nan	nan	-0.051220930901979544	nan
1272.12020033389	nan	nan	-0.05611792258823467	nan
1275.1252086811353	nan	nan	-0.053331278667279325	nan
1278.1302170283807	nan	nan	-0.05841279057805043	nan
1281.135225375626	nan	nan	-0.062136467277415675	nan
1284.1402337228715	nan	nan	-0.057137121199134944	nan
1287.1452420701169	nan	nan	-0.056914467516776146	nan
1290.1502504173623	nan	nan	-0.0554185598371108	nan
1293.1552587646077	nan	nan	-0.05440149999441635	nan
1296.160267111853	nan	nan	-0.0553944075955593	nan
1299.1652754590984	nan	nan	-0.05468996594401321	nan
1302.1702838063438	nan	nan	-0.05217728276317418	nan
1305.1752921535892	nan	nan	-0.05583378621427376	nan
1308.1803005008348	nan	nan	-0.055822794132157294	nan
1311.1853088480802	nan	nan	-0.05315833706632683	nan
1314.1903171953256	nan	nan	-0.054543590221475535	nan
1317.1953255425708	nan	nan	-0.05581874047396612	nan
1320.2003338898164	nan	nan	-0.057148937995013416	nan
1323.2053422370618	nan	nan	-0.05692226449790366	nan
1326.2103505843072	nan	nan	-0.059340680948267055	nan
1329.2153589315526	nan	nan	-0.05571909768111527	nan
1332.220367278798	nan	nan	-0.057271651636044196	nan
1335.2253756260434	nan	nan	-0.0548365538245873	nan
1338.2303839732888	nan	nan	-0.05392452703356354	nan
1341.2353923205342	nan	nan	-0.05446569767783649	nan
1344.2404006677796	nan	nan	-0.054277444099290806	nan
1347.245409015025	nan	nan	-0.05704901899953896	nan
1350.2504173622704	nan	nan	-0.054397748801085166	nan
1353.2554257095157	nan	nan	-0.054664718740367435	nan
1356.2604340567614	nan	nan	-0.0571812119834374	nan
1359.2654424040068	nan	nan	-0.055684748489087554	nan
1362.2704507512524	nan	nan	-0.05301680028446909	nan
1365.2754590984975	nan	nan	-0.05435667981202558	nan
1368.280467445743	nan	nan	-0.05470232209188397	nan
1371.2854757929883	nan	nan	-0.05881915498024676	nan
1374.2904841402335	nan	nan	-0.05619233092058146	nan
1377.2954924874791	nan	nan	-0.05579995404911031	nan
1380.3005008347245	nan	nan	-0.05528994790578262	nan
1383.30550918197	nan	nan	-0.05522226002753794	nan
1386.3105175292155	nan	nan	-0.05659705118002922	nan
1389.3155258764607	nan	nan	-0.055473921352236666	nan
1392.320534223706	nan	nan	-0.053512600230420704	nan
1395.3255425709515	nan	nan	-0.05686295383129081	nan
1398.3305509181966	nan	nan	-0.05458685342866437	nan
1401.3355592654425	nan	nan	-0.052998264769371084	nan
1404.340567612688	nan	nan	-0.0541517430181615	nan
1407.3455759599335	nan	nan	-0.05372822822705886	nan
1410.3505843071787	nan	nan	-0.056122485042652825	nan
1413.355592654424	nan	nan	-0.053956517425832295	nan
1416.3606010016695	nan	nan	-0.053601487886250965	nan
1419.3656093489146	nan	nan	-0.053410002306332804	nan
1422.3706176961603	nan	nan	-0.05106543039336209	nan
1425.3756260434056	nan	nan	-0.052049981569211645	nan
1428.380634390651	nan	nan	-0.05216330579110712	nan
1431.3856427378967	nan	nan	-0.05510598430906127	nan
1434.3906510851418	nan	nan	-0.05386496433094834	nan
1437.3956594323872	nan	nan	-0.05469374619346673	nan
1440.4006677796326	nan	nan	-0.05211095713136249	nan
1443.4056761268778	nan	nan	-0.05166272214202011	nan
1446.4106844741236	nan	nan	-0.05151473132565687	nan
1449.415692821369	nan	nan	-0.05193260418776385	nan
1452.4207011686146	nan	nan	-0.051870311213815135	nan
1455.4257095158598	nan	nan	-0.05221972608051678	nan
1458.4307178631052	nan	nan	-0.05250089856731571	nan
1461.4357262103506	nan	nan	-0.053037205869308435	nan
1464.4407345575958	nan	nan	-0.05312798479364833	nan
1467.4457429048414	nan	nan	-0.054525056213637624	nan
1470.4507512520868	nan	nan	-0.05534768813619945	nan
1473.4557595993322	nan	nan	-0.05221111303922604	nan
1476.4607679465778	nan	nan	-0.0532974527706217	nan
1479.465776293823	nan	nan	-0.05023071308425647	nan
1482.4707846410683	nan	nan	-0.050702055501115506	nan
1485.4757929883137	nan	nan	-0.05504150592570817	nan
1488.480801335559	nan	nan	-0.05187835295853055	nan
1491.4858096828048	nan	nan	-0.05378193517401236	nan
1494.4908180300501	nan	nan	-0.05163771733144146	nan
1497.4958263772958	nan	nan	-0.04990440924265194	nan
1500.500834724541	nan	nan	-0.05126900170388726	nan
1503.5058430717863	nan	nan	-0.05046277706915747	nan
1506.5108514190317	nan	nan	-0.05330605737787403	nan
1509.515859766277	nan	nan	-0.05324992469612594	nan
1512.5208681135225	nan	nan	-0.051950341090280294	nan
1515.525876460768	nan	nan	-0.05087149860960549	nan
1518.5308848080133	nan	nan	-0.05002741442626518	nan
1521.535893155259	nan	nan	-0.05187540728215573	nan
1524.5409015025043	nan	nan	-0.05125933179608683	nan
1527.5459098497495	nan	nan	-0.05327976469611123	nan
1530.5509181969949	nan	nan	-0.05016467005219594	nan
1533.55592654424	nan	nan	-0.05113955314553936	nan
1536.5609348914859	nan	nan	-0.05324026523849845	nan
1539.5659432387313	nan	nan	-0.050226691111069255	nan
1542.570951585977	nan	nan	-0.04960817999267231	nan
1545.575959933222	nan	nan	-0.05206446415676824	nan
1548.5809682804675	nan	nan	-0.047301734275244534	nan
1551.5859766277129	nan	nan	-0.051178463325024515	nan
1554.590984974958	nan	nan	-0.05189206698546639	nan
1557.5959933222036	nan	nan	-0.05274072678935182	nan
1560.601001669449	nan	nan	-0.04940623279366191	nan
1563.6060100166944	nan	nan	-0.04761597633112147	nan
1566.61101836394	nan	nan	-0.04889595273624342	nan
1569.6160267111854	nan	nan	-0.04831505122460317	nan
1572.6210350584306	nan	nan	-0.051078330151634876	nan
1575.626043405676	nan	nan	-0.05235858176679492	nan
1578.6310517529212	nan	nan	-0.049624325838700356	nan
1581.636060100167	nan	nan	-0.053240810785202486	nan
1584.6410684474124	nan	nan	-0.04826804556393932	nan
1587.646076794658	nan	nan	-0.0465766275326131	nan
1590.6510851419032	nan	nan	-0.048489884969531605	nan
1593.6560934891486	nan	nan	-0.050400174415322685	nan
1596.661101836394	nan	nan	-0.04917256492389882	nan
1599.6661101836391	nan	nan	-0.04925744102565949	nan
1602.6711185308848	nan	nan	-0.05125984009218271	nan
1605.6761268781302	nan	nan	-0.051921048075724174	nan
1608.6811352253756	nan	nan	-0.05082585957829361	nan
1611.6861435726212	nan	nan	-0.05214289660605054	nan
1614.6911519198666	nan	nan	-0.048901053170607445	nan
1617.6961602671117	nan	nan	-0.0467563252119344	nan
1620.7011686143571	nan	nan	-0.051207537476301135	nan
1623.7061769616028	nan	nan	-0.04758054580837179	nan
1626.7111853088481	nan	nan	-0.04768071277466318	nan
1629.7161936560935	nan	nan	-0.047895559358451745	nan
1632.7212020033392	nan	nan	-0.04803495526142926	nan
1635.7262103505843	nan	nan	-0.05027156005905875	nan
1638.7312186978297	nan	nan	-0.04867654263315435	nan
1641.736227045075	nan	nan	-0.04895960367057389	nan
1644.7412353923203	nan	nan	-0.04969788626437516	nan
1647.746243739566	nan	nan	-0.05102834126029088	nan
1650.7512520868113	nan	nan	-0.04741238963206107	nan
1653.7562604340567	nan	nan	-0.05010448136671225	nan
1656.7612687813023	nan	nan	-0.05029246772073248	nan
1659.7662771285477	nan	nan	-0.04861232805391946	nan
1662.7712854757929	nan	nan	-0.04913414864179316	nan
1665.7762938230383	nan	nan	-0.04804349662599533	nan
1668.7813021702839	nan	nan	-0.05029409917779748	nan
1671.7863105175293	nan	nan	-0.043683913567112154	nan
1674.7913188647747	nan	nan	-0.04527246922064154	nan
1677.7963272120203	nan	nan	-0.04637384869495709	nan
1680.8013355592655	nan	nan	-0.04961864192428456	nan
1683.8063439065108	nan	nan	-0.04647750593824457	nan
1686.8113522537562	nan	nan	-0.04986087152126917	nan
1689.8163606010014	nan	nan	-0.04685860114425572	nan
1692.821368948247	nan	nan	-0.049033701231538385	nan
1695.8263772954924	nan	nan	-0.045683101673495596	nan
1698.8313856427378	nan	nan	-0.04863300762939521	nan
1701.8363939899834	nan	nan	-0.048203030565077076	nan
1704.8414023372288	nan	nan	-0.046757076054122604	nan
1707.846410684474	nan	nan	-0.046309904057198426	nan
1710.8514190317194	nan	nan	-0.0472708281400106	nan
1713.8564273789646	nan	nan	-0.04743707113024259	nan
1716.8614357262104	nan	nan	-0.04622665954019764	nan
1719.8664440734558	nan	nan	-0.047111313681668654	nan
1722.8714524207014	nan	nan	-0.04690236716800511	nan
1725.8764607679466	nan	nan	-0.04889699889390087	nan
1728.881469115192	nan	nan	-0.04632604467334106	nan
1731.8864774624374	nan	nan	-0.04477938776710272	nan
1734.8914858096825	nan	nan	-0.04538016287794716	nan
1737.8964941569277	nan	nan	-0.046737229626076904	nan
1740.9015025041735	nan	nan	-0.047211241721526465	nan
1743.9065108514194	nan	nan	-0.04467840921944499	nan
1746.9115191986646	nan	nan	-0.046253804255533715	nan
1749.9165275459102	nan	nan	-0.04549752500550991	nan
1752.9215358931554	nan	nan	-0.04596886053443133	nan
1755.9265442404005	nan	nan	-0.044387277083522914	nan
1758.9315525876457	nan	nan	-0.050051843044567	nan
1761.9365609348915	nan	nan	-0.048568281466856156	nan
1764.941569282137	nan	nan	-0.04267570241149743	nan
1767.9465776293825	nan	nan	-0.044605620380051836	nan
1770.9515859766277	nan	nan	-0.04601184960922833	nan
1773.9565943238729	nan	nan	-0.04426617186357101	nan
1776.9616026711185	nan	nan	-0.0453559975005321	nan
1779.9666110183637	nan	nan	-0.044639724512309686	nan
1782.9716193656095	nan	nan	-0.04533208241842335	nan
1785.9766277128547	nan	nan	-0.046190141995531286	nan
1788.9816360601005	nan	nan	-0.04830833033480808	nan
1791.9866444073457	nan	nan	-0.04986357212784048	nan
1794.991652754591	nan	nan	-0.04611118845607898	nan
1797.9966611018363	nan	nan	-0.05033357904968616	nan
1801.0016694490816	nan	nan	-0.049117772817828975	nan
1804.0066777963268	nan	nan	-0.045297178646662994	nan
1807.0116861435727	nan	nan	-0.04529342379149065	nan
1810.0166944908178	nan	nan	-0.04429759017931184	nan
1813.0217028380637	nan	nan	-0.04507401595613897	nan
1816.0267111853088	nan	nan	-0.04382975524303123	nan
1819.0317195325542	nan	nan	-0.04517418168583193	nan
1822.0367278797996	nan	nan	-0.04403762888527302	nan
1825.0417362270448	nan	nan	-0.044221595332136154	nan
1828.0467445742906	nan	nan	-0.04515538946071723	nan
1831.0517529215358	nan	nan	-0.04428174301069532	nan
1834.0567612687817	nan	nan	-0.04157756244072286	nan
1837.0617696160268	nan	nan	-0.04369037584575475	nan
1840.0667779632722	nan	nan	-0.04631613323534162	nan
1843.0717863105174	nan	nan	-0.04031476864788908	nan
1846.0767946577628	nan	nan	-0.046200083678829273	nan
1849.081803005008	nan	nan	-0.0424063487303451	nan
1852.0868113522538	nan	nan	-0.04758211948965685	nan
1855.0918196994992	nan	nan	-0.044164914777302056	nan
1858.0968280467448	nan	nan	-0.046094829785660374	nan
1861.10183639399	nan	nan	-0.043940137134088175	nan
1864.1068447412356	nan	nan	-0.04342528299961368	nan
1867.1118530884808	nan	nan	-0.03909574202171706	nan
1870.116861435726	nan	nan	-0.0442548604638936	nan
1873.1218697829718	nan	nan	-0.048165703642709834	nan
1876.126878130217	nan	nan	-0.045261184163614354	nan
1879.1318864774628	nan	nan	-0.0458445131938528	nan
1882.136894824708	nan	nan	-0.04308286860569721	nan
1885.1419031719531	nan	nan	-0.04461825450868995	nan
1888.1469115191983	nan	nan	-0.044377357422826724	nan
1891.151919866444	nan	nan	-0.047238099220840324	nan
1894.1569282136895	nan	nan	-0.04344785078146185	nan
1897.161936560935	nan	nan	-0.04402552273204491	nan
1900.1669449081808	nan	nan	-0.0461165740987558	nan
1903.171953255426	nan	nan	-0.04115566548198707	nan
1906.176961602671	nan	nan	-0.04065934641831159	nan
1909.1819699499165	nan	nan	-0.04000431584741282	nan
1912.1869782971619	nan	nan	-0.03906971647858626	nan
1915.191986644407	nan	nan	-0.04337936176283641	nan
1918.196994991653	nan	nan	-0.047190034381616563	nan
1921.202003338898	nan	nan	-0.04821945074535999	nan
1924.207011686144	nan	nan	-0.046488555349770366	nan
1927.212020033389	nan	nan	-0.042277990559136225	nan
1930.2170283806345	nan	nan	-0.04348759865278651	nan
1933.2220367278796	nan	nan	-0.04340863841136128	nan
1936.227045075125	nan	nan	-0.04669370468337186	nan
1939.2320534223709	nan	nan	-0.04364496200094414	nan
1942.237061769616	nan	nan	-0.0463402754501297	nan
1945.2420701168614	nan	nan	-0.04399490193466454	nan
1948.247078464107	nan	nan	-0.04598093458236796	nan
1951.2520868113522	nan	nan	-0.04348865625677861	nan
1954.2570951585976	nan	nan	-0.04372687444479545	nan
1957.262103505843	nan	nan	-0.041844785710579646	nan
1960.2671118530882	nan	nan	-0.047126900331658006	nan
1963.272120200334	nan	nan	-0.0460972259447443	nan
1966.2771285475792	nan	nan	-0.0425221133332262	nan
1969.282136894825	nan	nan	-0.04137132853341241	nan
1972.2871452420702	nan	nan	-0.04132592640613664	nan
1975.2921535893158	nan	nan	-0.04245230600513772	nan
1978.297161936561	nan	nan	-0.042132432679235166	nan
1981.3021702838062	nan	nan	-0.043050666545544014	nan
1984.3071786310518	nan	nan	-0.04347526375041577	nan
1987.3121869782972	nan	nan	-0.038591951312860584	nan
1990.3171953255426	nan	nan	-0.037465306946588395	nan
1993.3222036727882	nan	nan	-0.0384063522231648	nan
1996.3272120200334	nan	nan	-0.04002204777633006	nan
1999.3322203672785	nan	nan	-0.03846437824675064	nan
2002.3372287145241	nan	nan	-0.043227624787653296	nan
2005.3422370617693	nan	nan	-0.037251273157070774	nan
2008.3472454090152	nan	nan	-0.04556118172248286	nan
2011.3522537562603	nan	nan	-0.04603034908921855	nan
2014.3572621035062	nan	nan	-0.042076021175377176	nan
2017.3622704507513	nan	nan	-0.040814571101440045	nan
2020.3672787979967	nan	nan	-0.043455888799398545	nan
2023.372287145242	nan	nan	-0.046505161995953226	nan
2026.3772954924873	nan	nan	-0.041049280661491105	nan
2029.382303839733	nan	nan	-0.038499001299100444	nan
2032.3873121869783	nan	nan	-0.04185391075896011	nan
2035.3923205342235	nan	nan	-0.04235745565778698	nan
2038.3973288814693	nan	nan	-0.04095850180519328	nan
2041.4023372287145	nan	nan	-0.04054652348472482	nan
2044.4073455759599	nan	nan	-0.040200884423993666	nan
2047.4123539232053	nan	nan	-0.04064858294551854	nan
2050.4173622704507	nan	nan	-0.042601324621902414	nan
2053.4223706176963	nan	nan	-0.04043133691139783	nan
2056.4273789649415	nan	nan	-0.038887625945272175	nan
2059.432387312187	nan	nan	-0.045190298856798206	nan
2062.4373956594322	nan	nan	-0.038311549837445114	nan
2065.442404006678	nan	nan	-0.036616894820224344	nan
2068.447412353923	nan	nan	-0.0367834002355108	nan
2071.4524207011686	nan	nan	-0.04230320845621943	nan
2074.4574290484143	nan	nan	-0.03788374142931866	nan
2077.4624373956594	nan	nan	-0.04155663805525406	nan
2080.4674457429046	nan	nan	-0.041330230649254396	nan
2083.47245409015	nan	nan	-0.040747970401349254	nan
2086.4774624373963	nan	nan	-0.043337192991835416	nan
2089.4824707846415	nan	nan	-0.040638128821630204	nan
2092.4874791318866	nan	nan	-0.03763450727791284	nan
2095.492487479132	nan	nan	-0.04316748592981001	nan
2098.4974958263774	nan	nan	-0.04024657819873012	nan
2101.5025041736226	nan	nan	-0.04022294034687468	nan
2104.507512520868	nan	nan	-0.042935711395228615	nan
2107.5125208681134	nan	nan	-0.04186276741034883	nan
2110.5175292153585	nan	nan	-0.04240258599055352	nan
2113.5225375626037	nan	nan	-0.03797154370217398	nan
2116.52754590985	nan	nan	-0.03892090582202057	nan
2119.5325542570954	nan	nan	-0.03981737295963944	nan
2122.5375626043406	nan	nan	-0.042687791827335064	nan
2125.5425709515857	nan	nan	-0.040067933810547185	nan
2128.5475792988314	nan	nan	-0.043642271468686655	nan
2131.552587646077	nan	nan	-0.043328863607189516	nan
2134.557595993322	nan	nan	-0.04204862294641837	nan
2137.5626043405678	nan	nan	-0.042064471741664444	nan
2140.567612687813	nan	nan	-0.04250411993786385	nan
2143.5726210350585	nan	nan	-0.04272004702587312	nan
2146.5776293823037	nan	nan	-0.04001076373546253	nan
2149.5826377295493	nan	nan	-0.042892179401145314	nan
2152.5876460767945	nan	nan	-0.04341399887191172	nan
2155.59265442404	nan	nan	-0.037060303613328516	nan
2158.5976627712853	nan	nan	-0.03808674841723897	nan
2161.602671118531	nan	nan	-0.039604943862205144	nan
2164.6076794657765	nan	nan	-0.03850838289130243	nan
2167.6126878130217	nan	nan	-0.03834967776045134	nan
2170.617696160267	nan	nan	-0.04248206983426167	nan
2173.6227045075125	nan	nan	-0.0409773093141671	nan
2176.627712854758	nan	nan	-0.036924680302643564	nan
2179.6327212020033	nan	nan	-0.04198792171898036	nan
2182.637729549249	nan	nan	-0.04032846028163006	nan
2185.642737896494	nan	nan	-0.03932000148525261	nan
2188.6477462437397	nan	nan	-0.04244608751089912	nan
2191.652754590985	nan	nan	-0.04356198356508578	nan
2194.6577629382305	nan	nan	-0.03999005392728028	nan
2197.6627712854756	nan	nan	-0.042944548466168186	nan
2200.6677796327217	nan	nan	-0.0387554905289349	nan
2203.672787979967	nan	nan	-0.04130901184727426	nan
2206.677796327212	nan	nan	-0.04177981527184205	nan
2209.6828046744577	nan	nan	-0.041425831630836796	nan
2212.687813021703	nan	nan	-0.041376150752980345	nan
2215.692821368948	nan	nan	-0.04040073279987322	nan
2218.6978297161936	nan	nan	-0.03956466969675532	nan
2221.702838063439	nan	nan	-0.041193517990061546	nan
2224.707846410684	nan	nan	-0.04026214288312069	nan
2227.712854757929	nan	nan	-0.039482755520359625	nan
2230.717863105175	nan	nan	-0.036194184585450984	nan
2233.722871452421	nan	nan	-0.03739386394414557	nan
2236.727879799666	nan	nan	-0.03681751445307596	nan
2239.7328881469116	nan	nan	-0.03828389695017481	nan
2242.737896494157	nan	nan	-0.03880383775900764	nan
2245.7429048414024	nan	nan	-0.038483977018233195	nan
2248.7479131886475	nan	nan	-0.036977872651364985	nan
2251.752921535893	nan	nan	-0.03587809312123752	nan
2254.757929883139	nan	nan	-0.03945590918435221	nan
2257.762938230384	nan	nan	-0.040200781360399396	nan
2260.767946577629	nan	nan	-0.03864778335199376	nan
2263.7729549248747	nan	nan	-0.040312889145014574	nan
2266.7779632721204	nan	nan	-0.040069841680160256	nan
2269.7829716193655	nan	nan	-0.040369625453031244	nan
2272.7879799666107	nan	nan	-0.040522022688513015	nan
2275.7929883138563	nan	nan	-0.03933194239330895	nan
2278.797996661102	nan	nan	-0.038230495215070937	nan
2281.803005008347	nan	nan	-0.04064556457371399	nan
2284.8080133555927	nan	nan	-0.03575703805282404	nan
2287.8130217028383	nan	nan	-0.038974098977019866	nan
2290.8180300500835	nan	nan	-0.036922252061812766	nan
2293.8230383973287	nan	nan	-0.03732308507076976	nan
2296.8280467445743	nan	nan	-0.04003593068527278	nan
2299.83305509182	nan	nan	-0.03908286436588049	nan
2302.838063439065	nan	nan	-0.03745602303000373	nan
2305.8430717863102	nan	nan	-0.03767187669889194	nan
2308.848080133556	nan	nan	-0.04008795706799745	nan
2311.853088480802	nan	nan	-0.040699961856071665	nan
2314.858096828047	nan	nan	-0.04126865748979208	nan
2317.8631051752923	nan	nan	-0.040335733905114135	nan
2320.8681135225374	nan	nan	-0.0379595878509108	nan
2323.873121869783	nan	nan	-0.04223681940602514	nan
2326.8781302170282	nan	nan	-0.03975895987502842	nan
2329.883138564274	nan	nan	-0.04062003743639697	nan
2332.888146911519	nan	nan	-0.039772052171534344	nan
2335.893155258764	nan	nan	-0.04205552790025119	nan
2338.8981636060093	nan	nan	-0.03638680220719592	nan
2341.9031719532554	nan	nan	-0.041701701396228696	nan
2344.908180300501	nan	nan	-0.039755608325785674	nan
2347.913188647746	nan	nan	-0.042368747527135764	nan
2350.9181969949914	nan	nan	-0.037201548784133176	nan
2353.923205342237	nan	nan	-0.035742582701329406	nan
2356.9282136894826	nan	nan	-0.03830939592590632	nan
2359.933222036728	nan	nan	-0.037707814368049264	nan
2362.938230383973	nan	nan	-0.04022326052118996	nan
2365.943238731219	nan	nan	-0.03896738384081194	nan
2368.948247078464	nan	nan	-0.0356073047727275	nan
2371.9532554257094	nan	nan	-0.039453480237121474	nan
2374.958263772955	nan	nan	-0.03806969695873108	nan
2377.9632721202006	nan	nan	-0.03768664396848809	nan
2380.9682804674458	nan	nan	-0.03935845945496419	nan
2383.973288814691	nan	nan	-0.04242916852777351	nan
2386.9782971619366	nan	nan	-0.0414378401142802	nan
2389.983305509182	nan	nan	-0.04078421540504873	nan
2392.9883138564273	nan	nan	-0.039767033868289725	nan
2395.9933222036725	nan	nan	-0.04158118433804264	nan
2398.998330550918	nan	nan	-0.04077985756030128	nan
2402.0033388981637	nan	nan	-0.038576616227110616	nan
2405.008347245409	nan	nan	-0.04191856433994673	nan
2408.013355592654	nan	nan	-0.04250605341988012	nan
2411.0183639399	nan	nan	-0.04091346245580352	nan
2414.0233722871453	nan	nan	-0.03975963486708001	nan
2417.0283806343905	nan	nan	-0.04093393047696342	nan
2420.033388981636	nan	nan	-0.04062844099200169	nan
2423.038397328882	nan	nan	-0.04066604758708986	nan
2426.0434056761273	nan	nan	-0.038457437640806114	nan
2429.0484140233725	nan	nan	-0.04183967431673358	nan
2432.0534223706177	nan	nan	-0.036918574850945574	nan
2435.0584307178633	nan	nan	-0.036660743392270434	nan
2438.0634390651085	nan	nan	-0.03635456295322853	nan
2441.0684474123536	nan	nan	-0.036523766737104946	nan
2444.0734557595993	nan	nan	-0.03624042416953699	nan
2447.0784641068444	nan	nan	-0.03897844301584086	nan
2450.0834724540896	nan	nan	-0.03799516691596605	nan
2453.0884808013357	nan	nan	-0.037185111679589045	nan
2456.0934891485813	nan	nan	-0.03697429737651997	nan
2459.0984974958265	nan	nan	-0.039271884403329016	nan
2462.1035058430716	nan	nan	-0.04030886951434581	nan
2465.1085141903172	nan	nan	-0.038384267188407706	nan
2468.113522537563	nan	nan	-0.04056064264714998	nan
2471.118530884808	nan	nan	-0.04099806818309143	nan
2474.123539232053	nan	nan	-0.03821338822878695	nan
2477.128547579299	nan	nan	-0.03764403118038384	nan
2480.1335559265444	nan	nan	-0.03757386898729115	nan
2483.1385642737896	nan	nan	-0.035652292396688434	nan
2486.1435726210348	nan	nan	-0.0375433237034381	nan
2489.1485809682804	nan	nan	-0.03947833167899628	nan
2492.153589315526	nan	nan	-0.0380324362213032	nan
2495.158597662771	nan	nan	-0.03790890011870546	nan
2498.163606010017	nan	nan	-0.03762456857127561	nan
2501.1686143572624	nan	nan	-0.039157719899685806	nan
2504.1736227045076	nan	nan	-0.035752673385060274	nan
2507.1786310517527	nan	nan	-0.0350225087932301	nan
2510.1836393989984	nan	nan	-0.03558916773163051	nan
2513.188647746244	nan	nan	-0.04115685237543759	nan
2516.193656093489	nan	nan	-0.0359342919044085	nan
2519.1986644407343	nan	nan	-0.038187888429065675	nan
2522.20367278798	nan	nan	-0.03417989175605435	nan
2525.2086811352256	nan	nan	-0.03816941799419099	nan
2528.2136894824707	nan	nan	-0.03688533869164379	nan
2531.218697829716	nan	nan	-0.03818856393023562	nan
2534.2237061769615	nan	nan	-0.03873642504229513	nan
2537.2287145242076	nan	nan	-0.038129809544383164	nan
2540.2337228714528	nan	nan	-0.03499297902188736	nan
2543.238731218698	nan	nan	-0.04143988482584676	nan
2546.2437395659435	nan	nan	-0.03966935781004732	nan
2549.2487479131887	nan	nan	-0.03821037670662747	nan
2552.253756260434	nan	nan	-0.03731605818459355	nan
2555.2587646076795	nan	nan	-0.037365393628177035	nan
2558.2637729549247	nan	nan	-0.03616791930320867	nan
2561.26878130217	nan	nan	-0.04100610123778298	nan
2564.273789649415	nan	nan	-0.041869877749326656	nan
2567.278797996661	nan	nan	-0.040018126770646034	nan
2570.2838063439067	nan	nan	-0.036962187884117925	nan
2573.288814691152	nan	nan	-0.03399522821298956	nan
2576.293823038397	nan	nan	-0.03755338039877193	nan
2579.2988313856426	nan	nan	-0.035577755179514337	nan
2582.3038397328883	nan	nan	-0.03941353179724694	nan
2585.3088480801334	nan	nan	-0.03725594268879434	nan
2588.313856427379	nan	nan	-0.03685679515268936	nan
2591.3188647746247	nan	nan	-0.037804500433538224	nan
2594.32387312187	nan	nan	-0.04025078238326746	nan
2597.328881469115	nan	nan	-0.033910310037146785	nan
2600.3338898163606	nan	nan	-0.0331522858302582	nan
2603.3388981636062	nan	nan	-0.035836255961870456	nan
2606.3439065108514	nan	nan	-0.03844670348309848	nan
2609.3489148580966	nan	nan	-0.038246614635957965	nan
2612.353923205342	nan	nan	-0.037242514211865474	nan
2615.358931552588	nan	nan	-0.035626433154203496	nan
2618.363939899833	nan	nan	-0.03444273018884636	nan
2621.368948247078	nan	nan	-0.0416123976452325	nan
2624.3739565943238	nan	nan	-0.04094165880723494	nan
2627.3789649415694	nan	nan	-0.037417086985963854	nan
2630.3839732888146	nan	nan	-0.03429772044910917	nan
2633.38898163606	nan	nan	-0.03668023069056281	nan
2636.393989983306	nan	nan	-0.03504700293670343	nan
2639.398998330551	nan	nan	-0.03416713239501079	nan
2642.404006677796	nan	nan	-0.03586043771735248	nan
2645.4090150250418	nan	nan	-0.036542595916885245	nan
2648.414023372288	nan	nan	-0.034278259283597956	nan
2651.419031719533	nan	nan	-0.03575032261776756	nan
2654.424040066778	nan	nan	-0.03480866159768553	nan
2657.4290484140233	nan	nan	-0.03493220626992133	nan
2660.434056761269	nan	nan	-0.03281288773321783	nan
2663.439065108514	nan	nan	-0.03357929461004561	nan
2666.4440734557593	nan	nan	-0.033288244333946504	nan
2669.449081803005	nan	nan	-0.03430711101794909	nan
2672.45409015025	nan	nan	-0.03348934179248503	nan
2675.4590984974952	nan	nan	-0.03784748824063783	nan
2678.4641068447413	nan	nan	-0.03519372745080346	nan
2681.469115191987	nan	nan	-0.03801835155730243	nan
2684.474123539232	nan	nan	-0.038362788161900085	nan
2687.4791318864773	nan	nan	-0.037337195491684017	nan
2690.484140233723	nan	nan	-0.032347264290983335	nan
2693.4891485809685	nan	nan	-0.03414934153963983	nan
2696.4941569282137	nan	nan	-0.034661626630354436	nan
2699.499165275459	nan	nan	-0.040287034362378016	nan
2702.5041736227045	nan	nan	-0.03688667081828845	nan
2705.50918196995	nan	nan	-0.038132813453222225	nan
2708.5141903171952	nan	nan	-0.033791814208231075	nan
2711.5191986644404	nan	nan	-0.03337150222401858	nan
2714.524207011686	nan	nan	-0.03278200774888779	nan
2717.5292153589317	nan	nan	-0.032635976623133056	nan
2720.534223706177	nan	nan	-0.03678999604763317	nan
2723.5392320534224	nan	nan	-0.035005037756591084	nan
2726.544240400668	nan	nan	-0.03561300447371679	nan
2729.549248747913	nan	nan	-0.036572784876548636	nan
2732.5542570951584	nan	nan	-0.035824175097868505	nan
2735.559265442404	nan	nan	-0.03681752057580656	nan
2738.56427378965	nan	nan	-0.03518298229130795	nan
2741.5692821368953	nan	nan	-0.035492160954778584	nan
2744.5742904841404	nan	nan	-0.036873586738457476	nan
2747.5792988313856	nan	nan	-0.0361548263723564	nan
2750.584307178631	nan	nan	-0.03630388150307212	nan
2753.5893155258764	nan	nan	-0.038523581683756025	nan
2756.5943238731215	nan	nan	-0.036046409665093426	nan
2759.599332220367	nan	nan	-0.03153049701297228	nan
2762.6043405676123	nan	nan	-0.03863941470969001	nan
2765.6093489148575	nan	nan	-0.039254087286271666	nan
2768.6143572621036	nan	nan	-0.03534512328316103	nan
2771.619365609349	nan	nan	-0.03699141757769775	nan
2774.6243739565944	nan	nan	-0.03745033650466423	nan
2777.6293823038395	nan	nan	-0.036741652315844364	nan
2780.634390651085	nan	nan	-0.036973626089650435	nan
2783.639398998331	nan	nan	-0.03673626449375045	nan
2786.6444073455764	nan	nan	-0.032384841731457115	nan
2789.6494156928215	nan	nan	-0.03370854112446381	nan
2792.6544240400667	nan	nan	-0.03497583226404444	nan
2795.6594323873123	nan	nan	-0.03355814448672556	nan
2798.6644407345575	nan	nan	-0.035034912351997294	nan
2801.6694490818027	nan	nan	-0.03517861667054628	nan
2804.6744574290483	nan	nan	-0.03800995466524337	nan
2807.6794657762935	nan	nan	-0.033019340287401	nan
2810.6844741235386	nan	nan	-0.03888546803783183	nan
2813.6894824707847	nan	nan	-0.03790754864766377	nan
2816.6944908180303	nan	nan	-0.03673828028060505	nan
2819.6994991652755	nan	nan	-0.03271585934645621	nan
2822.7045075125206	nan	nan	-0.03243655024814718	nan
2825.7095158597663	nan	nan	-0.0326554340660396	nan
2828.7145242070123	nan	nan	-0.031054459399939893	nan
2831.7195325542575	nan	nan	-0.03363905786701116	nan
2834.7245409015027	nan	nan	-0.032268386504641866	nan
2837.729549248748	nan	nan	-0.03349975612886924	nan
2840.7345575959935	nan	nan	-0.0330458756132162	nan
2843.7395659432386	nan	nan	-0.03396973955588756	nan
2846.744574290484	nan	nan	-0.0330740719290365	nan
2849.7495826377294	nan	nan	-0.035042993004931966	nan
2852.7545909849746	nan	nan	-0.03641736658983313	nan
2855.7595993322198	nan	nan	-0.03683129332451729	nan
2858.764607679466	nan	nan	-0.037160957173935805	nan
2861.7696160267114	nan	nan	-0.03366458194793276	nan
2864.7746243739566	nan	nan	-0.035344111911487786	nan
2867.779632721202	nan	nan	-0.03422117037722522	nan
2870.7846410684474	nan	nan	-0.033511490724190185	nan
2873.7896494156935	nan	nan	-0.033223795449228044	nan
2876.7946577629386	nan	nan	-0.031062851288846227	nan
2879.799666110184	nan	nan	-0.03545992553997268	nan
2882.804674457429	nan	nan	-0.03192393027925233	nan
2885.8096828046746	nan	nan	-0.038307373777482	nan
2888.8146911519198	nan	nan	-0.03644252106608481	nan
2891.819699499165	nan	nan	-0.03243217364177514	nan
2894.8247078464105	nan	nan	-0.034258759042397946	nan
2897.8297161936557	nan	nan	-0.03302841945320556	nan
2900.834724540901	nan	nan	-0.03518164142332392	nan
2903.839732888147	nan	nan	-0.03308885525480959	nan
2906.8447412353926	nan	nan	-0.03414934438805173	nan
2909.8497495826377	nan	nan	-0.0380697098543219	nan
2912.854757929883	nan	nan	-0.03354002398567901	nan
2915.8597662771285	nan	nan	-0.0332348726833292	nan
2918.8647746243746	nan	nan	-0.03404056379958642	nan
2921.8697829716198	nan	nan	-0.03807439579956867	nan
2924.874791318865	nan	nan	-0.0322099501868649	nan
2927.87979966611	nan	nan	-0.0346780656470953	nan
2930.8848080133557	nan	nan	-0.03452028072229185	nan
2933.889816360601	nan	nan	-0.031880969199653	nan
2936.8948247078465	nan	nan	-0.03696188222782615	nan
2939.8998330550917	nan	nan	-0.03249262590800839	nan
2942.904841402337	nan	nan	-0.03287430510319739	nan
2945.909849749582	nan	nan	-0.03266214655322286	nan
2948.914858096828	nan	nan	-0.033662542250540495	nan
2951.9198664440737	nan	nan	-0.035378670290125036	nan
2954.924874791319	nan	nan	-0.0355592917507046	nan
2957.929883138564	nan	nan	-0.03506244900977018	nan
2960.9348914858097	nan	nan	-0.03415537743442393	nan
2963.9398998330557	nan	nan	-0.030856731021468686	nan
2966.944908180301	nan	nan	-0.03590943875200098	nan
2969.949916527546	nan	nan	-0.038209359428807266	nan
2972.9549248747912	nan	nan	-0.03688901245617343	nan
2975.959933222037	nan	nan	-0.03983214380600231	nan
2978.964941569282	nan	nan	-0.0393047424057294	nan
2981.9699499165276	nan	nan	-0.037160932665859736	nan
2984.974958263773	nan	nan	-0.03768462435103609	nan
2987.979966611018	nan	nan	-0.0373039446395918	nan
2990.984974958263	nan	nan	-0.030214847186189886	nan
2993.989983305509	nan	nan	-0.03503322294041794	nan
2996.994991652755	nan	nan	-0.033837105998051425	nan
3000.0	nan	nan	-0.0370232967754201	nan
