1.900000000000000000e+02	8.891648427248549733e-04
1.910434782608695627e+02	-6.672726402314756947e-04
1.920869565217391255e+02	1.115565231039373400e-03
1.931304347826086882e+02	6.492308554090664863e-04
1.941739130434782510e+02	-1.288460914749566628e-03
1.952173913043478137e+02	1.290240053539725828e-03
1.962608695652173765e+02	1.528562865090376307e-03
1.973043478260869676e+02	-4.856689521123721512e-04
1.983478260869565304e+02	1.784934306122410580e-03
1.993913043478260931e+02	9.321887630616484000e-04
2.004347826086956559e+02	-5.285075933791903068e-05
2.014782608695652186e+02	-1.205279426462090080e-04
2.025217391304347814e+02	6.664711758232139214e-04
2.035652173913043441e+02	8.408246080502838416e-04
2.046086956521739069e+02	8.579048085593169847e-04
2.056521739130434696e+02	-1.198845492024202690e-04
2.066956521739130324e+02	-8.016609091453304626e-04
2.077391304347826235e+02	-7.728177573333324096e-04
2.087826086956521863e+02	5.435230489117873470e-04
2.098260869565217490e+02	1.644582623165025776e-03
2.108695652173913118e+02	-5.958866931162762944e-04
2.119130434782608745e+02	-6.671100284814767811e-04
2.129565217391304373e+02	-7.626643592361090958e-04
2.140000000000000000e+02	1.316022899278501083e-03
2.150000000000000000e+02	-1.764430425391871568e-04
2.155263157894736707e+02	-1.182592267640748211e-03
2.160526315789473699e+02	-2.058217441547085559e-03
2.165789473684210407e+02	1.567959775335060410e-02
2.171052631578947398e+02	1.038393114294179978e-02
2.176315789473684106e+02	5.078929772891279878e-03
2.181578947368421098e+02	1.916424369375867905e-03
2.186842105263157805e+02	-4.735377140146044758e-03
2.192105263157894797e+02	-5.203477064021444151e-03
2.197368421052631504e+02	-5.558795295896980584e-03
2.202631578947368496e+02	-1.078386801152645888e-02
2.207894736842105203e+02	-1.260989600722970706e-02
2.213157894736842195e+02	-1.142359310274305116e-02
2.218421052631578902e+02	-1.298711782334461239e-02
2.223684210526315894e+02	-1.534248689543916619e-02
2.228947368421052602e+02	-9.420802270378374893e-03
2.234210526315789593e+02	-9.574689298349699923e-03
2.239473684210526301e+02	-9.236297418848554014e-03
2.244736842105263008e+02	-1.188123132974437321e-02
2.250000000000000000e+02	-7.408345807757441004e-03
2.270000000000000000e+02	-9.498146960801773925e-03
2.290026431718061701e+02	-1.858136817460675355e-02
2.310052863436123403e+02	-4.843660318557077918e-03
2.330079295154185104e+02	-2.240632385552964768e-03
2.350105726872246805e+02	-1.048846599787322652e-03
2.370132158590308222e+02	-3.301647325054225075e-04
2.390158590308369924e+02	1.710811516719235774e-03
2.410185022026431625e+02	2.089649004599402303e-03
2.430211453744493326e+02	2.731302053138251300e-03
2.450237885462555028e+02	2.033733094465149487e-03
2.470264317180616729e+02	2.178113039205563893e-03
2.490290748898678430e+02	3.039237774706092434e-03
2.510317180616740131e+02	1.130389450852487595e-03
2.530343612334801833e+02	1.899180741798823418e-03
2.550370044052863534e+02	2.095609488752690677e-03
2.570396475770925235e+02	2.855053043661602737e-03
2.590422907488986652e+02	1.071413272427545593e-03
2.610449339207048638e+02	-1.057038182644908067e-04
2.630475770925110055e+02	-1.508233536721801543e-04
2.650502202643172041e+02	-1.568036443603348148e-03
2.670528634361233458e+02	-1.777839161081540926e-03
2.690555066079294875e+02	3.429081565998088081e-04
2.710581497797356860e+02	-1.395134963393141652e-03
2.730607929515418277e+02	8.672513111642517897e-04
2.750634361233480263e+02	-1.970661383692727997e-04
2.770660792951541680e+02	5.921856521079458310e-04
2.790687224669603665e+02	5.685016540418524802e-04
2.810713656387665083e+02	1.141671326945092445e-03
2.830740088105727068e+02	-1.961701020815474934e-03
2.850766519823788485e+02	-5.971758359159639717e-04
2.870792951541850471e+02	1.101062528759811417e-03
2.890819383259911888e+02	3.452234578215950585e-03
2.910845814977973305e+02	9.874592121024814047e-04
2.930872246696035290e+02	-5.196681142754400618e-04
2.950898678414097276e+02	-6.880261339325952140e-05
2.970925110132158693e+02	1.029840138265835812e-03
2.990951541850220110e+02	1.351794349010627169e-03
3.010977973568282096e+02	1.443644660683674006e-03
3.031004405286343513e+02	1.489086573103648014e-03
3.051030837004405498e+02	1.206608697138377480e-03
3.071057268722466915e+02	1.861314054276540925e-03
3.091083700440528901e+02	1.622182420111718208e-03
3.111110132158590318e+02	1.077213761987727949e-03
3.131136563876651735e+02	-2.034691515190535128e-03
3.151162995594713720e+02	6.197399587023029932e-04
3.171189427312775706e+02	3.810931604233870010e-03
3.191215859030837123e+02	7.839433159793736871e-04
3.211242290748898540e+02	3.123830887893696250e-03
3.231268722466960526e+02	-1.324072227456917590e-03
3.251295154185021943e+02	-8.388852617903904069e-04
3.271321585903083928e+02	1.602848793439769865e-03
3.291348017621145345e+02	6.347306119200309387e-04
3.311374449339207331e+02	-9.968000131495009623e-04
3.331400881057268748e+02	-1.256233288364173081e-03
3.351427312775330165e+02	-2.621683634749237849e-04
3.371453744493392151e+02	6.693729940320692229e-04
3.391480176211454136e+02	-1.670358327355646972e-03
3.411506607929515553e+02	-2.170855584716256496e-03
3.431533039647576970e+02	1.280248277314011921e-03
3.451559471365638956e+02	-2.805097771609420775e-03
3.471585903083700373e+02	-1.513893898340089913e-03
3.491612334801762358e+02	7.841026199749475279e-04
3.511638766519823776e+02	7.275435337291025640e-04
3.531665198237885761e+02	4.126782270874594411e-04
3.551691629955947178e+02	-5.799353927933512945e-04
3.571718061674008595e+02	1.163444468481821095e-04
3.591744493392070581e+02	-9.745641127322683195e-04
3.611770925110132566e+02	1.288144587427430664e-03
3.631797356828193983e+02	1.579803229130027518e-03
3.651823788546255400e+02	2.703261372933486815e-03
3.671850220264317386e+02	-7.583155909887345867e-04
3.691876651982378803e+02	1.599141317944496139e-03
3.711903083700440220e+02	1.332778855554205780e-03
3.731929515418502206e+02	1.240123775376500512e-03
3.751955947136564191e+02	-3.227593011665862892e-04
3.771982378854625608e+02	1.205479840538935515e-03
3.792008810572687025e+02	-4.210525495916384140e-04
3.812035242290749011e+02	6.137794602155911741e-04
3.832061674008810996e+02	4.992095198138592985e-04
3.852088105726872413e+02	-4.270150507412749413e-04
3.872114537444933831e+02	1.088654719000813845e-03
3.892140969162995816e+02	1.477159273883632161e-03
3.912167400881057233e+02	1.224655440324684107e-03
3.932193832599118650e+02	-5.945974579260277035e-04
3.952220264317180636e+02	1.723540375160760281e-03
3.972246696035242621e+02	-9.816521656460523888e-04
3.992273127753304038e+02	1.369037329709675826e-03
4.012299559471365455e+02	-6.255362901919526031e-04
4.032325991189427441e+02	3.063274879666844303e-04
4.052352422907489427e+02	3.764224686117148165e-04
4.072378854625550844e+02	-9.977672609715389652e-04
4.092405286343612261e+02	-4.587574834651555089e-04
4.112431718061674246e+02	6.642150234389191093e-04
4.132458149779735663e+02	-8.511310102089945451e-04
4.152484581497797080e+02	-3.427388252782878576e-04
4.172511013215859066e+02	6.058823186121159356e-04
4.192537444933921051e+02	3.195412426151622359e-04
4.212563876651982469e+02	1.284316924436537167e-04
4.232590308370043886e+02	-1.264290446788530380e-03
4.252616740088105871e+02	7.376951616792080165e-04
4.272643171806167857e+02	9.571667734532992005e-04
4.292669603524229274e+02	-1.501002488466340271e-03
4.312696035242290691e+02	-1.688700722754843723e-04
4.332722466960352676e+02	8.008947215574225014e-05
4.352748898678414093e+02	-5.810625785266593322e-04
4.372775330396475510e+02	2.686209748103074663e-04
4.392801762114537496e+02	5.623965678742653664e-05
4.412828193832599482e+02	-7.267087663567195206e-05
4.432854625550660899e+02	1.529852743213379026e-03
4.452881057268722316e+02	-1.521114069185312812e-04
4.472907488986784301e+02	-5.705875420849886633e-04
4.492933920704846287e+02	7.571919682473943116e-04
4.512960352422907704e+02	1.138930478412825869e-03
4.532986784140969121e+02	3.715899928986133400e-04
4.553013215859031106e+02	2.628197398463204574e-04
4.573039647577092524e+02	9.102751024532070457e-04
4.593066079295153941e+02	9.212319855864678020e-04
4.613092511013215926e+02	-1.154716504657215832e-03
4.633118942731277912e+02	-1.898691597916268457e-03
4.653145374449339329e+02	1.961086370049434631e-04
4.673171806167400746e+02	-1.831980838865977530e-03
4.693198237885462731e+02	-6.877352657386869971e-04
4.713224669603524717e+02	1.021780677408146414e-03
4.733251101321585566e+02	-3.461235956129679560e-04
4.753277533039647551e+02	-1.038212688561611970e-03
4.773303964757709537e+02	-2.408992205914952235e-04
4.793330396475770954e+02	-1.335353699030062628e-03
4.813356828193832371e+02	-1.165512333195885004e-03
4.833383259911894356e+02	4.955037423341132358e-04
4.853409691629955773e+02	-9.708568054418439475e-04
4.873436123348017759e+02	1.426561539848237529e-03
4.893462555066079176e+02	3.656269690962776981e-04
4.913488986784141161e+02	1.569815714995793270e-03
4.933515418502202579e+02	-5.114498729527959617e-04
4.953541850220264564e+02	-4.917913734160839646e-04
4.973568281938325981e+02	-1.598813011097811616e-03
4.993594713656387967e+02	1.145859557717222605e-03
5.013621145374449384e+02	1.911106654359186283e-03
5.033647577092511369e+02	-9.648948647214432078e-04
5.053674008810572786e+02	-2.065471021338226472e-03
5.073700440528634203e+02	-6.767532376215085600e-05
5.093726872246696189e+02	3.519305522017515285e-04
5.113753303964757606e+02	8.158468487127427254e-04
5.133779735682819592e+02	-2.259129394125203359e-04
5.153806167400880440e+02	-3.087732834831391666e-03
5.173832599118943563e+02	-4.457070630872644640e-04
5.193859030837004411e+02	1.513121383625694121e-04
5.213885462555066397e+02	4.123567101340203339e-04
5.233911894273128382e+02	2.068539247026589169e-03
5.253938325991189231e+02	-1.282498429462530396e-03
5.273964757709251217e+02	-7.599261095390999737e-04
5.293991189427313202e+02	1.227555827651528224e-03
5.314017621145374051e+02	3.722526151981330226e-05
5.334044052863436036e+02	1.441225185343930713e-03
5.354070484581498022e+02	5.029162937360668901e-04
5.374096916299558870e+02	7.573539779286212175e-04
5.394123348017621993e+02	-1.431551723603364818e-03
5.414149779735682841e+02	-7.109410133892881409e-04
5.434176211453744827e+02	-1.415920901379785681e-03
5.454202643171806812e+02	-1.468130216676311658e-03
5.474229074889867661e+02	-1.429277549817694801e-04
5.494255506607929647e+02	-9.387896692486733929e-04
5.514281938325991632e+02	-5.264368996155787805e-04
5.534308370044052481e+02	-2.013585700877174901e-03
5.554334801762114466e+02	1.147470322923772618e-03
5.574361233480176452e+02	8.583881538753327994e-04
5.594387665198237301e+02	-3.835069265493816363e-04
5.614414096916300423e+02	8.153628506571754817e-04
5.634440528634361272e+02	1.579181308328124673e-04
5.654466960352423257e+02	-4.244370211218480879e-04
5.674493392070485243e+02	-3.980096142428555844e-04
5.694519823788546091e+02	5.349820316345127533e-04
5.714546255506608077e+02	8.351828719491031583e-04
5.734572687224670062e+02	8.250644674414640898e-05
5.754599118942730911e+02	2.807070782409047975e-04
5.774625550660792896e+02	-2.674863863904032276e-04
5.794651982378854882e+02	5.817129544976931948e-04
5.814678414096915731e+02	-4.465093215346714367e-04
5.834704845814978853e+02	-9.407227868570622103e-04
5.854731277533039702e+02	7.733078123415280166e-04
5.874757709251101687e+02	-1.666130301212655879e-04
5.894784140969163673e+02	-1.076563180585421182e-03
5.914810572687224521e+02	-2.972983261712026622e-04
5.934837004405286507e+02	-1.704519937703331909e-03
5.954863436123348492e+02	-6.721051493460137357e-04
5.974889867841409341e+02	-1.169702189077903185e-03
5.994916299559471327e+02	-2.064825409024394383e-03
6.014942731277533312e+02	-3.480105531383449659e-03
6.034969162995594161e+02	-1.752218177728414065e-03
6.054995594713657283e+02	-7.998889572068187005e-04
6.075022026431718132e+02	-1.296356305928348437e-03
6.095048458149780117e+02	-8.619258539930285679e-04
6.115074889867842103e+02	-1.279399842052166025e-04
6.135101321585902951e+02	3.458067756049845775e-04
6.155127753303964937e+02	1.437841170370247239e-03
6.175154185022026923e+02	1.200807489920042385e-03
6.195180616740087771e+02	-1.314725956577178240e-03
6.215207048458149757e+02	-1.888217900908984543e-03
6.235233480176211742e+02	-7.694335775968901611e-04
6.255259911894272591e+02	-1.530329614292602006e-03
6.275286343612335713e+02	-5.747794420198021424e-04
6.295312775330396562e+02	-9.798800700161266076e-04
6.315339207048458547e+02	7.446241653397799986e-04
6.335365638766520533e+02	-1.574288509969211359e-04
6.355392070484581382e+02	-4.210522625053057344e-04
6.375418502202643367e+02	-1.550633203803242991e-03
6.395444933920705353e+02	-1.075435739182205915e-03
6.415471365638766201e+02	-7.861922252911938058e-04
6.435497797356828187e+02	-1.467945645293064981e-04
6.455524229074890172e+02	-8.741725283169850952e-04
6.475550660792951021e+02	-6.559915550883087341e-04
6.495577092511014143e+02	-6.830631840000435297e-04
6.515603524229074992e+02	-1.317949433547483621e-03
6.535629955947136978e+02	-8.082689866080623991e-04
6.555656387665198963e+02	-7.365616883765020110e-04
6.575682819383259812e+02	-7.955398296557444427e-04
6.595709251101321797e+02	-9.624773675685823360e-04
6.615735682819383783e+02	-1.537098602739783628e-03
6.635762114537444631e+02	-2.176968320109386580e-04
6.655788546255506617e+02	9.167200636185371876e-04
6.675814977973568602e+02	3.432271988501822907e-04
6.695841409691629451e+02	-1.013530399224028708e-04
6.715867841409692574e+02	4.012377689801562247e-04
6.735894273127753422e+02	1.871949062488197698e-03
6.755920704845815408e+02	4.899015868182726420e-05
6.775947136563877393e+02	-5.394874684137237770e-04
6.795973568281938242e+02	-1.703876248878178918e-03
6.816000000000000227e+02	-1.687278655689206878e-03
6.836026431718062213e+02	-2.133632264018193482e-03
6.856052863436123062e+02	-1.508414481803966537e-03
6.876079295154185047e+02	-5.348153625640116992e-04
6.896105726872247033e+02	6.771083351626791275e-04
6.916132158590307881e+02	1.811201647003900890e-03
6.936158590308371004e+02	-2.413817366125444645e-04
6.956185022026431852e+02	1.084465772341270100e-03
6.976211453744492701e+02	-3.076106024765932903e-04
6.996237885462555823e+02	5.328894603334295103e-04
7.016264317180616672e+02	-1.688707062967644023e-04
7.036290748898678657e+02	-8.201663611346864395e-05
7.056317180616740643e+02	-1.308603195784342494e-03
7.076343612334801492e+02	-1.050621335306023028e-03
7.096370044052863477e+02	-1.127322011938214786e-03
7.116396475770925463e+02	1.136996319256344378e-03
7.136422907488986311e+02	9.199443395197844792e-04
7.156449339207049434e+02	-2.151153822577580156e-04
7.176475770925110282e+02	1.303130756118674833e-03
7.196502202643171131e+02	-7.992164204573268325e-05
7.216528634361234253e+02	-4.724553690032662454e-04
7.236555066079295102e+02	3.577311088240443067e-04
7.256581497797357088e+02	-2.145232053098800919e-03
7.276607929515419073e+02	-1.921411933316897330e-03
7.296634361233479922e+02	-5.950816331871109418e-04
7.316660792951541907e+02	-9.026956958622541199e-04
7.336687224669603893e+02	-2.485237506613489824e-03
7.356713656387664741e+02	-7.121996777701385182e-05
7.376740088105727864e+02	7.420460681617725620e-04
7.396766519823788713e+02	7.683126526445871896e-04
7.416792951541850698e+02	-3.570788716915407118e-04
7.436819383259911547e+02	-2.446042269377280949e-04
7.456845814977973532e+02	1.168290101607460534e-04
7.476872246696035518e+02	-1.868559814336222908e-03
7.496898678414097503e+02	-1.526139734141861810e-03
7.516925110132158352e+02	-1.062543870940134676e-03
7.536951541850220337e+02	-9.636045122032983962e-04
7.556977973568282323e+02	-4.194392361193340665e-04
7.577004405286344308e+02	1.051109014176266222e-03
7.597030837004405157e+02	-2.155224870300465230e-03
7.617057268722467143e+02	-9.349220006550810558e-04
7.637083700440529128e+02	-6.933737312037281577e-04
7.657110132158589977e+02	5.720454781199312087e-04
7.677136563876651962e+02	-4.679426372450336507e-04
7.697162995594713948e+02	-5.204742668440071138e-04
7.717189427312775933e+02	5.496472230124723173e-04
7.737215859030836782e+02	1.031612838604534666e-03
7.757242290748898768e+02	-5.583409548337804531e-04
7.777268722466960753e+02	2.660401943515623875e-03
7.797295154185022739e+02	-6.316604633101795350e-04
7.817321585903083587e+02	5.191905854540210859e-04
7.837348017621145573e+02	-6.925707450671891429e-04
7.857374449339207558e+02	-1.070278503152156686e-03
7.877400881057268407e+02	-1.368027076770195736e-04
7.897427312775330392e+02	-6.439074460663724107e-04
7.917453744493392378e+02	1.274638400990956723e-04
7.937480176211454364e+02	-8.161632663082459211e-04
7.957506607929515212e+02	1.790273509469920130e-04
7.977533039647577198e+02	-8.171316401879517161e-04
7.997559471365639183e+02	1.111882739275316519e-04
8.017585903083701169e+02	-2.608991076795329385e-03
8.037612334801762017e+02	-1.477314829197550871e-03
8.057638766519824003e+02	-1.386272835731406196e-03
8.077665198237885988e+02	-6.102294905220515811e-04
8.097691629955946837e+02	-5.691389705263503237e-04
8.117718061674008823e+02	-4.060666051316047759e-04
8.137744493392070808e+02	-1.000507339408106527e-03
8.157770925110132794e+02	1.332778792595368852e-03
8.177797356828193642e+02	-1.017747556969151191e-03
8.197823788546255628e+02	-2.515343093138613971e-04
8.217850220264317613e+02	-2.068989004396113113e-04
8.237876651982379599e+02	-5.172060795968164100e-05
8.257903083700440448e+02	6.980548427745426800e-04
8.277929515418502433e+02	-9.818137776758761696e-04
8.297955947136564419e+02	-6.909598254307704971e-04
8.317982378854625267e+02	-7.102964321034075431e-04
8.338008810572687253e+02	-7.873201416141343634e-04
8.358035242290749238e+02	1.021138487780582412e-03
8.378061674008811224e+02	-6.875758703903886177e-04
8.398088105726872072e+02	1.534070964542390086e-04
8.418114537444934058e+02	-6.576038745026659051e-04
8.438140969162996043e+02	5.246700370389984717e-04
8.458167400881058029e+02	-2.128622381105004424e-04
8.478193832599118878e+02	-6.634049102001605015e-04
8.498220264317180863e+02	4.104211003223449472e-04
8.518246696035242849e+02	2.136727588970100766e-04
8.538273127753303697e+02	2.971438063277487491e-04
8.558299559471365683e+02	1.677499775965874177e-04
8.578325991189427668e+02	5.109733762294510918e-04
8.598352422907489654e+02	5.117793186354190147e-04
8.618378854625550503e+02	-1.587856817303956837e-03
8.638405286343612488e+02	3.420330325631296305e-03
8.658431718061674474e+02	-2.347768728269803860e-04
8.678458149779735322e+02	2.136713614613981336e-04
8.698484581497797308e+02	6.677609229876807408e-04
8.718511013215859293e+02	-1.052554278402029978e-03
8.738537444933921279e+02	-8.661158202868394140e-04
8.758563876651982127e+02	9.139815309460837733e-04
8.778590308370044113e+02	7.451081817964500410e-04
8.798616740088106098e+02	1.403037329518563251e-03
8.818643171806168084e+02	2.491234194327284239e-04
8.838669603524228933e+02	7.012772948335138732e-04
8.858696035242290918e+02	1.141670341924072834e-03
8.878722466960352904e+02	-5.446435088117820237e-04
8.898748898678413752e+02	1.348894700051794533e-03
8.918775330396475738e+02	2.542447140198023960e-03
8.938801762114537723e+02	4.610204791733574334e-04
8.958828193832599709e+02	-1.193389310372139443e-03
8.978854625550660558e+02	-2.448819373550014354e-03
8.998881057268722543e+02	-1.607515218374656147e-03
9.018907488986784529e+02	-1.983452315601020276e-03
9.038933920704846514e+02	-2.157609066713697449e-04
9.058960352422907363e+02	-5.810617373180006120e-04
9.078986784140969348e+02	-1.179503803332426364e-04
9.099013215859031334e+02	1.740716757008246867e-05
9.119039647577092182e+02	7.815499203116512490e-05
9.139066079295154168e+02	-6.970817325325565344e-04
9.159092511013216154e+02	6.706612084141029464e-04
9.179118942731278139e+02	-4.643983249971617047e-04
9.199145374449338988e+02	-9.988268892091586247e-06
9.219171806167400973e+02	-3.132496607740393622e-04
9.239198237885462959e+02	-5.562466051335813056e-04
9.259224669603524944e+02	-1.380468826851965949e-03
9.279251101321585793e+02	6.120087561437340378e-04
9.299277533039647778e+02	1.832185096273473957e-04
9.319303964757709764e+02	1.392885555263845710e-03
9.339330396475770613e+02	5.127457261284499006e-04
9.359356828193832598e+02	-6.350443180589192358e-04
9.379383259911894584e+02	-9.619703811589730706e-05
9.399409691629956569e+02	-1.653238730099371710e-04
9.419436123348017418e+02	-1.416887140646981829e-03
9.439462555066079403e+02	1.411094190901707960e-03
9.459488986784141389e+02	4.408795900468387321e-04
9.479515418502203374e+02	1.410126642995069342e-03
9.499541850220264223e+02	1.468620723076253295e-03
9.519568281938326209e+02	4.639212191914767153e-04
9.539594713656388194e+02	-1.562719860247742138e-03
9.559621145374449043e+02	-1.703069087136799926e-03
9.579647577092511028e+02	-7.041349078529271434e-05
9.599674008810573014e+02	9.968054105593323212e-04
9.619700440528634999e+02	-5.172507071697478049e-04
9.639726872246695848e+02	-1.095698801937494232e-04
9.659753303964757833e+02	8.059690691797519955e-06
9.679779735682819819e+02	6.812980084695662974e-04
9.699806167400881804e+02	6.893533140385429709e-04
9.719832599118942653e+02	-1.949773372454610037e-03
9.739859030837004639e+02	-1.443153584351720194e-03
9.759885462555066624e+02	6.484075180559873594e-07
9.779911894273127473e+02	-2.353909078474168519e-03
9.799938325991189458e+02	1.269452026081285909e-03
9.819964757709251444e+02	-1.270897738814768694e-03
9.839991189427313429e+02	8.588982679975630812e-05
9.860017621145374278e+02	1.718867984909523087e-03
9.880044052863436264e+02	-3.129271567405164612e-04
9.900070484581498249e+02	-2.911735619917757466e-04
9.920096916299560235e+02	4.044759489358889929e-05
9.940123348017621083e+02	-1.182592842998286082e-03
9.960149779735683069e+02	4.059118688563904368e-04
9.980176211453745054e+02	-4.431024475404220263e-05
1.000020264317180590e+03	-1.397712758957459552e-03
1.002022907488986789e+03	1.305252847887185285e-04
1.004025550660792987e+03	1.643647198413365090e-04
1.006028193832599186e+03	-1.226745062960609822e-03
1.008030837004405271e+03	1.115112932598802165e-04
1.010033480176211469e+03	-4.426445664617915487e-04
1.012036123348017668e+03	-5.926646152255795903e-04
1.014038766519823866e+03	-2.753813543831196359e-04
1.016041409691629951e+03	-1.003084473287718052e-03
1.018044052863436150e+03	-1.879516894529343523e-03
1.020046696035242348e+03	7.852300740974985788e-04
1.022049339207048433e+03	-5.607313901034862526e-05
1.024051982378854518e+03	3.712657057541422648e-04
1.026054625550660830e+03	-6.637267327728841541e-04
1.028057268722467143e+03	2.267384087849500136e-03
1.030059911894273228e+03	-2.496006090507042882e-04
1.032062555066079312e+03	8.388894806051975638e-04
1.034065198237885397e+03	3.069721552290128859e-04
1.036067841409691709e+03	-1.263000046953633273e-03
1.038070484581497794e+03	2.428398656763030314e-04
1.040073127753304107e+03	-1.041435102294930182e-03
1.042075770925110191e+03	1.180665951189929352e-03
1.044078414096916276e+03	9.441138345589013747e-04
1.046081057268722361e+03	-1.293912234766161407e-04
1.048083700440528673e+03	7.994625031894526945e-04
1.050086343612334986e+03	5.398673772559986570e-04
1.052088986784141071e+03	1.583529448009147328e-03
1.054091629955947155e+03	2.119893016911354559e-03
1.056094273127753240e+03	1.163956057695703528e-03
1.058096916299559552e+03	1.009942938670072444e-03
1.060099559471365637e+03	-9.610386553132292415e-04
1.062102202643171950e+03	5.784984841797683169e-04
1.064104845814978034e+03	-9.146199627838129398e-04
1.066107488986784119e+03	-8.061485466825509200e-04
1.068110132158590204e+03	2.144256727627969795e-03
1.070112775330396516e+03	1.199790177445581290e-03
1.072115418502202829e+03	-1.931278298007898337e-03
1.074118061674008914e+03	-7.679002274397995955e-04
1.076120704845814998e+03	1.681238330486501493e-03
1.078123348017621083e+03	8.791704556436301127e-04
1.080125991189427396e+03	-1.412698952790969378e-03
1.082128634361233480e+03	1.888048551357200591e-03
1.084131277533039793e+03	9.145818658790720330e-04
1.086133920704845877e+03	-9.107180051441952136e-04
1.088136563876651962e+03	2.080989953593139017e-03
1.090139207048458047e+03	-2.689779326562114804e-03
1.092141850220264359e+03	-1.306120566336632562e-03
1.094144493392070672e+03	-1.705595868206776942e-03
1.096147136563876757e+03	-1.121786006292871195e-04
1.098149779735682841e+03	-1.050137876847422828e-03
1.100152422907488926e+03	1.224212759366927975e-03
1.102155066079295239e+03	-3.213582502237909014e-04
1.104157709251101323e+03	9.659706550978695285e-04
1.106160352422907636e+03	1.109855626019684311e-03
1.108162995594713720e+03	6.667433733272387208e-04
1.110165638766519805e+03	-9.184480388892753578e-04
1.112168281938325890e+03	2.837559803098072984e-04
1.114170925110132202e+03	2.423837762646806251e-03
1.116173568281938515e+03	-4.765320441296294726e-04
1.118176211453744600e+03	1.721238722305250919e-03
1.120178854625550684e+03	1.562382331780853405e-03
1.122181497797356769e+03	-8.161709488359051505e-05
1.124184140969163082e+03	3.512707468001917714e-04
1.126186784140969166e+03	-3.534433818345171811e-04
1.128189427312775479e+03	2.884216345926171382e-04
1.130192070484581564e+03	7.788554578066714338e-04
1.132194713656387648e+03	9.314610383608595921e-04
1.134197356828193733e+03	-6.342577122535832026e-04
1.136200000000000045e+03	1.053417435802828355e-03
1.138202643171806358e+03	3.899680339289003563e-03
1.140205286343612443e+03	1.400320774520634731e-03
1.142207929515418527e+03	1.394026796559267147e-03
1.144210572687224612e+03	-1.988167557501083432e-04
1.146213215859030697e+03	8.672711228229216173e-04
1.148215859030837009e+03	8.639960201682896860e-04
1.150218502202643322e+03	2.990921733370234016e-03
1.152221145374449407e+03	-1.942901598570578327e-04
1.154223788546255491e+03	9.726496200654240459e-04
1.156226431718061576e+03	-1.193133215046215511e-03
1.158229074889867888e+03	-2.613455310033655854e-04
1.160231718061674201e+03	1.340970087533865495e-03
1.162234361233480286e+03	-1.086353768549396621e-03
1.164237004405286370e+03	1.226831130266781578e-03
1.166239647577092455e+03	1.688892104241946886e-03
1.168242290748898540e+03	-8.660673242593334552e-04
1.170244933920704852e+03	4.751887735749527161e-04
1.172247577092511165e+03	2.380485112852604758e-03
1.174250220264317250e+03	5.561041464330121736e-04
1.176252863436123334e+03	2.565552695102235777e-03
1.178255506607929419e+03	1.783947325505173733e-03
1.180258149779735731e+03	4.132374482887387593e-04
1.182260792951542044e+03	-2.221684328964658277e-03
1.184263436123348129e+03	-1.088027591866990812e-04
1.186266079295154213e+03	5.005358139267273042e-05
1.188268722466960298e+03	-1.812722353127150469e-03
1.190271365638766383e+03	1.459917967018032519e-03
1.192274008810572695e+03	1.229954699110180887e-03
1.194276651982379008e+03	-1.593191773732625049e-04
1.196279295154185093e+03	1.092933400132211578e-03
1.198281938325991177e+03	1.556642886026962988e-05
1.200284581497797262e+03	7.943715289520072369e-05
1.202287224669603575e+03	1.554945060545699382e-03
1.204289867841409887e+03	-4.427989808107660988e-04
1.206292511013215972e+03	9.069466430323917111e-04
1.208295154185022056e+03	1.247520052127225939e-03
1.210297797356828141e+03	3.075236856223461995e-04
1.212300440528634226e+03	1.319293213928163623e-03
1.214303083700440538e+03	2.396562424739891346e-03
1.216305726872246851e+03	2.030216621185478108e-03
1.218308370044052936e+03	1.097182236326598440e-04
1.220311013215859020e+03	2.385470040776161793e-04
1.222313656387665105e+03	1.135064318638079735e-04
1.224316299559471418e+03	7.581988888133211948e-04
1.226318942731277730e+03	-1.817415702295544378e-03
1.228321585903083815e+03	-8.472614854750035998e-04
1.230324229074889899e+03	-3.825993316367571869e-04
1.232326872246695984e+03	4.954716392440381692e-04
1.234329515418502069e+03	1.921943951050121644e-03
1.236332158590308381e+03	-1.290568035077145365e-03
1.238334801762114694e+03	2.152584986215156336e-03
1.240337444933920779e+03	1.183291280363785950e-03
1.242340088105726863e+03	-6.790341886029115179e-04
1.244342731277532948e+03	1.836321447274214761e-03
1.246345374449339261e+03	3.818389890341001821e-04
1.248348017621145573e+03	8.155463906389219270e-04
1.250350660792951658e+03	1.671819351960369222e-03
1.252353303964757743e+03	8.451991311559939801e-04
1.254355947136563827e+03	-1.517481788043139419e-03
1.256358590308370140e+03	1.186511407941904118e-03
1.258361233480176224e+03	1.506592197789524950e-03
1.260363876651982309e+03	-1.397390865227343421e-03
1.262366519823788622e+03	1.090880677565686952e-03
1.264369162995594706e+03	1.906345554416689252e-03
1.266371806167401019e+03	-1.246804716779292507e-04
1.268374449339207104e+03	2.288475520917376149e-05
1.270377092511013188e+03	1.439775802613806705e-03
1.272379735682819501e+03	-1.182432095614572003e-03
1.274382378854625586e+03	2.044877046693871546e-04
1.276385022026431670e+03	1.063533735053967939e-04
1.278387665198237983e+03	-1.146015135978962042e-03
1.280390308370044067e+03	1.503449255585873555e-04
1.282392951541850152e+03	-5.174122622855442753e-04
1.284395594713656465e+03	2.159283110809705772e-04
1.286398237885462549e+03	-1.488112592382173031e-03
1.288400881057268862e+03	-1.805716045850336944e-03
1.290403524229074947e+03	-3.366987279764609153e-03
1.292406167400881031e+03	-5.502843496679955728e-04
1.294408810572687344e+03	5.769164562023905380e-05
1.296411453744493429e+03	1.637193736419464258e-04
1.298414096916299513e+03	-4.094507094798634813e-04
1.300416740088105826e+03	7.135256299317211618e-04
1.302419383259911910e+03	-2.226905409090209947e-04
1.304422026431717995e+03	1.566430740414825103e-03
1.306424669603524308e+03	-9.813074011095789570e-05
1.308427312775330392e+03	-9.598989626943939734e-04
1.310429955947136705e+03	-1.840844263610575977e-03
1.312432599118942790e+03	-2.492166884648595350e-03
1.314435242290748874e+03	-1.205635916919955367e-03
1.316437885462555187e+03	-3.951098082623174146e-04
1.318440528634361272e+03	-1.840178792857474267e-04
1.320443171806167356e+03	-1.365485715052526788e-03
1.322445814977973669e+03	-9.856810916567323045e-04
1.324448458149779754e+03	7.452687604995401807e-04
1.326451101321585838e+03	-9.423349910497654403e-04
1.328453744493392151e+03	1.448961160708361461e-03
1.330456387665198235e+03	3.517678727695151960e-04
1.332459030837004548e+03	1.562241765012605584e-03
1.334461674008810633e+03	-1.420111484253606341e-03
1.336464317180616717e+03	3.111610767115416442e-04
1.338466960352423030e+03	-8.717564322506139978e-04
1.340469603524229115e+03	-1.482793732355536503e-03
1.342472246696035199e+03	-2.852955202211114507e-03
1.344474889867841512e+03	2.207915602203681227e-05
1.346477533039647597e+03	-2.223410256116950203e-05
1.348480176211453681e+03	1.202417887814789029e-03
1.350482819383259994e+03	6.609764782972065338e-06
1.352485462555066078e+03	3.674305069123474899e-05
1.354488105726872391e+03	7.787868686342177844e-04
1.356490748898678476e+03	-2.133148676917961430e-03
1.358493392070484560e+03	-1.120714112261910573e-03
1.360496035242290873e+03	6.163575715600440796e-04
1.362498678414096958e+03	-1.535645852641276139e-03
1.364501321585903042e+03	-9.651837412212336338e-05
1.366503964757709355e+03	-1.074758677292786863e-04
1.368506607929515440e+03	1.890185176885551626e-04
1.370509251101321524e+03	-5.510801019532605066e-05
1.372511894273127837e+03	-6.936986742396069336e-04
1.374514537444933922e+03	-6.521242563216403648e-04
1.376517180616740234e+03	3.061674628972670511e-04
1.378519823788546319e+03	-5.043267116455749842e-05
1.380522466960352403e+03	6.458449231890432424e-04
1.382525110132158716e+03	-3.705986882154302874e-05
1.384527753303964801e+03	-1.409315363444108753e-03
1.386530396475770885e+03	1.826669323674299985e-03
1.388533039647577198e+03	-4.044295257763518318e-05
1.390535682819383283e+03	-1.628947032694518047e-03
1.392538325991189367e+03	-3.620751922055466228e-04
1.394540969162995680e+03	7.357605574649149580e-04
1.396543612334801765e+03	-1.588796935335867419e-04
1.398546255506608077e+03	-1.867571551105621044e-04
1.400548898678414162e+03	8.959507871542096648e-05
1.402551541850220246e+03	-6.730731256195277446e-04
1.404554185022026559e+03	2.153618843137627796e-03
1.406556828193832644e+03	9.152938615439871052e-05
1.408559471365638728e+03	-2.447656015668321335e-04
1.410562114537445041e+03	-2.370314286141540305e-04
1.412564757709251126e+03	8.121762067041495762e-05
1.414567400881057210e+03	-2.146363045082798262e-03
1.416570044052863523e+03	1.816060769014972236e-04
1.418572687224669608e+03	4.067164782805440218e-04
1.420575330396475920e+03	-4.516689155903192321e-04
1.422577973568282005e+03	1.101545933065150532e-03
1.424580616740088090e+03	-2.263973865977761521e-04
1.426583259911894402e+03	2.612088646617660931e-04
1.428585903083700487e+03	4.457126882009720850e-04
1.430588546255506571e+03	5.060003671992793723e-05
1.432591189427312884e+03	2.016490778092828139e-03
1.434593832599118969e+03	1.081271604128630363e-04
1.436596475770925053e+03	2.126226917969954548e-03
1.438599118942731366e+03	-5.159639516149501764e-04
1.440601762114537451e+03	9.233399561123795530e-05
1.442604405286343763e+03	-3.530515486073860327e-04
1.444607048458149848e+03	8.927461501562208791e-05
1.446609691629955933e+03	4.584434366688539095e-04
1.448612334801762245e+03	7.881319730315364952e-04
1.450614977973568330e+03	-5.386823781928786695e-04
1.452617621145374414e+03	-3.509564324744031101e-04
1.454620264317180727e+03	-1.031121952489510735e-03
1.456622907488986812e+03	9.099539173081476473e-04
1.458625550660792896e+03	3.831918209606706037e-04
1.460628193832599209e+03	1.666336686571435370e-03
1.462630837004405294e+03	9.855257381438113813e-04
1.464633480176211606e+03	7.879698987121479042e-04
1.466636123348017691e+03	1.464591039270791376e-03
1.468638766519823776e+03	9.935829017037483592e-04
1.470641409691630088e+03	-1.169829956363388084e-04
1.472644052863436173e+03	-7.101356122446665078e-04
1.474646696035242257e+03	4.756831183613918876e-04
1.476649339207048570e+03	5.709163473422982412e-04
1.478651982378854655e+03	-1.471514583232625111e-03
1.480654625550660739e+03	-8.421077141875128735e-04
1.482657268722467052e+03	-9.829424471222473168e-04
1.484659911894273137e+03	-1.328101014087246495e-03
1.486662555066079449e+03	-1.001957530131591338e-03
1.488665198237885534e+03	-8.429135249088389814e-04
1.490667841409691619e+03	-1.139213093931169704e-04
1.492670484581497931e+03	2.412273941515995690e-04
1.494673127753304016e+03	3.777114959399250618e-04
1.496675770925110101e+03	-3.126058328791759796e-04
1.498678414096916413e+03	-2.120903841510558656e-03
1.500681057268722498e+03	1.022426984659464315e-03
1.502683700440528582e+03	2.641097820057504127e-04
1.504686343612334895e+03	3.176079116902651893e-04
1.506688986784140980e+03	1.388533600669949932e-03
1.508691629955947064e+03	1.207414496122959742e-03
1.510694273127753377e+03	-5.958873608504554418e-04
1.512696916299559462e+03	-2.603996899520711304e-03
1.514699559471365774e+03	2.497687007589898282e-04
1.516702202643171859e+03	-1.850512143561088268e-03
1.518704845814977944e+03	9.544259550144714322e-04
1.520707488986784256e+03	1.528562209575779710e-03
1.522710132158590341e+03	6.530977858812288522e-04
1.524712775330396425e+03	9.022171297702778281e-04
1.526715418502202738e+03	-2.004534183568605339e-04
1.528718061674008823e+03	-8.081075290453203219e-04
1.530720704845814907e+03	-1.698720895018258643e-03
1.532723348017621220e+03	-1.814401985210655779e-04
1.534725991189427305e+03	-1.188555908151411270e-03
1.536728634361233617e+03	1.401927806773837159e-04
1.538731277533039702e+03	-3.735163531645601569e-04
1.540733920704845787e+03	4.600539359116636337e-04
1.542736563876652099e+03	-1.124724601707427957e-04
1.544739207048458184e+03	5.061389915366639163e-04
1.546741850220264269e+03	-9.086571080707324822e-04
1.548744493392070581e+03	9.850426240316516487e-04
1.550747136563876666e+03	-1.466326019980315038e-04
1.552749779735682750e+03	-1.371447100809786764e-03
1.554752422907489063e+03	-9.046285112412674051e-04
1.556755066079295148e+03	5.981489595913603175e-04
1.558757709251101460e+03	9.165582808422286388e-04
1.560760352422907545e+03	8.002176769359651675e-04
1.562762995594713630e+03	-4.714874244407866424e-04
1.564765638766519942e+03	-1.039501007006660410e-03
1.566768281938326027e+03	1.527275890068003055e-03
1.568770925110132112e+03	5.651159456093737214e-04
1.570773568281938424e+03	5.641488624951614388e-04
1.572776211453744509e+03	-1.487305543591133875e-03
1.574778854625550593e+03	-3.385487443435807346e-04
1.576781497797356906e+03	-4.721049594011990749e-05
1.578784140969162991e+03	-1.513249385784033122e-03
1.580786784140969303e+03	-8.013382920134985233e-04
1.582789427312775388e+03	-1.170507966826716661e-03
1.584792070484581473e+03	-1.701620166912177047e-03
1.586794713656387785e+03	-5.108056360873410289e-04
1.588797356828193870e+03	-9.780754558972328233e-05
1.590799999999999955e+03	-1.182109084624282606e-03
1.592802643171806267e+03	-1.479570652195504998e-03
1.594805286343612352e+03	-7.059448978531388582e-04
1.596807929515418436e+03	-5.884752234542438027e-04
1.598810572687224749e+03	1.517953368355361133e-04
1.600813215859030834e+03	-7.734388801732257975e-05
1.602815859030837146e+03	7.758843471649564099e-04
1.604818502202643231e+03	-2.202743684426967474e-04
1.606821145374449316e+03	1.018719129060664027e-03
1.608823788546255628e+03	-1.587051673208938595e-03
1.610826431718061713e+03	-1.184688628189744294e-03
1.612829074889867798e+03	-1.372575368538987099e-03
1.614831718061674110e+03	-3.237247678483881229e-04
1.616834361233480195e+03	-3.267861454879563430e-04
1.618837004405286280e+03	-4.129960264292352121e-04
1.620839647577092592e+03	4.086512519636324140e-04
1.622842290748898677e+03	-1.274571852405201170e-04
1.624844933920704989e+03	-7.641164438925375415e-04
1.626847577092511074e+03	2.226958999358205746e-04
1.628850220264317159e+03	-6.735300085651803955e-05
1.630852863436123471e+03	6.990215362294943755e-04
1.632855506607929556e+03	1.574648802330424644e-03
1.634858149779735641e+03	4.569907774291113761e-04
1.636860792951541953e+03	6.830694458814570973e-04
1.638863436123348038e+03	-1.004857480613431057e-03
1.640866079295154123e+03	-6.501913984387151227e-04
1.642868722466960435e+03	-6.988543592497231238e-04
1.644871365638766520e+03	-1.855345544444509222e-03
1.646874008810572832e+03	7.642831500023653879e-04
1.648876651982378917e+03	1.469426542907936294e-03
1.650879295154185002e+03	-1.272829982432099275e-03
1.652881938325991314e+03	1.975239946434581041e-03
1.654884581497797399e+03	-3.174390498607906072e-04
1.656887224669603484e+03	2.942430881489598330e-04
1.658889867841409796e+03	-1.875619007173147412e-04
1.660892511013215881e+03	8.753066671391976838e-04
1.662895154185021966e+03	-7.394618629793291240e-04
1.664897797356828278e+03	-4.386165146704312898e-04
1.666900440528634363e+03	-7.538024137435648305e-04
1.668903083700440675e+03	-3.612699079126757045e-04
1.670905726872246760e+03	-1.538386005132030745e-03
1.672908370044052845e+03	6.993638674892543590e-05
1.674911013215859157e+03	1.030806831554099013e-03
1.676913656387665242e+03	-8.145513780700934080e-04
1.678916299559471327e+03	1.052285690527066515e-04
1.680918942731277639e+03	7.552617022841929487e-04
1.682921585903083724e+03	1.058361018144160937e-03
1.684924229074889809e+03	8.561330621061462049e-04
1.686926872246696121e+03	-8.727226236498349370e-04
1.688929515418502206e+03	7.765290697484105841e-04
1.690932158590308518e+03	-7.125519810382114575e-04
1.692934801762114603e+03	-9.342949045110148036e-06
1.694937444933920688e+03	5.804243933724476372e-04
1.696940088105727000e+03	1.487337755444295803e-04
1.698942731277533085e+03	1.413671558413409721e-03
1.700945374449339170e+03	-6.701726141934204271e-04
1.702948017621145482e+03	3.707831098622053423e-04
1.704950660792951567e+03	1.061583484548901061e-03
1.706953303964757652e+03	4.268598048263737049e-04
1.708955947136563964e+03	-1.738655157711874676e-04
1.710958590308370049e+03	1.036445383535378791e-03
1.712961233480176361e+03	2.916943322439634705e-05
1.714963876651982446e+03	-7.288263925657732008e-04
1.716966519823788531e+03	-1.069151543229774053e-03
1.718969162995594843e+03	4.395906859756767179e-04
1.720971806167400928e+03	-4.784181336091821346e-04
1.722974449339207013e+03	-4.672996991907485517e-04
1.724977092511013325e+03	-6.980489758142470556e-04
1.726979735682819410e+03	-4.700383796075737158e-04
1.728982378854625495e+03	-7.811963961513732676e-04
1.730985022026431807e+03	-2.163444040126448649e-03
1.732987665198237892e+03	8.206813443470521458e-04
1.734990308370044204e+03	6.094286111844925222e-04
1.736992951541850289e+03	-6.219926256443077681e-04
1.738995594713656374e+03	-1.261684984792177714e-04
1.740998237885462686e+03	-9.030172407340937828e-04
1.743000881057268771e+03	8.573014441748408256e-05
1.745003524229074856e+03	-2.827944648255974495e-04
1.747006167400881168e+03	-8.121193023202802276e-05
1.749008810572687253e+03	3.018150038593738491e-04
1.751011453744493338e+03	9.458855842666930112e-04
1.753014096916299650e+03	-1.530812718137330736e-03
1.755016740088105735e+03	-7.676602237477456788e-04
1.757019383259912047e+03	-1.623628947268417793e-03
1.759022026431718132e+03	-7.468733847743492128e-04
1.761024669603524217e+03	4.565084491611417117e-04
1.763027312775330529e+03	-6.682387804762604782e-04
1.765029955947136614e+03	-1.498100857309570596e-03
1.767032599118942699e+03	6.360174040015876152e-04
1.769035242290749011e+03	-1.034346230089311109e-03
1.771037885462555096e+03	-1.521790436639159586e-03
1.773040528634361181e+03	1.491823852023111113e-03
1.775043171806167493e+03	-1.161483757318503961e-03
1.777045814977973578e+03	-5.715548331596714045e-04
1.779048458149779890e+03	-1.386271595201794219e-03
1.781051101321585975e+03	3.416171002981856697e-04
1.783053744493392060e+03	-5.726841667768715633e-04
1.785056387665198372e+03	-1.678255315172073143e-03
1.787059030837004457e+03	-3.731947199163034154e-04
1.789061674008810542e+03	-2.107850525883337399e-03
1.791064317180616854e+03	-1.233674397467066346e-03
1.793066960352422939e+03	1.023254056810030528e-04
1.795069603524229024e+03	1.132808035107824756e-03
1.797072246696035336e+03	-1.032733513854911401e-03
1.799074889867841421e+03	-6.023329347480510087e-04
1.801077533039647733e+03	-1.545292535614752939e-04
1.803080176211453818e+03	-6.556708066462353917e-04
1.805082819383259903e+03	-5.388454533513445648e-04
1.807085462555066215e+03	-2.850859891072587103e-03
1.809088105726872300e+03	-9.507150896473920290e-04
1.811090748898678385e+03	6.365207554688293782e-05
1.813093392070484697e+03	1.338097705767626096e-03
1.815096035242290782e+03	-9.592546361769864038e-04
1.817098678414096867e+03	-1.012591077516766195e-03
1.819101321585903179e+03	-2.595915351613079436e-04
1.821103964757709264e+03	3.698173142245188413e-04
1.823106607929515576e+03	4.582812734703399049e-04
1.825109251101321661e+03	-6.748440165677443200e-04
1.827111894273127746e+03	-7.491298639672684580e-04
1.829114537444934058e+03	-1.245275610836339090e-03
1.831117180616740143e+03	1.050787496724824976e-03
1.833119823788546228e+03	-2.161348955708007526e-03
1.835122466960352540e+03	-5.361057223093768521e-04
1.837125110132158625e+03	2.276917336799800498e-04
1.839127753303964710e+03	-2.631364196855611208e-04
1.841130396475771022e+03	-1.817478924055570318e-03
1.843133039647577107e+03	-2.992313493577423425e-04
1.845135682819383419e+03	1.426113018640155620e-04
1.847138325991189504e+03	1.434780464893715187e-03
1.849140969162995589e+03	1.555795211791721321e-03
1.851143612334801901e+03	-1.731269635785337045e-03
1.853146255506607986e+03	-1.569449825849391473e-04
1.855148898678414071e+03	6.632497073768563959e-04
1.857151541850220383e+03	2.697493049986786655e-04
1.859154185022026468e+03	1.215015972673813327e-04
1.861156828193832553e+03	-1.415438016495196034e-03
1.863159471365638865e+03	9.153151027125897769e-05
1.865162114537444950e+03	9.943893225653707181e-04
1.867164757709251262e+03	4.260537063779155464e-04
1.869167400881057347e+03	1.471198539181827174e-03
1.871170044052863432e+03	5.522246442855036682e-04
1.873172687224669744e+03	1.463302337496320046e-03
1.875175330396475829e+03	6.052393379555765385e-04
1.877177973568281914e+03	2.804620920211297642e-03
1.879180616740088226e+03	-8.806201752467494393e-04
1.881183259911894311e+03	1.000695854417531341e-04
1.883185903083700396e+03	1.244153509349809738e-03
1.885188546255506708e+03	-7.631490729304022443e-04
1.887191189427312793e+03	1.447069632486640257e-04
1.889193832599119105e+03	-1.025482312158910352e-03
1.891196475770925190e+03	-5.309490779357602368e-04
1.893199118942731275e+03	6.663113799411535688e-04
1.895201762114537587e+03	9.163983780942300955e-04
1.897204405286343672e+03	-6.178032716339434136e-04
1.899207048458149757e+03	-5.043609402838320540e-04
1.901209691629956069e+03	-2.346658615678087235e-03
1.903212334801762154e+03	-3.478949960029840407e-04
1.905214977973568239e+03	-4.494118947147459600e-04
1.907217621145374551e+03	-1.200156575688326403e-03
1.909220264317180636e+03	-3.024541080245633220e-04
1.911222907488986948e+03	-1.335190292297162590e-03
1.913225550660793033e+03	-5.736224962757947556e-05
1.915228193832599118e+03	2.369091390077605208e-05
1.917230837004405430e+03	-5.597909748711103837e-04
1.919233480176211515e+03	-1.371930312721047780e-03
1.921236123348017600e+03	-8.751410862853477518e-04
1.923238766519823912e+03	1.139413385295972355e-03
1.925241409691629997e+03	1.211765521620012439e-03
1.927244052863436082e+03	-3.572418840128043687e-04
1.929246696035242394e+03	-1.336479225120678401e-03
1.931249339207048479e+03	9.012507854540892805e-04
1.933251982378854791e+03	5.913813779165222762e-04
1.935254625550660876e+03	-5.299813470945882125e-04
1.937257268722466961e+03	-6.891863886352214957e-04
1.939259911894273273e+03	-1.567230584810873958e-03
1.941262555066079358e+03	-9.798799500673189937e-04
1.943265198237885443e+03	-2.007782782859911068e-03
1.945267841409691755e+03	-3.719040332323283972e-04
1.947270484581497840e+03	-5.188348738398558486e-05
1.949273127753303925e+03	-1.569470390868411857e-04
1.951275770925110237e+03	-4.266905711621363814e-04
1.953278414096916322e+03	-3.395160839941405205e-04
1.955281057268722634e+03	-4.002651341828759282e-04
1.957283700440528719e+03	1.302808312254177077e-03
1.959286343612334804e+03	8.977046706571953968e-04
1.961288986784141116e+03	5.365938481837193626e-04
1.963291629955947201e+03	-9.442684343260683349e-04
1.965294273127753286e+03	-1.588661976678595097e-03
1.967296916299559598e+03	-1.641192638204259273e-03
1.969299559471365683e+03	-2.520043545160243793e-03
1.971302202643171768e+03	-7.218737874827883881e-05
1.973304845814978080e+03	-2.809930877389343017e-03
1.975307488986784165e+03	-1.828275175949454958e-03
1.977310132158590477e+03	5.338549467860385141e-04
1.979312775330396562e+03	3.622416114064333113e-04
1.981315418502202647e+03	-2.731273702419213930e-04
1.983318061674008959e+03	-2.145717019169878469e-03
1.985320704845815044e+03	2.196344297400232347e-04
1.987323348017621129e+03	6.630875772223991400e-04
1.989325991189427441e+03	-9.508752743228939420e-04
1.991328634361233526e+03	-1.176630422620461320e-03
1.993331277533039611e+03	-9.513597839152515426e-04
1.995333920704845923e+03	5.382046945186849934e-04
1.997336563876652008e+03	-1.386271913758928883e-03
1.999339207048458320e+03	2.610478434563078725e-04
2.001341850220264405e+03	-1.740272451114409564e-04
2.003344493392070490e+03	-9.076900471647116487e-04
2.005347136563876802e+03	-1.348565802445244721e-03
2.007349779735682887e+03	7.952217198462070919e-04
2.009352422907488972e+03	4.080052737476023528e-04
2.011355066079295284e+03	4.041390954418803386e-04
2.013357709251101369e+03	-9.234818126579565295e-04
2.015360352422907454e+03	7.918383121294340649e-04
2.017362995594713766e+03	-5.913558579579995860e-05
2.019365638766519851e+03	-2.193415251526230174e-03
2.021368281938326163e+03	-2.707094174626555353e-04
2.023370925110132248e+03	-1.279398402873384451e-04
2.025373568281938333e+03	4.940541324839344776e-04
2.027376211453744645e+03	4.977595845694129115e-04
2.029378854625550730e+03	-1.216755167858330671e-03
2.031381497797356815e+03	1.544677092437441324e-03
2.033384140969163127e+03	1.115243504744678048e-03
2.035386784140969212e+03	1.195167775965043973e-03
2.037389427312775297e+03	5.079128101484807565e-04
2.039392070484581609e+03	-8.226095923850037595e-04
2.041394713656387694e+03	-2.001659896844642204e-03
2.043397356828193779e+03	-2.226932019639661468e-03
2.045400000000000091e+03	-3.712597450116875185e-04
2.047402643171806176e+03	-1.242213198921015335e-03
2.049405286343612715e+03	2.026320820967964474e-03
2.051407929515418800e+03	-1.867591216447350320e-03
2.053410572687224885e+03	5.058176014957726629e-04
2.055413215859030970e+03	-1.233191564410040641e-03
2.057415859030837055e+03	8.330894276274307180e-04
2.059418502202643140e+03	-9.909824107572330024e-05
2.061421145374449225e+03	-7.886097259312667158e-04
2.063423788546255309e+03	1.946718215183374651e-03
2.065426431718061394e+03	-1.052205621776769001e-04
2.067429074889867934e+03	-4.787391306594779186e-04
2.069431718061674019e+03	-3.828616256408959350e-04
2.071434361233480558e+03	-2.694208256128538320e-04
2.073437004405286643e+03	-1.206119749594924181e-03
2.075439647577092728e+03	-1.279114267653415089e-03
2.077442290748898813e+03	-1.160194377136547928e-03
2.079444933920704898e+03	-4.978831932180842766e-05
2.081447577092510983e+03	-1.333417748204323520e-03
2.083450220264317068e+03	-3.849569604203571674e-04
2.085452863436123152e+03	-5.805783921359003539e-04
2.087455506607929237e+03	5.079114516371994233e-04
2.089458149779735777e+03	2.022130853283955233e-03
2.091460792951541862e+03	-6.555085731627886738e-04
2.093463436123348401e+03	-7.322093441947785230e-04
2.095466079295154486e+03	-4.352312673003842542e-04
2.097468722466960571e+03	6.891926788873176026e-04
2.099471365638766656e+03	-2.900464772188862282e-04
2.101474008810572741e+03	-4.616596756177314170e-04
2.103476651982378826e+03	-4.147677902456291016e-04
2.105479295154184911e+03	3.374277317218511403e-04
2.107481938325990996e+03	-5.736252400634358296e-05
2.109484581497797080e+03	-2.249467662818195027e-04
2.111487224669603620e+03	-8.205149554839856040e-04
2.113489867841409705e+03	5.398465559551797417e-05
2.115492511013216244e+03	-4.173205338124914116e-05
2.117495154185022329e+03	-2.408996531632736965e-04
2.119497797356828414e+03	-1.862597645359055382e-03
2.121500440528634499e+03	1.797986244503290126e-03
2.123503083700440584e+03	-6.034612870815085368e-04
2.125505726872246669e+03	-7.997277465333192887e-04
2.127508370044052754e+03	-1.980066905112944173e-03
2.129511013215858839e+03	-4.158949495426165588e-04
2.131513656387664923e+03	-2.787693926688186198e-03
2.133516299559471463e+03	3.330757270890051655e-04
2.135518942731277548e+03	-8.000505523213733827e-04
2.137521585903084087e+03	5.949254666747446924e-04
2.139524229074890172e+03	-2.359039240617421174e-04
2.141526872246696257e+03	-4.009103364291281358e-04
2.143529515418502342e+03	-1.763820318848497663e-03
2.145532158590308427e+03	-1.561403848637567282e-04
2.147534801762114512e+03	-1.357266873954654073e-03
2.149537444933920597e+03	5.693060497880878239e-04
2.151540088105726682e+03	-5.773556758825067452e-04
2.153542731277532766e+03	-3.358098020747269036e-04
2.155545374449339306e+03	-2.719694306287556880e-03
2.157548017621145391e+03	2.926320195544065148e-04
2.159550660792951930e+03	-1.528718935800687682e-03
2.161553303964758015e+03	-1.569970026109546559e-03
2.163555947136564100e+03	-2.049640999203238576e-04
2.165558590308370185e+03	1.794603179777886455e-03
2.167561233480176270e+03	-2.803764572784304401e-04
2.169563876651982355e+03	-4.988812938223616874e-04
2.171566519823788440e+03	-4.692330862662073376e-04
2.173569162995594525e+03	1.049499291863820617e-03
2.175571806167400609e+03	1.089623135957307979e-03
2.177574449339207149e+03	-3.838285314162525946e-04
2.179577092511013234e+03	2.555338981497799582e-03
2.181579735682819774e+03	-1.025483401320893178e-03
2.183582378854625858e+03	7.365676203419768264e-04
2.185585022026431943e+03	-1.376281966973059382e-03
2.187587665198238028e+03	8.272889277568314537e-04
2.189590308370044113e+03	-1.319239038294939530e-03
2.191592951541850198e+03	6.368226195942131712e-04
2.193595594713656283e+03	1.108660644401077285e-04
2.195598237885462368e+03	-1.638747111323504853e-04
2.197600881057268452e+03	-1.239313530695906407e-03
2.199603524229074992e+03	6.279596678711456314e-04
2.201606167400881077e+03	-6.081334120149105380e-04
2.203608810572687617e+03	6.461939611788140153e-05
2.205611453744493701e+03	-4.213750902047887171e-04
2.207614096916299786e+03	-8.026285182836316156e-04
2.209616740088105871e+03	1.146342598974504174e-03
2.211619383259911956e+03	1.415765826315123349e-03
2.213622026431718041e+03	-3.528571828790510545e-05
2.215624669603524126e+03	9.963247703597317723e-04
2.217627312775330211e+03	4.871264057200295106e-04
2.219629955947136295e+03	9.607120025382348810e-04
2.221632599118942835e+03	3.609538833267935580e-04
2.223635242290748920e+03	-1.740454689052560889e-03
2.225637885462555460e+03	2.615313108789853831e-04
2.227640528634361544e+03	-2.407387323966649875e-04
2.229643171806167629e+03	-1.604452299729974048e-03
2.231645814977973714e+03	7.467194887509814904e-04
2.233648458149779799e+03	1.244637345465480702e-03
2.235651101321585884e+03	-7.591195887636907353e-04
2.237653744493391969e+03	1.547226529688764518e-05
2.239656387665198054e+03	-1.563686291986215266e-03
2.241659030837004138e+03	-3.846341420056774711e-04
2.243661674008810678e+03	-5.697831759944250096e-04
2.245664317180616763e+03	5.017886049410764807e-04
2.247666960352423303e+03	-6.111957712294127220e-04
2.249669603524229387e+03	4.558646824355533237e-04
2.251672246696035472e+03	2.794173149583259247e-04
2.253674889867841557e+03	1.534069845888058592e-04
2.255677533039647642e+03	-2.184068614094403747e-03
2.257680176211453727e+03	2.723613397085842912e-05
2.259682819383259812e+03	-8.277649975277759148e-04
2.261685462555065897e+03	4.856750130302191844e-04
2.263688105726871981e+03	8.661225358309470896e-04
2.265690748898678521e+03	2.174890734797382732e-03
2.267693392070484606e+03	1.477321035744157606e-03
2.269696035242291146e+03	-9.297343168939406260e-05
2.271698678414097230e+03	-2.103177114462570843e-03
2.273701321585903315e+03	1.976529275702023584e-03
2.275703964757709400e+03	-9.229981596336276749e-04
2.277706607929515485e+03	-1.390784554689855406e-03
2.279709251101321570e+03	-8.462957324748044980e-04
2.281711894273127655e+03	8.986744260371590243e-04
2.283714537444934194e+03	-5.578581372372370343e-04
2.285717180616740279e+03	5.335339005916947411e-04
2.287719823788546364e+03	-1.289082479728253041e-04
2.289722466960352449e+03	-2.660371768150969073e-04
2.291725110132158534e+03	-1.853413287577723072e-03
2.293727753303964619e+03	-4.447396385493994310e-04
2.295730396475771158e+03	-2.794104333937969344e-04
2.297733039647577243e+03	-1.118135657919538646e-03
2.299735682819383328e+03	-7.299235830775623588e-05
2.301738325991189413e+03	-1.629592745381936315e-03
2.303740969162995498e+03	-1.566746963703783595e-03
2.305743612334802037e+03	-6.837077645179169419e-04
2.307746255506608122e+03	-2.130220599432463245e-04
2.309748898678414207e+03	-9.667789707360804733e-05
2.311751541850220292e+03	-2.352619757517678163e-03
2.313754185022026377e+03	-7.320489798355430061e-04
2.315756828193832462e+03	-1.311342547333767348e-03
2.317759471365639001e+03	-3.760933957061789569e-04
2.319762114537445086e+03	2.478347231507170415e-04
2.321764757709251171e+03	-2.681317054885334894e-04
2.323767400881057256e+03	-2.043877119319743689e-03
2.325770044052863341e+03	-4.592149400562773530e-05
2.327772687224669880e+03	1.163442199992176240e-04
2.329775330396475965e+03	-1.508575783715463249e-03
2.331777973568282050e+03	-6.845130722424911610e-04
2.333780616740088135e+03	-3.341988251479474344e-04
2.335783259911894220e+03	-4.021989674077788715e-04
2.337785903083700305e+03	3.561190942953560389e-04
2.339788546255506844e+03	4.039782314477723926e-04
2.341791189427312929e+03	-9.516796653355266700e-04
2.343793832599119014e+03	-3.773820567732336833e-04
2.345796475770925099e+03	1.413833200527752796e-03
2.347799118942731184e+03	1.033868153100030553e-03
2.349801762114537723e+03	3.886718200434710548e-04
2.351804405286343808e+03	-3.960753400339005778e-04
2.353807048458149893e+03	-1.702908065578253487e-03
2.355809691629955978e+03	3.622439259224318744e-04
2.357812334801762063e+03	1.596563972559312010e-03
2.359814977973568148e+03	6.123299401656743688e-04
2.361817621145374687e+03	-2.831171945165601332e-04
2.363820264317180772e+03	-1.716100156052336497e-04
2.365822907488986857e+03	7.162637176832798531e-04
2.367825550660792942e+03	-1.048971178022990117e-04
2.369828193832599027e+03	7.803972657240467728e-04
2.371830837004405566e+03	1.055942938762752031e-03
2.373833480176211651e+03	3.130955623150704259e-04
2.375836123348017736e+03	-2.154401392840647343e-04
2.377838766519823821e+03	-1.205153403681661923e-03
2.379841409691629906e+03	6.471359725828050536e-04
2.381844052863435991e+03	3.472557180055931675e-04
2.383846696035242530e+03	-3.601431507553704242e-04
2.385849339207048615e+03	3.833523862592435553e-04
2.387851982378854700e+03	6.767855753094114985e-04
2.389854625550660785e+03	9.798863426283734978e-04
2.391857268722466870e+03	-7.865138949378576222e-04
2.393859911894273409e+03	3.582107929144291844e-04
2.395862555066079494e+03	-7.492930857714282054e-04
2.397865198237885579e+03	-1.368866044692978751e-03
2.399867841409691664e+03	6.034656056477913279e-04
2.401870484581497749e+03	3.533791243199734975e-04
2.403873127753303834e+03	-1.105729357953456546e-03
2.405875770925110373e+03	-1.242397030726455679e-04
2.407878414096916458e+03	-3.109841508419506273e-04
2.409881057268722543e+03	2.166180856775020477e-03
2.411883700440528628e+03	7.235032710616131658e-04
2.413886343612334713e+03	-9.669502804760847438e-05
2.415888986784141252e+03	6.353743998764543963e-04
2.417891629955947337e+03	9.278623436776729100e-04
2.419894273127753422e+03	4.798844577406408303e-04
2.421896916299559507e+03	1.455668481151862299e-03
2.423899559471365592e+03	-4.084450956068572938e-04
2.425902202643171677e+03	-2.049423555571061139e-04
2.427904845814978216e+03	-7.955431959229275225e-04
2.429907488986784301e+03	-3.781127759424079840e-04
2.431910132158590386e+03	9.174616246437911765e-04
2.433912775330396471e+03	9.679457072472461227e-04
2.435915418502202556e+03	-4.807127174960621851e-04
2.437918061674009095e+03	1.254306023821793233e-03
2.439920704845815180e+03	-1.029014585635946412e-05
2.441923348017621265e+03	4.378235212747040648e-04
2.443925991189427350e+03	-7.078889775419237602e-04
2.445928634361233435e+03	-1.737688457273363959e-04
2.447931277533039520e+03	-8.523983744667976647e-05
2.449933920704846059e+03	1.326687038569774983e-03
2.451936563876652144e+03	7.062498522202639156e-04
2.453939207048458229e+03	-5.406462915061086266e-04
2.455941850220264314e+03	4.571132707913852858e-04
2.457944493392070399e+03	-1.383502540221440277e-03
2.459947136563876938e+03	-1.065957493935531337e-03
2.461949779735683023e+03	4.940214722121936963e-04
2.463952422907489108e+03	-5.234191594064928994e-04
2.465955066079295193e+03	7.554584939504177619e-04
2.467957709251101278e+03	4.095225205102460161e-04
2.469960352422907363e+03	3.636191932858786518e-04
2.471962995594713902e+03	6.094172597154060922e-04
2.473965638766519987e+03	-1.138355428605018847e-03
2.475968281938326072e+03	-5.396665836878757625e-04
2.477970925110132157e+03	-5.091576496981645075e-04
2.479973568281938242e+03	2.759752170036455484e-04
2.481976211453744781e+03	-1.252583659037717016e-03
2.483978854625550866e+03	-3.116715157008970974e-04
2.485981497797356951e+03	-7.433288444487621324e-04
2.487984140969163036e+03	-3.747432256943345049e-04
2.489986784140969121e+03	-1.167927458334829969e-03
2.491989427312775206e+03	2.145972395700277888e-04
2.493992070484581745e+03	-1.046857560297864524e-03
2.495994713656387830e+03	-6.448925149622186919e-04
2.497997356828193915e+03	1.026965030674539207e-03
2.500000000000000000e+03	7.099142261725701133e-04
