1.900000000000000000e+02	-1.456206810695092040e-03
1.910434782608695627e+02	3.702985478504008119e-04
1.920869565217391255e+02	5.780071432968548074e-04
1.931304347826086882e+02	-3.830234177266247974e-04
1.941739130434782510e+02	-4.331372799915250249e-04
1.952173913043478137e+02	-2.181168299633087261e-03
1.962608695652173765e+02	-1.050598885253386437e-04
1.973043478260869676e+02	-9.657010109120004859e-04
1.983478260869565304e+02	1.676060263733347033e-05
1.993913043478260931e+02	-2.193069409443640144e-04
2.004347826086956559e+02	-3.469284778657711872e-04
2.014782608695652186e+02	-8.923820617754655432e-04
2.025217391304347814e+02	-1.049976225180194360e-03
2.035652173913043441e+02	-4.054224126942786621e-04
2.046086956521739069e+02	-4.871188610549475923e-04
2.056521739130434696e+02	-3.480571125388905651e-04
2.066956521739130324e+02	2.642892162108002502e-05
2.077391304347826235e+02	1.016819429844107353e-04
2.087826086956521863e+02	-7.943780619348294876e-05
2.098260869565217490e+02	-1.330840133676814644e-03
2.108695652173913118e+02	6.566422483980985641e-04
2.119130434782608745e+02	-3.163127495535710291e-04
2.129565217391304373e+02	-4.366826679765401062e-04
2.140000000000000000e+02	7.312486981169597378e-04
2.150000000000000000e+02	1.877292192195679859e-04
2.155263157894736707e+02	1.986861295283360565e-04
2.160526315789473699e+02	-3.171035358363294334e-03
2.165789473684210407e+02	3.028633051009764141e-02
2.171052631578947398e+02	1.938448223181189409e-02
2.176315789473684106e+02	1.599831747330814416e-02
2.181578947368421098e+02	7.258488497402607389e-03
2.186842105263157805e+02	-2.078522596847840430e-03
2.192105263157894797e+02	-1.235705688367557190e-02
2.197368421052631504e+02	-1.751800904618702054e-02
2.202631578947368496e+02	-2.073803315467825231e-02
2.207894736842105203e+02	-2.698264143846175814e-02
2.213157894736842195e+02	-2.258597576751735295e-02
2.218421052631578902e+02	-3.008133150124919775e-02
2.223684210526315894e+02	-3.452731492053599804e-02
2.228947368421052602e+02	-2.790950984556093278e-02
2.234210526315789593e+02	-2.674399435712658882e-02
2.239473684210526301e+02	-2.558911305721344245e-02
2.244736842105263008e+02	-3.066578937533313148e-02
2.250000000000000000e+02	-2.168489433795569438e-02
2.270000000000000000e+02	-3.132258363981794969e-02
2.290026431718061701e+02	-3.485877902395566330e-02
2.310052863436123403e+02	-3.001881143274411773e-02
2.330079295154185104e+02	-2.937023570742427342e-02
2.350105726872246805e+02	-1.983566253422867215e-02
2.370132158590308222e+02	-1.955978611991789767e-02
2.390158590308369924e+02	-1.449359972006117325e-02
2.410185022026431625e+02	-8.048543196650765133e-03
2.430211453744493326e+02	-7.590426041883621515e-03
2.450237885462555028e+02	-3.778855655192957849e-03
2.470264317180616729e+02	-3.437565404185828535e-03
2.490290748898678430e+02	-3.466892152351898522e-03
2.510317180616740131e+02	-4.656581601021501579e-03
2.530343612334801833e+02	-2.104465249748587070e-03
2.550370044052863534e+02	-3.305107302897237510e-03
2.570396475770925235e+02	2.436734578713606846e-03
2.590422907488986652e+02	-8.645062447923404980e-04
2.610449339207048638e+02	-1.930759418801285959e-03
2.630475770925110055e+02	-4.866863352712870114e-03
2.650502202643172041e+02	-3.429347504075373580e-03
2.670528634361233458e+02	-3.923237921386978425e-03
2.690555066079294875e+02	-3.911150307774511128e-03
2.710581497797356860e+02	-5.214441391871592682e-03
2.730607929515418277e+02	-3.819947204158012730e-03
2.750634361233480263e+02	-2.132015603258221280e-03
2.770660792951541680e+02	-5.883005752823198056e-03
2.790687224669603665e+02	6.957999831936018207e-04
2.810713656387665083e+02	-4.729412751519476536e-03
2.830740088105727068e+02	-4.576499087924937662e-03
2.850766519823788485e+02	-4.182668148090115320e-03
2.870792951541850471e+02	-4.016213549225810045e-03
2.890819383259911888e+02	-2.396613639262333735e-03
2.910845814977973305e+02	-5.026874289604089593e-03
2.930872246696035290e+02	-5.052334062822331009e-03
2.950898678414097276e+02	-4.570046477649117658e-03
2.970925110132158693e+02	-4.891357550589428907e-03
2.990951541850220110e+02	-4.892484655405203095e-03
3.010977973568282096e+02	-4.229882968633960280e-03
3.031004405286343513e+02	-7.792814812486660754e-03
3.051030837004405498e+02	-4.013796086638163688e-03
3.071057268722466915e+02	-6.369158814661493410e-03
3.091083700440528901e+02	-5.786320455933283494e-03
3.111110132158590318e+02	-5.924737863852438599e-03
3.131136563876651735e+02	-6.872714326004628060e-03
3.151162995594713720e+02	-7.353878904302360749e-03
3.171189427312775706e+02	-6.856921537600066223e-03
3.191215859030837123e+02	-6.222361320241587626e-03
3.211242290748898540e+02	-4.739409434276928637e-03
3.231268722466960526e+02	-6.552533912152759717e-03
3.251295154185021943e+02	-7.404151239245229839e-03
3.271321585903083928e+02	-4.893451538258328584e-03
3.291348017621145345e+02	-6.202215472329975984e-03
3.311374449339207331e+02	-3.135108570404331139e-03
3.331400881057268748e+02	-3.752429940113778759e-03
3.351427312775330165e+02	-4.590670532183803790e-03
3.371453744493392151e+02	-3.942413316943135446e-03
3.391480176211454136e+02	-3.313167401998941188e-03
3.411506607929515553e+02	-3.669122126866521984e-03
3.431533039647576970e+02	-3.307849146758280734e-03
3.451559471365638956e+02	-3.833644593646433427e-03
3.471585903083700373e+02	-2.914510370472412661e-03
3.491612334801762358e+02	-3.585006750809859120e-03
3.511638766519823776e+02	-3.479783355514286160e-03
3.531665198237885761e+02	-6.037858049470034086e-03
3.551691629955947178e+02	-4.469173881299083953e-03
3.571718061674008595e+02	-4.421959580062998114e-03
3.591744493392070581e+02	-4.415031654289383774e-03
3.611770925110132566e+02	-4.634822866931201553e-03
3.631797356828193983e+02	-3.022795216043162956e-03
3.651823788546255400e+02	-3.398730306323939718e-03
3.671850220264317386e+02	8.492346390179779446e-05
3.691876651982378803e+02	-3.926137571306912051e-03
3.711903083700440220e+02	-2.113006935030880586e-03
3.731929515418502206e+02	-2.457845334055707744e-03
3.751955947136564191e+02	-4.642882964776653618e-03
3.771982378854625608e+02	-4.007673242068189937e-03
3.792008810572687025e+02	-2.486042879749318472e-03
3.812035242290749011e+02	-4.106451945290601549e-03
3.832061674008810996e+02	-2.676185789993935048e-03
3.852088105726872413e+02	-3.885369596808766098e-03
3.872114537444933831e+02	-1.649089224353606723e-03
3.892140969162995816e+02	-2.082551767549788678e-03
3.912167400881057233e+02	-5.599882986360228340e-03
3.932193832599118650e+02	-4.507845819169612259e-03
3.952220264317180636e+02	-2.325065470667177399e-03
3.972246696035242621e+02	-3.841217909998630338e-03
3.992273127753304038e+02	-4.926161967566036921e-03
4.012299559471365455e+02	-3.931776302223412636e-03
4.032325991189427441e+02	-4.149636911721656454e-03
4.052352422907489427e+02	-2.585625457467923168e-03
4.072378854625550844e+02	-4.386833101335011267e-03
4.092405286343612261e+02	-3.046642004323631310e-03
4.112431718061674246e+02	-5.500299767190909919e-03
4.132458149779735663e+02	-4.594380741645863117e-03
4.152484581497797080e+02	-4.705241757397307829e-03
4.172511013215859066e+02	-4.492217194496194929e-03
4.192537444933921051e+02	-5.716546404421476643e-03
4.212563876651982469e+02	-4.247930330993928902e-03
4.232590308370043886e+02	-5.641133961637212133e-03
4.252616740088105871e+02	-2.209366379375964605e-03
4.272643171806167857e+02	-2.372600811114144483e-03
4.292669603524229274e+02	-3.624646915959363509e-03
4.312696035242290691e+02	-2.796876833296169269e-03
4.332722466960352676e+02	-3.392445797493691319e-03
4.352748898678414093e+02	-2.262059350595092312e-03
4.372775330396475510e+02	-1.757051809087938716e-03
4.392801762114537496e+02	-2.902908051928810261e-03
4.412828193832599482e+02	-2.318620497942202631e-03
4.432854625550660899e+02	-2.449786450753021518e-03
4.452881057268722316e+02	-1.737070815563911824e-03
4.472907488986784301e+02	-3.225668598958274149e-03
4.492933920704846287e+02	-2.781571144297911337e-03
4.512960352422907704e+02	-2.411919843674346746e-03
4.532986784140969121e+02	-3.519101212630813737e-03
4.553013215859031106e+02	-4.308841950388208122e-03
4.573039647577092524e+02	-3.308976250119589901e-03
4.593066079295153941e+02	-3.856363515416850931e-03
4.613092511013215926e+02	-2.003592688315513314e-03
4.633118942731277912e+02	-2.431897136979977413e-03
4.653145374449339329e+02	-3.364729449524196843e-03
4.673171806167400746e+02	-3.196501863160074262e-03
4.693198237885462731e+02	-2.548080192257474140e-03
4.713224669603524717e+02	-5.307254756772095475e-03
4.733251101321585566e+02	-2.552753766754323715e-03
4.753277533039647551e+02	-2.879704234727896266e-03
4.773303964757709537e+02	-2.187452389825807371e-03
4.793330396475770954e+02	-3.210682349125274122e-03
4.813356828193832371e+02	-1.720796290990244835e-03
4.833383259911894356e+02	-2.025185161154864719e-03
4.853409691629955773e+02	-4.107740312200005781e-03
4.873436123348017759e+02	-2.998139643206655831e-03
4.893462555066079176e+02	-4.161882473462984525e-03
4.913488986784141161e+02	-3.887947577963911210e-03
4.933515418502202579e+02	-2.453491580203004917e-03
4.953541850220264564e+02	-3.885368273346270253e-03
4.973568281938325981e+02	-2.068692289201424540e-03
4.993594713656387967e+02	-2.794621696912690488e-03
5.013621145374449384e+02	-2.770450759799204278e-03
5.033647577092511369e+02	-4.349125568266202016e-03
5.053674008810572786e+02	-1.641031991078044979e-03
5.073700440528634203e+02	-1.412859596037408048e-03
5.093726872246696189e+02	-1.447343351442919712e-03
5.113753303964757606e+02	-3.075809266256245879e-03
5.133779735682819592e+02	-3.177004524708502108e-03
5.153806167400880440e+02	-3.349905905474403166e-03
5.173832599118943563e+02	-3.011353730962117690e-03
5.193859030837004411e+02	-1.531135062404654235e-03
5.213885462555066397e+02	-4.233911343483451675e-03
5.233911894273128382e+02	-2.599967348510223188e-03
5.253938325991189231e+02	-2.041137890010415352e-03
5.273964757709251217e+02	-1.252043527288936682e-03
5.293991189427313202e+02	-2.480563598925524058e-03
5.314017621145374051e+02	-1.576736467032623752e-03
5.334044052863436036e+02	-2.542601292821466095e-03
5.354070484581498022e+02	-3.156379554448250722e-03
5.374096916299558870e+02	-1.566262593195310486e-03
5.394123348017621993e+02	-2.518914137173645408e-03
5.414149779735682841e+02	-1.750767586251811931e-03
5.434176211453744827e+02	-2.177301542749909662e-03
5.454202643171806812e+02	-1.720473923907127594e-03
5.474229074889867661e+02	-2.004721813686517577e-03
5.494255506607929647e+02	-3.639793867403983384e-03
5.514281938325991632e+02	-3.337497642849342368e-03
5.534308370044052481e+02	-2.737257187115816649e-03
5.554334801762114466e+02	-2.939647231447995411e-03
5.574361233480176452e+02	-2.201955211529040175e-03
5.594387665198237301e+02	-1.916256759337553852e-03
5.614414096916300423e+02	-2.495067081727752288e-03
5.634440528634361272e+02	-2.501512257166104390e-03
5.654466960352423257e+02	-1.911099371825254051e-03
5.674493392070485243e+02	-1.852284873584397360e-03
5.694519823788546091e+02	-2.290259046634891913e-03
5.714546255506608077e+02	-3.768059544895520450e-03
5.734572687224670062e+02	-2.850053717246670872e-03
5.754599118942730911e+02	-2.866006818566891289e-03
5.774625550660792896e+02	-3.942250170060669981e-03
5.794651982378854882e+02	-3.329763459656674609e-03
5.814678414096915731e+02	-1.755440349947569008e-03
5.834704845814978853e+02	-2.018418094161055810e-03
5.854731277533039702e+02	-2.984764996844167968e-03
5.874757709251101687e+02	-1.396423953561943317e-03
5.894784140969163673e+02	-3.622391706074898181e-03
5.914810572687224521e+02	-4.808347185582321462e-04
5.934837004405286507e+02	-1.647960609630750141e-03
5.954863436123348492e+02	-1.055293069276297489e-03
5.974889867841409341e+02	-2.007944154501649977e-03
5.994916299559471327e+02	-3.569859736724966068e-03
6.014942731277533312e+02	-9.939003023361919244e-04
6.034969162995594161e+02	-2.220970269848730663e-03
6.054995594713657283e+02	-3.308009604863303751e-03
6.075022026431718132e+02	-7.517082125699564490e-04
6.095048458149780117e+02	-3.301564234889188716e-03
6.115074889867842103e+02	-3.409043942874536749e-03
6.135101321585902951e+02	8.153888009494435489e-05
6.155127753303964937e+02	-1.940588625137772746e-03
6.175154185022026923e+02	-2.821694577788891843e-03
6.195180616740087771e+02	-1.562558285452374978e-03
6.215207048458149757e+02	-2.596261478306318045e-03
6.235233480176211742e+02	-3.773055574601259787e-03
6.255259911894272591e+02	-1.361940450356402630e-03
6.275286343612335713e+02	-2.288486781186537498e-03
6.295312775330396562e+02	-3.153639957570943293e-03
6.315339207048458547e+02	-1.879999472829375299e-03
6.335365638766520533e+02	-1.166478576974028973e-03
6.355392070484581382e+02	-2.440279537775326500e-03
6.375418502202643367e+02	-1.492461793630183537e-03
6.395444933920705353e+02	6.608316613496477508e-04
6.415471365638766201e+02	-2.205339297797402794e-03
6.435497797356828187e+02	-1.527107683044648823e-03
6.455524229074890172e+02	-2.462516310738128468e-03
6.475550660792951021e+02	-2.031792518805233295e-03
6.495577092511014143e+02	-2.469444979771486057e-03
6.515603524229074992e+02	-2.283007410617067350e-03
6.535629955947136978e+02	-2.577569729812357290e-03
6.555656387665198963e+02	-2.376790061975196829e-03
6.575682819383259812e+02	-2.411595992977198614e-03
6.595709251101321797e+02	-5.639040540476215543e-03
6.615735682819383783e+02	-2.809931246914866045e-03
6.635762114537444631e+02	-2.306694338727299006e-03
6.655788546255506617e+02	-2.389359926867417640e-03
6.675814977973568602e+02	-1.834721078483880080e-03
6.695841409691629451e+02	-8.733685449253233068e-04
6.715867841409692574e+02	-3.591752968387984307e-04
6.735894273127753422e+02	-1.192261691917217547e-03
6.755920704845815408e+02	-1.821828831395099629e-03
6.775947136563877393e+02	-1.562074365329491153e-03
6.795973568281938242e+02	-1.855023991678850931e-03
6.816000000000000227e+02	-7.181916124900488817e-04
6.836026431718062213e+02	-2.799778799957796348e-03
6.856052863436123062e+02	-3.764170400528231300e-04
6.876079295154185047e+02	-2.097053410964509583e-03
6.896105726872247033e+02	-2.773997659247194429e-03
6.916132158590307881e+02	-8.622499304585581198e-04
6.936158590308371004e+02	-1.822796692791349687e-03
6.956185022026431852e+02	-1.359201020191669069e-03
6.976211453744492701e+02	-3.405176875826401196e-03
6.996237885462555823e+02	-1.168413269938439313e-03
7.016264317180616672e+02	-8.324393620806611657e-04
7.036290748898678657e+02	-2.258353314261740165e-03
7.056317180616740643e+02	-3.271431781565212714e-03
7.076343612334801492e+02	-2.943836926869970554e-03
7.096370044052863477e+02	-2.484591183459296335e-03
7.116396475770925463e+02	-1.263807401969519340e-03
7.136422907488986311e+02	-2.606573398269774848e-03
7.156449339207049434e+02	-2.440439767791337429e-03
7.176475770925110282e+02	-4.063748652563427613e-03
7.196502202643171131e+02	-3.266758661992775949e-03
7.216528634361234253e+02	-3.603537995887130981e-03
7.236555066079295102e+02	-8.825529306890182463e-04
7.256581497797357088e+02	-3.042131518329994379e-03
7.276607929515419073e+02	-2.867779369175417654e-03
7.296634361233479922e+02	-2.011489280023815752e-03
7.316660792951541907e+02	-3.419356419976972601e-03
7.336687224669603893e+02	-2.257225794573858822e-03
7.356713656387664741e+02	-2.935296644562780752e-03
7.376740088105727864e+02	-1.980873134355332597e-03
7.396766519823788713e+02	-1.956058244458745883e-03
7.416792951541850698e+02	-1.989252423572306951e-03
7.436819383259911547e+02	-6.227978336150409491e-04
7.456845814977973532e+02	-2.381462499368079862e-03
7.476872246696035518e+02	-2.915476782671987295e-03
7.496898678414097503e+02	-2.979931600102860099e-03
7.516925110132158352e+02	-9.333121534947256626e-04
7.536951541850220337e+02	-2.935296778942063194e-03
7.556977973568282323e+02	-1.820057182192934926e-03
7.577004405286344308e+02	-1.385949833090771967e-03
7.597030837004405157e+02	-2.088674634407760265e-03
7.617057268722467143e+02	-2.113974081563506184e-03
7.637083700440529128e+02	-1.104440934438043805e-03
7.657110132158589977e+02	-3.599814579796854199e-04
7.677136563876651962e+02	-1.734331864083581793e-03
7.697162995594713948e+02	-1.452499944481734032e-03
7.717189427312775933e+02	-2.887922149756216340e-03
7.737215859030836782e+02	-7.969884651505716993e-04
7.757242290748898768e+02	8.476110568047528636e-05
7.777268722466960753e+02	-6.877374119776734438e-04
7.797295154185022739e+02	-2.076267598703761177e-03
7.817321585903083587e+02	-2.109783063552718267e-03
7.837348017621145573e+02	-6.310170429252080857e-04
7.857374449339207558e+02	-3.207942774103590775e-03
7.877400881057268407e+02	-2.266088916327489884e-03
7.897427312775330392e+02	-1.876294097562158144e-03
7.917453744493392378e+02	-1.013881446064534382e-03
7.937480176211454364e+02	-6.548642949040890063e-04
7.957506607929515212e+02	-3.058406626417741088e-03
7.977533039647577198e+02	-1.941072256463360164e-03
7.997559471365639183e+02	-6.962759984875165151e-04
8.017585903083701169e+02	-3.130274352571806116e-03
8.037612334801762017e+02	-2.297833270283498701e-03
8.057638766519824003e+02	-3.220029258564639871e-03
8.077665198237885988e+02	-2.374856427872585295e-03
8.097691629955946837e+02	-3.363924582856682530e-03
8.117718061674008823e+02	-3.051155755015555991e-03
8.137744493392070808e+02	-2.511019649657007628e-03
8.157770925110132794e+02	-3.209231669861410587e-03
8.177797356828193642e+02	-1.285721789582462433e-03
8.197823788546255628e+02	-2.632517293150481337e-03
8.217850220264317613e+02	-2.501833069279825548e-03
8.237876651982379599e+02	-3.419517617482737640e-03
8.257903083700440448e+02	-3.109325029171828604e-03
8.277929515418502433e+02	-3.345876360054324261e-03
8.297955947136564419e+02	-1.128128105016323272e-03
8.317982378854625267e+02	-1.535485712726502878e-03
8.338008810572687253e+02	-4.399052337242134150e-04
8.358035242290749238e+02	-2.576763954101780364e-03
8.378061674008811224e+02	-2.153291932367062782e-03
8.398088105726872072e+02	-2.695844602258644189e-03
8.418114537444934058e+02	-2.720177326792637927e-03
8.438140969162996043e+02	-2.153130340777155254e-03
8.458167400881058029e+02	-4.510243212425328022e-04
8.478193832599118878e+02	-1.971204306795491627e-03
8.498220264317180863e+02	-1.359522690318003876e-03
8.518246696035242849e+02	-3.253358226552371729e-04
8.538273127753303697e+02	-8.060132450639963947e-04
8.558299559471365683e+02	-1.486178057185649336e-03
8.578325991189427668e+02	-1.871460120525392972e-03
8.598352422907489654e+02	-1.095718945473447256e-04
8.618378854625550503e+02	-2.018418898005093585e-03
8.638405286343612488e+02	-2.756433459493911643e-03
8.658431718061674474e+02	-4.254053344124765837e-03
8.678458149779735322e+02	-1.865981715417897729e-03
8.698484581497797308e+02	-2.818294785225553900e-04
8.718511013215859293e+02	-2.170694328869383037e-03
8.738537444933921279e+02	-3.401471717891248279e-03
8.758563876651982127e+02	-2.890661589361776494e-03
8.778590308370044113e+02	-1.865337410512445766e-03
8.798616740088106098e+02	-1.300386505140992783e-03
8.818643171806168084e+02	-2.470733829657299589e-03
8.838669603524228933e+02	-3.409365776892879594e-03
8.858696035242290918e+02	-4.290471915948801743e-03
8.878722466960352904e+02	-1.916256729859867284e-03
8.898748898678413752e+02	-2.335216335392751967e-03
8.918775330396475738e+02	-2.331994845537788651e-03
8.938801762114537723e+02	-2.394354340682338690e-03
8.958828193832599709e+02	-1.641997673467023109e-03
8.978854625550660558e+02	-2.817825543174602883e-03
8.998881057268722543e+02	-8.690175013958308103e-04
9.018907488986784529e+02	-1.387238676029633588e-03
9.038933920704846514e+02	-3.224378888323455126e-03
9.058960352422907363e+02	-3.326702143090854661e-03
9.078986784140969348e+02	-2.545824896319068796e-03
9.099013215859031334e+02	-2.261737261594286806e-03
9.119039647577092182e+02	-1.124100117768621950e-03
9.139066079295154168e+02	-1.782188982735122967e-03
9.159092511013216154e+02	-3.264341571666394375e-03
9.179118942731278139e+02	-1.456206135593873406e-03
9.199145374449338988e+02	-2.616242722096173180e-03
9.219171806167400973e+02	-1.816834779162767753e-03
9.239198237885462959e+02	-1.415116249416614649e-03
9.259224669603524944e+02	-1.870010346070371436e-03
9.279251101321585793e+02	-3.063563181979288459e-03
9.299277533039647778e+02	-3.611434168797369483e-03
9.319303964757709764e+02	-1.672937407201891772e-03
9.339330396475770613e+02	-4.711526248411137749e-03
9.359356828193832598e+02	-3.676371146557120932e-03
9.379383259911894584e+02	-1.937687311776813788e-03
9.399409691629956569e+02	-1.261389488625132022e-03
9.419436123348017418e+02	-8.482307320381018501e-04
9.439462555066079403e+02	-1.014847471296498934e-03
9.459488986784141389e+02	-3.374721392400160339e-03
9.479515418502203374e+02	-6.608252815756274819e-04
9.499541850220264223e+02	-5.489957927694800923e-04
9.519568281938326209e+02	-1.710483598085211403e-03
9.539594713656388194e+02	-2.069983222752847483e-03
9.559621145374449043e+02	-1.879678653332273559e-03
9.579647577092511028e+02	-3.037458194902133320e-03
9.599674008810573014e+02	-7.528361631508500348e-04
9.619700440528634999e+02	-6.171574623460294225e-04
9.639726872246695848e+02	-1.723213719550554471e-03
9.659753303964757833e+02	-1.648766399087309934e-03
9.679779735682819819e+02	-2.353586364324778638e-03
9.699806167400881804e+02	-7.610547946192757016e-04
9.719832599118942653e+02	-1.797014183422417002e-03
9.739859030837004639e+02	-2.470412252791829959e-03
9.759885462555066624e+02	-4.136100988240644025e-03
9.779911894273127473e+02	-1.844388754291826455e-03
9.799938325991189458e+02	-7.990834343687628748e-04
9.819964757709251444e+02	-1.304896435791680787e-03
9.839991189427313429e+02	-3.636248868782933526e-03
9.860017621145374278e+02	-2.088996292980983306e-03
9.880044052863436264e+02	-2.727589012827370991e-03
9.900070484581498249e+02	-1.954769427705471165e-03
9.920096916299560235e+02	-2.841352879124413137e-03
9.940123348017621083e+02	-2.973969255124188187e-03
9.960149779735683069e+02	-1.692757349783847749e-03
9.980176211453745054e+02	-2.301055588127866487e-03
1.000020264317180590e+03	-1.825374573716787669e-03
1.002022907488986789e+03	-4.529572673397156660e-04
1.004025550660792987e+03	-3.764192884621976772e-03
1.006028193832599186e+03	-1.964920446712749465e-03
1.008030837004405271e+03	-8.316337322248573780e-04
1.010033480176211469e+03	-1.226423141701914448e-03
1.012036123348017668e+03	-1.771715257281258242e-03
1.014038766519823866e+03	-1.112497941947742947e-03
1.016041409691629951e+03	-1.438641578402910255e-03
1.018044052863436150e+03	-1.123455378860915062e-03
1.020046696035242348e+03	-2.317491597484798264e-03
1.022049339207048433e+03	-2.483302431580282528e-03
1.024051982378854518e+03	6.381356945974741711e-05
1.026054625550660830e+03	-2.900007151417115410e-03
1.028057268722467143e+03	-6.447133728757043717e-04
1.030059911894273228e+03	-1.830369836057822025e-03
1.032062555066079312e+03	8.381739582386235539e-06
1.034065198237885397e+03	-2.090447811803075769e-03
1.036067841409691709e+03	-2.190997687308472806e-03
1.038070484581497794e+03	-3.240472339447023108e-04
1.040073127753304107e+03	-1.811194021640029090e-03
1.042075770925110191e+03	-1.387561546939130534e-03
1.044078414096916276e+03	-2.082227648845290293e-03
1.046081057268722361e+03	-1.359523118259443105e-03
1.048083700440528673e+03	-1.650215603827410397e-03
1.050086343612334986e+03	-2.427871259895163399e-03
1.052088986784141071e+03	-1.791857495225878533e-03
1.054091629955947155e+03	-3.789491825668454914e-03
1.056094273127753240e+03	-1.695819274916198632e-03
1.058096916299559552e+03	-1.462329624467883279e-03
1.060099559471365637e+03	-8.672450704303898139e-04
1.062102202643171950e+03	-1.125067355788345828e-03
1.064104845814978034e+03	-4.422766178893857911e-03
1.066107488986784119e+03	-2.348269396533876098e-03
1.068110132158590204e+03	-2.042912248568318732e-03
1.070112775330396516e+03	-2.176960390076974601e-04
1.072115418502202829e+03	-1.426233761127071367e-03
1.074118061674008914e+03	-3.601424358505854765e-04
1.076120704845814998e+03	-2.474278535368935276e-03
1.078123348017621083e+03	-1.608160264728896545e-03
1.080125991189427396e+03	-1.488435247503615885e-03
1.082128634361233480e+03	-9.331504523549576319e-04
1.084131277533039793e+03	-1.182432168190160988e-03
1.086133920704845877e+03	-1.911069589630499965e-04
1.088136563876651962e+03	-1.003084633988971354e-03
1.090139207048458047e+03	-1.443475741604150321e-03
1.092141850220264359e+03	-8.479082999371494178e-04
1.094144493392070672e+03	-2.790916581377532978e-03
1.096147136563876757e+03	-2.122030819351272170e-03
1.098149779735682841e+03	-2.432221826786019024e-03
1.100152422907488926e+03	-7.655670282206812009e-04
1.102155066079295239e+03	-1.188393881263593395e-03
1.104157709251101323e+03	-2.311046118272906853e-03
1.106160352422907636e+03	-2.930139659231989317e-03
1.108162995594713720e+03	-2.576440734829499486e-03
1.110165638766519805e+03	-2.926110932334990457e-03
1.112168281938325890e+03	-1.419305192810793202e-03
1.114170925110132202e+03	-9.487809685465364634e-04
1.116173568281938515e+03	-1.677932321949480998e-03
1.118176211453744600e+03	-9.547433068449743187e-04
1.120178854625550684e+03	-1.529201726691376776e-03
1.122181497797356769e+03	-1.262840655454101251e-03
1.124184140969163082e+03	-1.406092590894169377e-03
1.126186784140969166e+03	-2.595617256980343839e-03
1.128189427312775479e+03	-9.062408614417313130e-04
1.130192070484581564e+03	-2.526648986727787847e-03
1.132194713656387648e+03	-2.924982921856457505e-03
1.134197356828193733e+03	-2.408212395755727521e-03
1.136200000000000045e+03	-1.108630991641069378e-03
1.138202643171806358e+03	-8.446855244772951115e-04
1.140205286343612443e+03	-3.680078763183704423e-03
1.142207929515418527e+03	-2.497805220255512691e-03
1.144210572687224612e+03	-2.301035298698292494e-04
1.146213215859030697e+03	-2.448496979056157853e-03
1.148215859030837009e+03	-3.123183752432101730e-03
1.150218502202643322e+03	-2.851826335707065459e-03
1.152221145374449407e+03	-2.524715878395534553e-03
1.154223788546255491e+03	-3.829775912169598208e-03
1.156226431718061576e+03	-3.025534358188065008e-03
1.158229074889867888e+03	-1.186944223216879982e-03
1.160231718061674201e+03	-2.633000183620291638e-03
1.162234361233480286e+03	-1.853413063738073348e-03
1.164237004405286370e+03	-1.394651752136999174e-03
1.166239647577092455e+03	-2.992983618428411621e-03
1.168242290748898540e+03	-2.771902066690887755e-03
1.170244933920704852e+03	-2.466704793213402198e-03
1.172247577092511165e+03	-2.721303954790042605e-03
1.174250220264317250e+03	1.822497154718048990e-04
1.176252863436123334e+03	-2.138628358253958674e-03
1.178255506607929419e+03	2.147993470182680989e-04
1.180258149779735731e+03	-2.000532957421942253e-03
1.182260792951542044e+03	-8.395299399338581681e-04
1.184263436123348129e+03	-2.670223760010270210e-03
1.186266079295154213e+03	-3.583706256853779653e-04
1.188268722466960298e+03	-4.347497387177986367e-04
1.190271365638766383e+03	-1.594947008985325059e-03
1.192274008810572695e+03	-1.571074387001877479e-04
1.194276651982379008e+03	-2.486203923286355554e-03
1.196279295154185093e+03	-1.855990353669701668e-03
1.198281938325991177e+03	-3.630287103552086447e-03
1.200284581497797262e+03	-2.695844352318667488e-03
1.202287224669603575e+03	1.917570876655669992e-04
1.204289867841409887e+03	-2.424003662174435171e-03
1.206292511013215972e+03	-1.688406683194388583e-03
1.208295154185022056e+03	-3.156862356922294967e-03
1.210297797356828141e+03	-3.749689888736694541e-03
1.212300440528634226e+03	-1.793791465153192748e-03
1.214303083700440538e+03	-4.639819560034187315e-03
1.216305726872246851e+03	-1.696303411781798030e-03
1.218308370044052936e+03	-2.487975631462613878e-03
1.220311013215859020e+03	-5.803722834911659648e-03
1.222313656387665105e+03	-1.965080371586138720e-03
1.224316299559471418e+03	-2.977192309165445448e-03
1.226318942731277730e+03	-3.239686512624607995e-03
1.228321585903083815e+03	-2.234827344732881992e-03
1.230324229074889899e+03	-9.044673257413423728e-04
1.232326872246695984e+03	-1.296839349663893044e-03
1.234329515418502069e+03	-1.698075034312806347e-03
1.236332158590308381e+03	-2.756271051481197585e-03
1.238334801762114694e+03	-2.035659516356559499e-03
1.240337444933920779e+03	-5.204734903789148045e-04
1.242340088105726863e+03	-2.670041819149868113e-04
1.244342731277532948e+03	-1.656662233545636758e-03
1.246345374449339261e+03	-2.340212203199665796e-03
1.248348017621145573e+03	-1.687922863296199187e-03
1.250350660792951658e+03	-1.677610418026341792e-03
1.252353303964757743e+03	-4.339456967687374891e-03
1.254355947136563827e+03	-2.349397558054676285e-03
1.256358590308370140e+03	-2.545341542524614219e-03
1.258361233480176224e+03	3.134163390269951261e-04
1.260363876651982309e+03	-1.293939985548186273e-03
1.262366519823788622e+03	-1.964437548326648277e-03
1.264369162995594706e+03	-1.370319594340085444e-03
1.266371806167401019e+03	-3.680383225857175805e-04
1.268374449339207104e+03	-1.351143645083018648e-03
1.270377092511013188e+03	-1.408509872424113050e-03
1.272379735682819501e+03	-2.111395318998419111e-03
1.274382378854625586e+03	5.243458753621860115e-04
1.276385022026431670e+03	-2.137661240845667963e-03
1.278387665198237983e+03	-7.347725806361446520e-05
1.280390308370044067e+03	-4.345879770762064065e-04
1.282392951541850152e+03	-2.120096721860710662e-03
1.284395594713656465e+03	-2.287359036428183480e-03
1.286398237885462549e+03	-7.289886103897691861e-04
1.288400881057268862e+03	-1.864350607340580141e-04
1.290403524229074947e+03	-2.270600408183211412e-03
1.292406167400881031e+03	-1.690502843239837958e-03
1.294408810572687344e+03	-1.275247315468797538e-03
1.296411453744493429e+03	-2.759332621596112013e-03
1.298414096916299513e+03	-3.101591146911075215e-03
1.300416740088105826e+03	-7.868369213341327517e-04
1.302419383259911910e+03	-1.349209716701182211e-03
1.304422026431717995e+03	-9.600610179105737493e-04
1.306424669603524308e+03	-3.221640012670225119e-03
1.308427312775330392e+03	-3.016832412670432222e-03
1.310429955947136705e+03	-2.668129415841646694e-03
1.312432599118942790e+03	-7.478413523462456702e-04
1.314435242290748874e+03	-2.117679966709151880e-03
1.316437885462555187e+03	4.447656494347425706e-05
1.318440528634361272e+03	-2.688109530674521411e-03
1.320443171806167356e+03	-1.865497389106819713e-03
1.322445814977973669e+03	-1.385466929676516020e-03
1.324448458149779754e+03	-1.838587952807336102e-03
1.326451101321585838e+03	-8.106848646638690342e-04
1.328453744493392151e+03	-2.330382982867608248e-03
1.330456387665198235e+03	-6.722669248270254309e-04
1.332459030837004548e+03	-2.188096967710607445e-03
1.334461674008810633e+03	-1.520822619523776913e-03
1.336464317180616717e+03	-1.292005313478794938e-03
1.338466960352423030e+03	-9.062408883416591277e-04
1.340469603524229115e+03	-3.728727873906213493e-04
1.342472246696035199e+03	-5.412626979865999780e-04
1.344474889867841512e+03	-7.436518771348984719e-04
1.346477533039647597e+03	-9.031796502701357459e-04
1.348480176211453681e+03	-2.540668039393444069e-03
1.350482819383259994e+03	-1.279597584724512672e-03
1.352485462555066078e+03	-2.124608301631014488e-03
1.354488105726872391e+03	-9.265435684726811959e-04
1.356490748898678476e+03	-2.490553705816711018e-03
1.358493392070484560e+03	-1.259295114210733871e-03
1.360496035242290873e+03	-2.731456683405473866e-03
1.362498678414096958e+03	-1.819573409104836923e-03
1.364501321585903042e+03	-2.123642188670625368e-03
1.366503964757709355e+03	-1.833592053590415299e-03
1.368506607929515440e+03	-3.146548692431804482e-03
1.370509251101321524e+03	-2.099632853066977882e-03
1.372511894273127837e+03	-2.937553065960440100e-03
1.374514537444933922e+03	-1.891924903182952162e-03
1.376517180616740234e+03	-7.460413649285071937e-05
1.378519823788546319e+03	-1.615894770888038181e-03
1.380522466960352403e+03	-1.991347525171484507e-03
1.382525110132158716e+03	-1.574965312775388924e-03
1.384527753303964801e+03	-1.621695847503067762e-03
1.386530396475770885e+03	-1.061255787164450039e-03
1.388533039647577198e+03	-1.002439718067193748e-03
1.390535682819383283e+03	-1.114269779396016239e-03
1.392538325991189367e+03	-4.263689758491567383e-04
1.394540969162995680e+03	-1.230611955832229282e-03
1.396543612334801765e+03	-1.808454937116011447e-03
1.398546255506608077e+03	-1.466357434988441915e-03
1.400548898678414162e+03	-1.145531078272732459e-03
1.402551541850220246e+03	-2.552753292545606283e-03
1.404554185022026559e+03	-2.166987953934819584e-03
1.406556828193832644e+03	-4.827681633365886221e-04
1.408559471365638728e+03	1.385998458636183475e-05
1.410562114537445041e+03	-9.829122776983108365e-05
1.412564757709251126e+03	-2.517464980628590556e-03
1.414567400881057210e+03	-2.292031659985305052e-03
1.416570044052863523e+03	-1.239636295005964225e-03
1.418572687224669608e+03	-2.728233245199464078e-03
1.420575330396475920e+03	-3.392446904347544250e-03
1.422577973568282005e+03	-2.282525191495631510e-03
1.424580616740088090e+03	-2.620754380360224532e-03
1.426583259911894402e+03	-2.026475752576371685e-03
1.428585903083700487e+03	-2.261575504597444601e-03
1.430588546255506571e+03	-1.177597420851571970e-03
1.432591189427312884e+03	-1.761563675022291813e-03
1.434593832599118969e+03	-1.737392665124714349e-03
1.436596475770925053e+03	-1.337285145426748024e-03
1.438599118942731366e+03	-1.293939315577218680e-03
1.440601762114537451e+03	-1.747222522660173052e-03
1.442604405286343763e+03	-5.734889348684598081e-04
1.444607048458149848e+03	-2.936585874775009177e-03
1.446609691629955933e+03	-2.841674913197201648e-03
1.448612334801762245e+03	-3.178454569320042326e-03
1.450614977973568330e+03	-1.705164639335720765e-03
1.452617621145374414e+03	-8.222876638001471155e-04
1.454620264317180727e+03	-9.228375107850135973e-04
1.456622907488986812e+03	-2.705490187530525245e-04
1.458625550660792896e+03	-5.462575688545137035e-04
1.460628193832599209e+03	-1.986834999226648295e-03
1.462630837004405294e+03	-7.902204208961368520e-04
1.464633480176211606e+03	-2.567417202715495221e-03
1.466636123348017691e+03	-1.867109585332093384e-03
1.468638766519823776e+03	-2.534706666652277070e-03
1.470641409691630088e+03	1.834242845179811371e-03
1.472644052863436173e+03	-2.102049628154412965e-03
1.474646696035242257e+03	-2.069661511820807508e-03
1.476649339207048570e+03	-1.793468974739022021e-03
1.478651982378854655e+03	-1.044658940224495441e-03
1.480654625550660739e+03	-1.496959572677923601e-04
1.482657268722467052e+03	-4.230527895777205435e-03
1.484659911894273137e+03	-2.062892325395827668e-03
1.486662555066079449e+03	-3.786107595256392282e-03
1.488665198237885534e+03	-1.421078348119798277e-03
1.490667841409691619e+03	-2.153129384856779412e-03
1.492670484581497931e+03	-1.371286164103369554e-03
1.494673127753304016e+03	-2.108656117075869384e-03
1.496675770925110101e+03	-1.735781914529122396e-03
1.498678414096916413e+03	-1.351465970237164960e-03
1.500681057268722498e+03	-1.297323690049733465e-03
1.502683700440528582e+03	-2.232088156915956918e-03
1.504686343612334895e+03	-1.459894917034354153e-04
1.506688986784140980e+03	-8.172929442639590781e-04
1.508691629955947064e+03	-1.851639795154001646e-03
1.510694273127753377e+03	-1.540320424551899032e-03
1.512696916299559462e+03	-2.783342462581294731e-03
1.514699559471365774e+03	-2.168761167124032448e-03
1.516702202643171859e+03	-1.935271715904418989e-03
1.518704845814977944e+03	-1.269285711939428189e-03
1.520707488986784256e+03	-8.904498057821889911e-04
1.522710132158590341e+03	-1.172602700769930601e-03
1.524712775330396425e+03	-1.069313360564926995e-03
1.526715418502202738e+03	-2.724850470537586340e-03
1.528718061674008823e+03	-9.168596991053769535e-05
1.530720704845814907e+03	-7.579933041772510868e-04
1.532723348017621220e+03	-1.310860026446314820e-03
1.534725991189427305e+03	-2.256258866390247440e-03
1.536728634361233617e+03	-1.593496301940232601e-03
1.538731277533039702e+03	-1.966048343123394902e-03
1.540733920704845787e+03	-3.504736236497164132e-04
1.542736563876652099e+03	6.479402921461985699e-04
1.544739207048458184e+03	-1.280565516292219482e-03
1.546741850220264269e+03	-1.500036147768080055e-03
1.548744493392070581e+03	-1.613477405523721471e-03
1.550747136563876666e+03	-1.023871642516871721e-03
1.552749779735682750e+03	-1.680833859453411501e-03
1.554752422907489063e+03	-2.278012469374058983e-03
1.556755066079295148e+03	-1.243341391260155806e-03
1.558757709251101460e+03	-1.504063273399293150e-03
1.560760352422907545e+03	-2.884215160542381341e-03
1.562762995594713630e+03	-5.166068106029267620e-04
1.564765638766519942e+03	-2.737741077225310047e-03
1.566768281938326027e+03	-1.444764695808543236e-03
1.568770925110132112e+03	-1.784606280912171775e-03
1.570773568281938424e+03	-8.472628901238229504e-04
1.572776211453744509e+03	-1.339380253802824935e-03
1.574778854625550593e+03	-1.758018733912192601e-03
1.576781497797356906e+03	-1.324071657056569758e-03
1.578784140969162991e+03	-1.859858057014141712e-03
1.580786784140969303e+03	-1.586889410135316298e-03
1.582789427312775388e+03	-2.492004358248987687e-03
1.584792070484581473e+03	-9.869712134728211329e-04
1.586794713656387785e+03	-1.294584196877246376e-03
1.588797356828193870e+03	-1.719022927531209995e-03
1.590799999999999955e+03	-1.874039172539433782e-03
1.592802643171806267e+03	-2.040172516077755436e-03
1.594805286343612352e+03	2.197952144560533173e-04
1.596807929515418436e+03	-2.764811902130403197e-03
1.598810572687224749e+03	-9.697292378609608660e-04
1.600813215859030834e+03	-6.251859047048380076e-05
1.602815859030837146e+03	-2.125575453182902870e-03
1.604818502202643231e+03	-1.754473345022766100e-03
1.606821145374449316e+03	-8.097176493612405056e-04
1.608823788546255628e+03	-5.873474566953967770e-04
1.610826431718061713e+03	-1.880454768581783982e-04
1.612829074889867798e+03	-2.624919018774375364e-04
1.614831718061674110e+03	-1.930275963955475297e-03
1.616834361233480195e+03	-2.630423325913789669e-03
1.618837004405286280e+03	-3.039231726550872294e-03
1.620839647577092592e+03	-1.305219289510661362e-03
1.622842290748898677e+03	-1.586728718667339971e-03
1.624844933920704989e+03	-2.300411181127003622e-03
1.626847577092511074e+03	-1.807166599760989378e-03
1.628850220264317159e+03	-2.885021038471523910e-03
1.630852863436123471e+03	-2.374533347358130826e-03
1.632855506607929556e+03	-6.451956507182996566e-04
1.634858149779735641e+03	-2.150874317083649370e-03
1.636860792951541953e+03	-1.366452096526372170e-03
1.638863436123348038e+03	-1.690663068261666737e-03
1.640866079295154123e+03	-2.337794544277029072e-03
1.642868722466960435e+03	-1.931080583856580003e-03
1.644871365638766520e+03	-1.778643930853674631e-03
1.646874008810572832e+03	-3.014093590482069297e-03
1.648876651982378917e+03	-1.599941110447789709e-03
1.650879295154185002e+03	-2.690687271822489630e-03
1.652881938325991314e+03	-6.696892190787399630e-04
1.654884581497797399e+03	-2.062570139226816389e-03
1.656887224669603484e+03	-3.651074015218381489e-03
1.658889867841409796e+03	3.058431218315504690e-04
1.660892511013215881e+03	-2.678925696580945672e-03
1.662895154185021966e+03	-1.016137170668107107e-03
1.664897797356828278e+03	-2.463160541480800998e-03
1.666900440528634363e+03	-1.077531467896197543e-03
1.668903083700440675e+03	-1.977167026294301098e-03
1.670905726872246760e+03	-1.996664136169890892e-03
1.672908370044052845e+03	-8.071403048802043350e-04
1.674911013215859157e+03	-4.616599832172661277e-04
1.676913656387665242e+03	-1.255909877040483789e-03
1.678916299559471327e+03	-6.896693773060351158e-04
1.680918942731277639e+03	-1.116042841390829220e-03
1.682921585903083724e+03	-5.499623944456245774e-04
1.684924229074889809e+03	-1.379312149540119921e-04
1.686926872246696121e+03	-3.464958130757723413e-03
1.688929515418502206e+03	-2.143945252122758834e-03
1.690932158590308518e+03	6.284736573614060841e-05
1.692934801762114603e+03	-9.553872547022109613e-04
1.694937444933920688e+03	-1.863240878542394381e-03
1.696940088105727000e+03	-1.798142944353253335e-03
1.698942731277533085e+03	-1.586566808402988622e-03
1.700945374449339170e+03	-2.155708673014243397e-03
1.702948017621145482e+03	-2.640252813455323984e-03
1.704950660792951567e+03	-1.217720618113426589e-03
1.706953303964757652e+03	-2.055962712992552739e-03
1.708955947136563964e+03	-3.023760922461950044e-03
1.710958590308370049e+03	-2.063053369594535121e-03
1.712961233480176361e+03	-3.480567626733651254e-04
1.714963876651982446e+03	-8.271209236214268267e-04
1.716966519823788531e+03	-2.070304529551169649e-03
1.718969162995594843e+03	-2.407245967046976916e-03
1.720971806167400928e+03	-6.936994400623122062e-04
1.722974449339207013e+03	-1.406413936599781259e-03
1.724977092511013325e+03	-2.892273103255792698e-03
1.726979735682819410e+03	-3.996877525598506800e-03
1.728982378854625495e+03	-2.803807558829497608e-03
1.730985022026431807e+03	-2.132987484175853741e-03
1.732987665198237892e+03	-1.585761070861658323e-03
1.734990308370044204e+03	-1.995858822999375774e-03
1.736992951541850289e+03	-2.905646831210127647e-03
1.738995594713656374e+03	-1.014364391255195581e-03
1.740998237885462686e+03	-2.442856784622527734e-03
1.743000881057268771e+03	-3.248227209099120629e-03
1.745003524229074856e+03	-2.123480362012442231e-03
1.747006167400881168e+03	-8.825528697086630408e-04
1.749008810572687253e+03	-7.708846194558474033e-04
1.751011453744493338e+03	-1.439770324291455390e-03
1.753014096916299650e+03	-3.593174448828210415e-05
1.755016740088105735e+03	-1.342119726448865163e-03
1.757019383259912047e+03	1.944965409459652162e-04
1.759022026431718132e+03	-1.611704903089216084e-03
1.761024669603524217e+03	-2.429161037424964163e-03
1.763027312775330529e+03	-1.680833666481907924e-03
1.765029955947136614e+03	-6.361727258598732452e-04
1.767032599118942699e+03	9.636333356698430848e-05
1.769035242290749011e+03	-3.830239463638477693e-04
1.771037885462555096e+03	1.445414392086830351e-03
1.773040528634361181e+03	6.389168109425908629e-04
1.775043171806167493e+03	1.182778831823939777e-04
1.777045814977973578e+03	-1.672453759396642318e-03
1.779048458149779890e+03	-1.059483050853460718e-03
1.781051101321585975e+03	-1.452661091869834279e-03
1.783053744493392060e+03	-2.796234011955588301e-03
1.785056387665198372e+03	-1.371447516161495520e-03
1.787059030837004457e+03	-1.443798264370288074e-03
1.789061674008810542e+03	-3.628805675794489300e-04
1.791064317180616854e+03	-8.875481278625911141e-04
1.793066960352422939e+03	-2.157964388566613843e-03
1.795069603524229024e+03	-1.668425438294886352e-03
1.797072246696035336e+03	-2.771257457758834371e-03
1.799074889867841421e+03	-2.559199662578605546e-03
1.801077533039647733e+03	-1.970238116795087514e-03
1.803080176211453818e+03	-2.732906821130942111e-03
1.805082819383259903e+03	-1.594947240125189252e-03
1.807085462555066215e+03	-3.725198663597861001e-03
1.809088105726872300e+03	-1.643449767714356231e-03
1.811090748898678385e+03	-1.349371783593712086e-03
1.813093392070484697e+03	-1.486661957579571858e-03
1.815096035242290782e+03	-2.194865206898133879e-03
1.817098678414096867e+03	-1.946872581138702580e-03
1.819101321585903179e+03	2.592740167219001078e-04
1.821103964757709264e+03	-2.766585200080574729e-03
1.823106607929515576e+03	-9.134916501310049114e-04
1.825109251101321661e+03	-2.897106784132440823e-03
1.827111894273127746e+03	-6.986942420195150268e-04
1.829114537444934058e+03	-2.168438084146773713e-03
1.831117180616740143e+03	-4.106290460802622042e-03
1.833119823788546228e+03	-3.018121360543348126e-03
1.835122466960352540e+03	-9.984113795029289119e-04
1.837125110132158625e+03	-7.428449574911290178e-04
1.839127753303964710e+03	-2.317330114109348964e-03
1.841130396475771022e+03	-1.211114432001924365e-03
1.843133039647577107e+03	-1.896919032152209663e-03
1.845135682819383419e+03	-1.222071474331264725e-03
1.847138325991189504e+03	-8.844874163984935839e-04
1.849140969162995589e+03	-1.394651658129642587e-03
1.851143612334801901e+03	-1.460072745949214917e-03
1.853146255506607986e+03	-2.208239838903237971e-03
1.855148898678414071e+03	-1.369836832138915644e-03
1.857151541850220383e+03	-1.332613836275519607e-03
1.859154185022026468e+03	-2.773159119160872226e-04
1.861156828193832553e+03	-5.807414705574665426e-04
1.863159471365638865e+03	3.051988168430330066e-04
1.865162114537444950e+03	4.458719752328479014e-04
1.867164757709251262e+03	-7.842593363736270187e-04
1.869167400881057347e+03	-4.760012461054731708e-04
1.871170044052863432e+03	-6.616326383341640614e-04
1.873172687224669744e+03	-1.278309173419044358e-03
1.875175330396475829e+03	-9.932550167892513753e-04
1.877177973568281914e+03	-1.804458949636885914e-05
1.879180616740088226e+03	-5.646268672037989354e-04
1.881183259911894311e+03	-2.815065602790987756e-04
1.883185903083700396e+03	-4.453854184491625465e-04
1.885188546255506708e+03	5.567363493069303355e-04
1.887191189427312793e+03	-1.640710065596473867e-03
1.889193832599119105e+03	-1.181948870318839289e-03
1.891196475770925190e+03	-2.076750627316649618e-03
1.893199118942731275e+03	-1.485049995332810751e-03
1.895201762114537587e+03	-5.306267738270701011e-04
1.897204405286343672e+03	-1.367579802808882149e-03
1.899207048458149757e+03	-6.065227189133270535e-04
1.901209691629956069e+03	-3.082900844883628734e-03
1.903212334801762154e+03	-1.366935275738235091e-03
1.905214977973568239e+03	-6.761344659969028507e-04
1.907217621145374551e+03	-1.381115283154544116e-03
1.909220264317180636e+03	-2.836035183114370660e-03
1.911222907488986948e+03	-8.590258327372930986e-04
1.913225550660793033e+03	-2.135405153021219769e-03
1.915228193832599118e+03	1.549512235541495014e-03
1.917230837004405430e+03	-1.036923160155823424e-03
1.919233480176211515e+03	-1.056421504599281292e-03
1.921236123348017600e+03	-1.594140025974279118e-03
1.923238766519823912e+03	-1.493107261447767977e-03
1.925241409691629997e+03	-1.000345452705285725e-03
1.927244052863436082e+03	-2.384847609667063197e-03
1.929246696035242394e+03	-9.325057902619830535e-04
1.931249339207048479e+03	-9.296054064379174076e-04
1.933251982378854791e+03	3.559571223631152531e-04
1.935254625550660876e+03	8.562924484083245030e-04
1.937257268722466961e+03	-1.846627477159355963e-04
1.939259911894273273e+03	-2.652319039460061508e-04
1.941262555066079358e+03	-2.104788865138161429e-03
1.943265198237885443e+03	-1.884190357917957855e-03
1.945267841409691755e+03	-3.287209608955121492e-04
1.947270484581497840e+03	-2.135244218124298689e-03
1.949273127753303925e+03	-2.378240881446314590e-03
1.951275770925110237e+03	-9.383069838996057482e-04
1.953278414096916322e+03	-1.433968836766496679e-03
1.955281057268722634e+03	-3.862460190762639261e-04
1.957283700440528719e+03	-1.390622959133592422e-03
1.959286343612334804e+03	-2.323776072944206718e-03
1.961288986784141116e+03	-2.130570100399318233e-03
1.963291629955947201e+03	-2.481207966702049603e-03
1.965294273127753286e+03	-1.864531281617255124e-03
1.967296916299559598e+03	-5.071005331181764695e-04
1.969299559471365683e+03	-2.702272857177723036e-04
1.971302202643171768e+03	-4.096121407425767805e-04
1.973304845814978080e+03	-3.132852411165741417e-03
1.975307488986784165e+03	-1.815222440616381288e-03
1.977310132158590477e+03	-2.448496858628713795e-03
1.979312775330396562e+03	-4.895362524336757930e-04
1.981315418502202647e+03	-1.109919556152828227e-03
1.983318061674008959e+03	-6.419742079484707428e-04
1.985320704845815044e+03	-1.566908136526289725e-03
1.987323348017621129e+03	-3.743214213693723874e-04
1.989325991189427441e+03	-1.194356293068022257e-03
1.991328634361233526e+03	-2.264477397680409419e-03
1.993331277533039611e+03	-1.634264419830810163e-03
1.995333920704845923e+03	-1.111370283913371091e-03
1.997336563876652008e+03	-1.592206931464047476e-03
1.999339207048458320e+03	-1.604453548616090099e-03
2.001341850220264405e+03	9.789186740118533368e-04
2.003344493392070490e+03	-1.221267028097704991e-03
2.005347136563876802e+03	-1.924152729647542843e-03
2.007349779735682887e+03	-2.299121854382478285e-03
2.009352422907488972e+03	-9.563544824959351043e-04
2.011355066079295284e+03	-1.186944192450889533e-03
2.013357709251101369e+03	-1.552084075438919016e-03
2.015360352422907454e+03	8.011830380065806468e-04
2.017362995594713766e+03	-1.441059376487153262e-03
2.019365638766519851e+03	-9.026963795695667819e-04
2.021368281938326163e+03	-2.428338875001046003e-04
2.023370925110132248e+03	-8.137237225878119341e-05
2.025373568281938333e+03	-9.476523289750689739e-04
2.027376211453744645e+03	-1.966047788052471650e-03
2.029378854625550730e+03	-1.356754442223495291e-04
2.031381497797356815e+03	-6.418119047628012986e-04
2.033384140969163127e+03	-3.022955634494751357e-03
2.035386784140969212e+03	-1.745772012675405032e-03
2.037389427312775297e+03	-1.554500939013193266e-03
2.039392070484581609e+03	-1.587694746152700561e-03
2.041394713656387694e+03	-2.097214970430626071e-03
2.043397356828193779e+03	-1.523239328509129204e-03
2.045400000000000091e+03	-1.322944098283207037e-03
2.047402643171806176e+03	-1.214015263541346661e-03
2.049405286343612715e+03	-3.257734804274184555e-03
2.051407929515418800e+03	-1.182431588075960171e-03
2.053410572687224885e+03	-1.067056260793263541e-03
2.055413215859030970e+03	-1.727080008217020141e-03
2.057415859030837055e+03	-2.294125812312718983e-03
2.059418502202643140e+03	-2.262060576535595939e-03
2.061421145374449225e+03	-2.059831507669863428e-03
2.063423788546255309e+03	-1.437836792019965299e-03
2.065426431718061394e+03	-1.815061389800341719e-03
2.067429074889867934e+03	-4.110618823586433446e-04
2.069431718061674019e+03	-8.922219812351857770e-04
2.071434361233480558e+03	-1.032572946112998106e-03
2.073437004405286643e+03	-1.676642543940486726e-03
2.075439647577092728e+03	-1.270413598325626208e-03
2.077442290748898813e+03	-9.357286263729440012e-04
2.079444933920704898e+03	-7.634717833831406331e-04
2.081447577092510983e+03	-2.575635787880225201e-03
2.083450220264317068e+03	-5.309486454489365393e-04
2.085452863436123152e+03	-8.532259476004896027e-04
2.087455506607929237e+03	-7.341445801381403773e-04
2.089458149779735777e+03	-1.260261986134624630e-03
2.091460792951541862e+03	2.080325818943018436e-04
2.093463436123348401e+03	-1.210630209133911226e-03
2.095466079295154486e+03	-1.617183458206981807e-03
2.097468722466960571e+03	-4.099326220970091650e-04
2.099471365638766656e+03	-5.742957687212997802e-04
2.101474008810572741e+03	-5.306267269447712768e-04
2.103476651982378826e+03	1.289411404841161826e-05
2.105479295154184911e+03	-6.128072267430398606e-04
2.107481938325990996e+03	-1.085426668092636781e-03
2.109484581497797080e+03	-8.559654344375552471e-04
2.111487224669603620e+03	-1.173246532893124344e-03
2.113489867841409705e+03	-1.354205860425760407e-03
2.115492511013216244e+03	-1.071084040598857100e-03
2.117495154185022329e+03	-1.758340730102037801e-03
2.119497797356828414e+03	-2.848896806108002248e-04
2.121500440528634499e+03	-1.075113465592681099e-03
2.123503083700440584e+03	-6.534137619111258111e-04
2.125505726872246669e+03	-2.641702556697622141e-03
2.127508370044052754e+03	-3.821237319531976730e-03
2.129511013215858839e+03	-1.679222379908141801e-03
2.131513656387664923e+03	-9.615119397688115608e-04
2.133516299559471463e+03	-2.508897119571697762e-04
2.135518942731277548e+03	-1.454433725497782711e-03
2.137521585903084087e+03	-1.522272377173038756e-03
2.139524229074890172e+03	-1.089261956202961190e-04
2.141526872246696257e+03	-7.020771900921208165e-04
2.143529515418502342e+03	-1.778805118688863481e-03
2.145532158590308427e+03	-8.562867853625707060e-04
2.147534801762114512e+03	-1.087520376924700676e-03
2.149537444933920597e+03	-2.730973093660994146e-03
2.151540088105726682e+03	-1.472641420112342277e-03
2.153542731277532766e+03	-2.260609414744153313e-03
2.155545374449339306e+03	-1.523079280215044410e-03
2.157548017621145391e+03	-2.956866743808241613e-04
2.159550660792951930e+03	-2.484592312053979755e-03
2.161553303964758015e+03	-2.482013946033491490e-03
2.163555947136564100e+03	-1.187425860566638115e-03
2.165558590308370185e+03	1.878915043777465801e-04
2.167561233480176270e+03	1.756756907103075945e-05
2.169563876651982355e+03	-2.778024292769010022e-03
2.171566519823788440e+03	-2.723721484629583554e-03
2.173569162995594525e+03	-1.423977707442825123e-03
2.175571806167400609e+03	-2.534545204695602509e-03
2.177574449339207149e+03	-5.887979485371230403e-04
2.179577092511013234e+03	-1.438319527945241313e-03
2.181579735682819774e+03	2.916908428531921752e-05
2.183582378854625858e+03	2.924703421743442755e-04
2.185585022026431943e+03	-8.674058313980610941e-04
2.187587665198238028e+03	-1.278793743263894733e-03
2.189590308370044113e+03	-2.125575769942476736e-03
2.191592951541850198e+03	2.385170859677777032e-05
2.193595594713656283e+03	-2.081585173622846514e-03
2.195598237885462368e+03	-7.222203186722401603e-04
2.197600881057268452e+03	-1.471513084583775128e-03
2.199603524229074992e+03	-6.716216444203617578e-04
2.201606167400881077e+03	-1.623306273238122373e-03
2.203608810572687617e+03	-8.056893847754107016e-04
2.205611453744493701e+03	4.357203909335357695e-04
2.207614096916299786e+03	-2.130087729508491502e-03
2.209616740088105871e+03	-6.144192207076412367e-04
2.211619383259911956e+03	-4.270153350363736886e-04
2.213622026431718041e+03	-5.043423212493256880e-05
2.215624669603524126e+03	-1.176792716834536680e-03
2.217627312775330211e+03	3.964211899215067082e-05
2.219629955947136295e+03	-2.998623915507594388e-03
2.221632599118942835e+03	-8.258329853926398576e-04
2.223635242290748920e+03	-1.448310668604865228e-03
2.225637885462555460e+03	-2.004536374236119808e-04
2.227640528634361544e+03	-1.319078189093728093e-03
2.229643171806167629e+03	-4.885687555538950448e-04
2.231645814977973714e+03	-9.666677091853960024e-04
2.233648458149779799e+03	-2.919790919476029510e-04
2.235651101321585884e+03	-2.316524619612820614e-03
2.237653744493391969e+03	-1.735782025615683136e-03
2.239656387665198054e+03	-1.421399778826511803e-03
2.241659030837004138e+03	-2.161509244300423467e-03
2.243661674008810678e+03	-2.516174735729792989e-03
2.245664317180616763e+03	-1.011786513590088839e-03
2.247666960352423303e+03	-7.088462725462864929e-04
2.249669603524229387e+03	1.376144497500921633e-04
2.251672246696035472e+03	-3.027950584695056433e-03
2.253674889867841557e+03	-1.574159113663133481e-03
2.255677533039647642e+03	-1.206118917039596550e-03
2.257680176211453727e+03	-1.964275902573802291e-03
2.259682819383259812e+03	-2.552753929766224134e-03
2.261685462555065897e+03	-7.222204273920227943e-04
2.263688105726871981e+03	-5.775188007974132532e-04
2.265690748898678521e+03	9.091457721441739952e-04
2.267693392070484606e+03	3.205076838439826744e-04
2.269696035242291146e+03	-4.112228381533194685e-04
2.271698678414097230e+03	2.868481630405127604e-05
2.273701321585903315e+03	-6.547024732656352933e-04
2.275703964757709400e+03	-2.059329208354742573e-04
2.277706607929515485e+03	-9.723078844835919988e-04
2.279709251101321570e+03	-1.264612643238661148e-03
2.281711894273127655e+03	-1.426396324668540664e-03
2.283714537444934194e+03	6.287645127821857175e-04
2.285717180616740279e+03	4.447637029300678012e-05
2.287719823788546364e+03	-1.676321217372040654e-03
2.289722466960352449e+03	-1.877905954940768630e-03
2.291725110132158534e+03	-1.967498506401396761e-03
2.293727753303964619e+03	-9.866484307504898733e-04
2.295730396475771158e+03	-2.439602847798176088e-04
2.297733039647577243e+03	1.234357026845691956e-04
2.299735682819383328e+03	1.856352154843866756e-04
2.301738325991189413e+03	-2.737712608120634796e-04
2.303740969162995498e+03	-1.133606330625941665e-03
2.305743612334802037e+03	1.951433862776169061e-04
2.307746255506608122e+03	-2.156513267260792149e-03
2.309748898678414207e+03	-2.519398823519116565e-03
2.311751541850220292e+03	-4.269201333236397056e-03
2.313754185022026377e+03	-1.968948798630952481e-03
2.315756828193832462e+03	-2.195830855295397184e-03
2.317759471365639001e+03	-1.831336226334880773e-03
2.319762114537445086e+03	-1.397230125545159945e-03
2.321764757709251171e+03	-2.080134113046875656e-03
2.323767400881057256e+03	-2.190997659131126065e-03
2.325770044052863341e+03	-1.305702638996816562e-03
2.327772687224669880e+03	-1.544671017486198101e-03
2.329775330396475965e+03	-1.570613973008447902e-03
2.331777973568282050e+03	-5.478687494547405295e-04
2.333780616740088135e+03	-4.597256930208309554e-04
2.335783259911894220e+03	-3.516010619872884544e-04
2.337785903083700305e+03	-7.397844967533394756e-04
2.339788546255506844e+03	-9.183264038490040592e-04
2.341791189427312929e+03	-3.842183943736906214e-03
2.343793832599119014e+03	-1.693563488498588511e-03
2.345796475770925099e+03	-1.416244355950418976e-03
2.347799118942731184e+03	-1.223039182280945963e-03
2.349801762114537723e+03	-1.072535068077875480e-03
2.351804405286343808e+03	7.291534889124917261e-04
2.353807048458149893e+03	-5.425505637459034081e-04
2.355809691629955978e+03	3.632081418818170144e-04
2.357812334801762063e+03	-9.868102432144031187e-04
2.359814977973568148e+03	-1.831658536443815264e-03
2.361817621145374687e+03	-6.463239376397702683e-04
2.363820264317180772e+03	-7.723348370078325729e-04
2.365822907488986857e+03	-9.152408938955498916e-05
2.367825550660792942e+03	-8.393687133755571442e-04
2.369828193832599027e+03	-1.321171876994528538e-03
2.371830837004405566e+03	8.098844930955981800e-04
2.373833480176211651e+03	-1.052232885939332263e-03
2.375836123348017736e+03	-4.656865624418838516e-04
2.377838766519823821e+03	-2.398705321378992970e-03
2.379841409691629906e+03	-1.058678605523484832e-03
2.381844052863435991e+03	-1.442831650489020609e-03
2.383846696035242530e+03	-2.364383263988759521e-03
2.385849339207048615e+03	-2.178430831453118891e-03
2.387851982378854700e+03	-1.903849454234882556e-03
2.389854625550660785e+03	-9.056018362160243407e-05
2.391857268722466870e+03	-2.535997845600074241e-03
2.393859911894273409e+03	-1.466681174495178350e-03
2.395862555066079494e+03	-2.128617414690510412e-04
2.397865198237885579e+03	-7.441376353226510088e-04
2.399867841409691664e+03	-2.401611705762171471e-03
2.401870484581497749e+03	-2.403064688088224748e-03
2.403873127753303834e+03	-5.059825700237995192e-04
2.405875770925110373e+03	-9.384700502776020196e-04
2.407878414096916458e+03	-1.674063839923892096e-03
2.409881057268722543e+03	-1.896440346516756800e-03
2.411883700440528628e+03	-1.090087380836737146e-03
2.413886343612334713e+03	-8.398623398438463455e-04
2.415888986784141252e+03	-1.365980464126295051e-03
2.417891629955947337e+03	-1.133240775716597062e-03
2.419894273127753422e+03	-1.641133938789745075e-03
2.421896916299559507e+03	-2.100243992792234608e-03
2.423899559471365592e+03	-1.071404171629844210e-03
2.425902202643171677e+03	-1.048829668692508738e-03
2.427904845814978216e+03	-1.275335652658536224e-05
2.429907488986784301e+03	-6.759369911052089987e-04
2.431910132158590386e+03	-1.276952373100475680e-03
2.433912775330396471e+03	-5.873474515488876901e-04
2.435915418502202556e+03	-9.853047162679852422e-04
2.437918061674009095e+03	-1.211882423485580434e-03
2.439920704845815180e+03	-1.799108066299003831e-03
2.441923348017621265e+03	-1.177789186381518341e-03
2.443925991189427350e+03	-1.026593879466067370e-03
2.445928634361233435e+03	-3.830524022370930168e-04
2.447931277533039520e+03	-1.060817719288401116e-03
2.449933920704846059e+03	-4.249907278388332385e-04
2.451936563876652144e+03	-1.897081303173360446e-03
2.453939207048458229e+03	-2.654406296469020120e-03
2.455941850220264314e+03	-2.855965168308193143e-03
2.457944493392070399e+03	3.764769317718062421e-04
2.459947136563876938e+03	-1.384886094788254605e-03
2.461949779735683023e+03	-4.064695741921505465e-04
2.463952422907489108e+03	-1.391218041818052331e-03
2.465955066079295193e+03	-8.156231156627811313e-04
2.467957709251101278e+03	-2.459901591095309432e-03
2.469960352422907363e+03	-1.303704720945636237e-03
2.471962995594713902e+03	-1.011106240502118985e-03
2.473965638766519987e+03	2.786519209446146621e-04
2.475968281938326072e+03	-2.495062793540280075e-03
2.477970925110132157e+03	-1.213345110587121713e-03
2.479973568281938242e+03	-8.062403661214540690e-04
2.481976211453744781e+03	-7.085002887729774639e-04
2.483978854625550866e+03	-1.005143905139306180e-03
2.485981497797356951e+03	-1.287444706024415799e-03
2.487984140969163036e+03	-1.736493812337894845e-03
2.489986784140969121e+03	-2.222434411518451388e-03
2.491989427312775206e+03	-2.341622068855762039e-03
2.493992070484581745e+03	-1.043831388130237858e-03
2.495994713656387830e+03	-4.409955821289833792e-04
2.497997356828193915e+03	-2.093947687464068393e-03
2.500000000000000000e+03	-6.217851374548167758e-06
