1.900000000000000000e+02	-3.504754044536872786e-04
1.910434782608695627e+02	-3.003605915858244399e-04
1.920869565217391255e+02	4.371704337347789046e-04
1.931304347826086882e+02	1.573357647696470947e-03
1.941739130434782510e+02	-2.046224841947265701e-05
1.952173913043478137e+02	1.177440347074777422e-03
1.962608695652173765e+02	3.029415627585075850e-04
1.973043478260869676e+02	-2.603983278307129981e-04
1.983478260869565304e+02	-7.083624160881929043e-04
1.993913043478260931e+02	5.834838157769524835e-04
2.004347826086956559e+02	-7.947329372162918043e-04
2.014782608695652186e+02	8.806236523683511541e-04
2.025217391304347814e+02	-9.391136287142272648e-04
2.035652173913043441e+02	-3.408060519470846846e-04
2.046086956521739069e+02	-3.662657487114915180e-04
2.056521739130434696e+02	-3.003604055709208727e-04
2.066956521739130324e+02	-3.158066366860643218e-05
2.077391304347826235e+02	-4.610153083896456378e-04
2.087826086956521863e+02	8.743388866237929418e-04
2.098260869565217490e+02	1.111212979878828996e-03
2.108695652173913118e+02	-1.001634916145977602e-03
2.119130434782608745e+02	-2.349368485025203222e-04
2.129565217391304373e+02	1.253683865493734526e-04
2.140000000000000000e+02	1.115725334558791398e-03
2.150000000000000000e+02	-5.238594320507441397e-04
2.155263157894736707e+02	2.243072541100787963e-04
2.160526315789473699e+02	-8.415605431486703619e-03
2.165789473684210407e+02	7.646570654893407315e-02
2.171052631578947398e+02	2.034743827655043427e-02
2.176315789473684106e+02	2.907759913062130802e-02
2.181578947368421098e+02	3.784643595844179587e-02
2.186842105263157805e+02	3.200758096876506198e-02
2.192105263157894797e+02	3.131373319010331835e-02
2.197368421052631504e+02	3.341705504087584544e-02
2.202631578947368496e+02	1.901403129051496693e-02
2.207894736842105203e+02	1.566426585808643884e-02
2.213157894736842195e+02	2.246141590690597239e-02
2.218421052631578902e+02	6.515319395023330337e-03
2.223684210526315894e+02	-2.711648001200117793e-03
2.228947368421052602e+02	1.060838980548433827e-02
2.234210526315789593e+02	5.494339331007137492e-03
2.239473684210526301e+02	3.612242058471571652e-03
2.244736842105263008e+02	-2.001450062786950276e-04
2.250000000000000000e+02	6.848376670185290713e-03
2.270000000000000000e+02	-2.323229752393372177e-02
2.290026431718061701e+02	-7.575539982683979212e-02
2.310052863436123403e+02	-8.920351913282806300e-02
2.330079295154185104e+02	-1.186820601439992906e-01
2.350105726872246805e+02	-1.401764663862073435e-01
2.370132158590308222e+02	-1.771143718901285469e-01
2.390158590308369924e+02	-1.928905054269681452e-01
2.410185022026431625e+02	-2.182205079511558288e-01
2.430211453744493326e+02	-2.400892624169216893e-01
2.450237885462555028e+02	-2.630672765781209010e-01
2.470264317180616729e+02	-2.932367733120330722e-01
2.490290748898678430e+02	-3.228715762159436453e-01
2.510317180616740131e+02	-3.574607765148830607e-01
2.530343612334801833e+02	-3.823284686964255608e-01
2.550370044052863534e+02	-4.237832743216197184e-01
2.570396475770925235e+02	-4.539880405787216633e-01
2.590422907488986652e+02	-4.846989273481639993e-01
2.610449339207048638e+02	-5.067086818751229682e-01
2.630475770925110055e+02	-5.289838592720019772e-01
2.650502202643172041e+02	-5.615477256117943350e-01
2.670528634361233458e+02	-5.915238264268662949e-01
2.690555066079294875e+02	-6.245083875920054428e-01
2.710581497797356860e+02	-6.519240268270494187e-01
2.730607929515418277e+02	-6.625790512860849635e-01
2.750634361233480263e+02	-6.775703421213183919e-01
2.770660792951541680e+02	-7.197821082420501337e-01
2.790687224669603665e+02	-7.514860004976784413e-01
2.810713656387665083e+02	-7.651288247823273547e-01
2.830740088105727068e+02	-7.783109315793728111e-01
2.850766519823788485e+02	-7.993984408432750488e-01
2.870792951541850471e+02	-8.239970674156829045e-01
2.890819383259911888e+02	-8.592134342733682706e-01
2.910845814977973305e+02	-8.585020183999578780e-01
2.930872246696035290e+02	-8.902603505457575839e-01
2.950898678414097276e+02	-9.056932319026238520e-01
2.970925110132158693e+02	-9.233314913850346750e-01
2.990951541850220110e+02	-9.417360761214569331e-01
3.010977973568282096e+02	-9.648602545325927204e-01
3.031004405286343513e+02	-9.719768483838884254e-01
3.051030837004405498e+02	-9.816956097812077342e-01
3.071057268722466915e+02	-1.003062190687015853e+00
3.091083700440528901e+02	-1.022220077033301866e+00
3.111110132158590318e+02	-1.041748398064199721e+00
3.131136563876651735e+02	-1.059208300025495486e+00
3.151162995594713720e+02	-1.057958373471067359e+00
3.171189427312775706e+02	-1.066418888671768261e+00
3.191215859030837123e+02	-1.080690337438024118e+00
3.211242290748898540e+02	-1.100485224118849858e+00
3.231268722466960526e+02	-1.101737504431924863e+00
3.251295154185021943e+02	-1.094362755681572263e+00
3.271321585903083928e+02	-1.109797289563075662e+00
3.291348017621145345e+02	-1.110944765094126208e+00
3.311374449339207331e+02	-1.156563792100093746e+00
3.331400881057268748e+02	-1.188090000200958674e+00
3.351427312775330165e+02	-1.174368899630309659e+00
3.371453744493392151e+02	-1.152819823901231278e+00
3.391480176211454136e+02	-1.153876605007579048e+00
3.411506607929515553e+02	-1.181994056692081241e+00
3.431533039647576970e+02	-1.183638529019520380e+00
3.451559471365638956e+02	-1.196399970219791387e+00
3.471585903083700373e+02	-1.219623980099345584e+00
3.491612334801762358e+02	-1.227185473465026933e+00
3.511638766519823776e+02	-1.209196877674945769e+00
3.531665198237885761e+02	-1.211859807115561072e+00
3.551691629955947178e+02	-1.207572376185478635e+00
3.571718061674008595e+02	-1.236477315125954934e+00
3.591744493392070581e+02	-1.219639623956317198e+00
3.611770925110132566e+02	-1.241413181084440653e+00
3.631797356828193983e+02	-1.226493329560962353e+00
3.651823788546255400e+02	-1.257227004491900946e+00
3.671850220264317386e+02	-1.261593277390093082e+00
3.691876651982378803e+02	-1.255593103749081951e+00
3.711903083700440220e+02	-1.264106838920465936e+00
3.731929515418502206e+02	-1.265498966487969223e+00
3.751955947136564191e+02	-1.273603501509673830e+00
3.771982378854625608e+02	-1.240298001260682792e+00
3.792008810572687025e+02	-1.236202647755126893e+00
3.812035242290749011e+02	-1.253466766719018910e+00
3.832061674008810996e+02	-1.285102370777467140e+00
3.852088105726872413e+02	-1.251097100596570089e+00
3.872114537444933831e+02	-1.256938132683222964e+00
3.892140969162995816e+02	-1.260413612761815738e+00
3.912167400881057233e+02	-1.273217777754493074e+00
3.932193832599118650e+02	-1.291799913950159695e+00
3.952220264317180636e+02	-1.267402217753715643e+00
3.972246696035242621e+02	-1.283878810071585885e+00
3.992273127753304038e+02	-1.278837051250290013e+00
4.012299559471365455e+02	-1.275232289906174987e+00
4.032325991189427441e+02	-1.275190865086700764e+00
4.052352422907489427e+02	-1.271129375343148071e+00
4.072378854625550844e+02	-1.263516621919003047e+00
4.092405286343612261e+02	-1.272765569440744260e+00
4.112431718061674246e+02	-1.275623867147076540e+00
4.132458149779735663e+02	-1.274031683033080231e+00
4.152484581497797080e+02	-1.275809360757325539e+00
4.172511013215859066e+02	-1.257127242915172527e+00
4.192537444933921051e+02	-1.244565150266815134e+00
4.212563876651982469e+02	-1.244996360577844685e+00
4.232590308370043886e+02	-1.230506357404111073e+00
4.252616740088105871e+02	-1.245175408661713501e+00
4.272643171806167857e+02	-1.235279857054516039e+00
4.292669603524229274e+02	-1.226511316744232527e+00
4.312696035242290691e+02	-1.231936998813495610e+00
4.332722466960352676e+02	-1.234940437252709966e+00
4.352748898678414093e+02	-1.236380539901136277e+00
4.372775330396475510e+02	-1.241892863433318173e+00
4.392801762114537496e+02	-1.233435944535742568e+00
4.412828193832599482e+02	-1.242248573842120063e+00
4.432854625550660899e+02	-1.241727004808510504e+00
4.452881057268722316e+02	-1.223047041927021628e+00
4.472907488986784301e+02	-1.219617798666042585e+00
4.492933920704846287e+02	-1.222508834200640937e+00
4.512960352422907704e+02	-1.222944904716851244e+00
4.532986784140969121e+02	-1.225965480340939440e+00
4.553013215859031106e+02	-1.214328846195020351e+00
4.573039647577092524e+02	-1.203139492903879226e+00
4.593066079295153941e+02	-1.215212907249229035e+00
4.613092511013215926e+02	-1.215609622576610649e+00
4.633118942731277912e+02	-1.208098047556875887e+00
4.653145374449339329e+02	-1.214153070947908919e+00
4.673171806167400746e+02	-1.217687582952950098e+00
4.693198237885462731e+02	-1.186108347384171591e+00
4.713224669603524717e+02	-1.198661151846236894e+00
4.733251101321585566e+02	-1.199081166371045892e+00
4.753277533039647551e+02	-1.199644690116910883e+00
4.773303964757709537e+02	-1.183565912002179754e+00
4.793330396475770954e+02	-1.200443412231029239e+00
4.813356828193832371e+02	-1.183159650973046428e+00
4.833383259911894356e+02	-1.169777143302076272e+00
4.853409691629955773e+02	-1.197285674983332715e+00
4.873436123348017759e+02	-1.167641727847647193e+00
4.893462555066079176e+02	-1.159881594614845968e+00
4.913488986784141161e+02	-1.184219158957626972e+00
4.933515418502202579e+02	-1.202935709612519499e+00
4.953541850220264564e+02	-1.171076157572724430e+00
4.973568281938325981e+02	-1.178969944798198055e+00
4.993594713656387967e+02	-1.187166098214104348e+00
5.013621145374449384e+02	-1.192049492673803446e+00
5.033647577092511369e+02	-1.176713438891308083e+00
5.053674008810572786e+02	-1.169142034387662843e+00
5.073700440528634203e+02	-1.153861145414781131e+00
5.093726872246696189e+02	-1.166347771428544622e+00
5.113753303964757606e+02	-1.164558385026062792e+00
5.133779735682819592e+02	-1.169439842007820030e+00
5.153806167400880440e+02	-1.154564772277182794e+00
5.173832599118943563e+02	-1.178752078568009676e+00
5.193859030837004411e+02	-1.181070245271059749e+00
5.213885462555066397e+02	-1.173293947264668180e+00
5.233911894273128382e+02	-1.167894421876681132e+00
5.253938325991189231e+02	-1.141239471471700018e+00
5.273964757709251217e+02	-1.154363734012138654e+00
5.293991189427313202e+02	-1.171642295275397760e+00
5.314017621145374051e+02	-1.169975018800163635e+00
5.334044052863436036e+02	-1.142881238671136446e+00
5.354070484581498022e+02	-1.149781800870811832e+00
5.374096916299558870e+02	-1.158801734432734154e+00
5.394123348017621993e+02	-1.147781026098656953e+00
5.414149779735682841e+02	-1.148687392375413951e+00
5.434176211453744827e+02	-1.172472761713538869e+00
5.454202643171806812e+02	-1.156896643091252397e+00
5.474229074889867661e+02	-1.144239706933750877e+00
5.494255506607929647e+02	-1.150945384034454566e+00
5.514281938325991632e+02	-1.159031540007333216e+00
5.534308370044052481e+02	-1.141484489563515670e+00
5.554334801762114466e+02	-1.140732174141246613e+00
5.574361233480176452e+02	-1.140364613490581380e+00
5.594387665198237301e+02	-1.143979494240742856e+00
5.614414096916300423e+02	-1.142559530378254085e+00
5.634440528634361272e+02	-1.142664379135803099e+00
5.654466960352423257e+02	-1.126033437821732708e+00
5.674493392070485243e+02	-1.141510136190558189e+00
5.694519823788546091e+02	-1.129249462801525272e+00
5.714546255506608077e+02	-1.140549452934904284e+00
5.734572687224670062e+02	-1.130826631195536169e+00
5.754599118942730911e+02	-1.161537584901387365e+00
5.774625550660792896e+02	-1.138639599332490038e+00
5.794651982378854882e+02	-1.109937757626010768e+00
5.814678414096915731e+02	-1.107872474153172693e+00
5.834704845814978853e+02	-1.124723207459343843e+00
5.854731277533039702e+02	-1.122226994066400918e+00
5.874757709251101687e+02	-1.112525653123183078e+00
5.894784140969163673e+02	-1.098987468472391926e+00
5.914810572687224521e+02	-1.121916349934590773e+00
5.934837004405286507e+02	-1.111056114746977297e+00
5.954863436123348492e+02	-1.115238881889303091e+00
5.974889867841409341e+02	-1.109456999400558974e+00
5.994916299559471327e+02	-1.119136929919649415e+00
6.014942731277533312e+02	-1.123745705879227952e+00
6.034969162995594161e+02	-1.115670745131148944e+00
6.054995594713657283e+02	-1.116131422149333918e+00
6.075022026431718132e+02	-1.107940125618016136e+00
6.095048458149780117e+02	-1.107659942951134457e+00
6.115074889867842103e+02	-1.102724076955077681e+00
6.135101321585902951e+02	-1.100221099495467758e+00
6.155127753303964937e+02	-1.087429614278295320e+00
6.175154185022026923e+02	-1.100832022702868063e+00
6.195180616740087771e+02	-1.107880339535392888e+00
6.215207048458149757e+02	-1.098514399533786712e+00
6.235233480176211742e+02	-1.072498255869965167e+00
6.255259911894272591e+02	-1.075759071535822731e+00
6.275286343612335713e+02	-1.099342130957471131e+00
6.295312775330396562e+02	-1.096308245522110258e+00
6.315339207048458547e+02	-1.083850327584912510e+00
6.335365638766520533e+02	-1.074500115122017707e+00
6.355392070484581382e+02	-1.055464937483078014e+00
6.375418502202643367e+02	-1.078130985502876893e+00
6.395444933920705353e+02	-1.080099210191324932e+00
6.415471365638766201e+02	-1.077142004581574941e+00
6.435497797356828187e+02	-1.067976975132429063e+00
6.455524229074890172e+02	-1.067701113165441473e+00
6.475550660792951021e+02	-1.074094030221827811e+00
6.495577092511014143e+02	-1.062466263837468450e+00
6.515603524229074992e+02	-1.076980633782920638e+00
6.535629955947136978e+02	-1.052728247887813051e+00
6.555656387665198963e+02	-1.056167190900629382e+00
6.575682819383259812e+02	-1.084819644373387293e+00
6.595709251101321797e+02	-1.076880245024921745e+00
6.615735682819383783e+02	-1.056707968529083441e+00
6.635762114537444631e+02	-1.057553849535560975e+00
6.655788546255506617e+02	-1.051772857154443575e+00
6.675814977973568602e+02	-1.049730261289190780e+00
6.695841409691629451e+02	-1.058003854337557836e+00
6.715867841409692574e+02	-1.061138915301105046e+00
6.735894273127753422e+02	-1.055612577202235780e+00
6.755920704845815408e+02	-1.054895177556682828e+00
6.775947136563877393e+02	-1.023814682142787813e+00
6.795973568281938242e+02	-1.047362928201596599e+00
6.816000000000000227e+02	-1.035779743313966161e+00
6.836026431718062213e+02	-1.031528083190548672e+00
6.856052863436123062e+02	-1.025662075260539208e+00
6.876079295154185047e+02	-1.037511189137414025e+00
6.896105726872247033e+02	-1.039893981145023627e+00
6.916132158590307881e+02	-1.028672909695949489e+00
6.936158590308371004e+02	-1.005057110810732457e+00
6.956185022026431852e+02	-1.005655139624122452e+00
6.976211453744492701e+02	-9.966572345846387293e-01
6.996237885462555823e+02	-1.012731565149386892e+00
7.016264317180616672e+02	-1.019789891296018158e+00
7.036290748898678657e+02	-1.000246581311879712e+00
7.056317180616740643e+02	-9.637618038434176970e-01
7.076343612334801492e+02	-9.803478530814597747e-01
7.096370044052863477e+02	-9.846082820382779932e-01
7.116396475770925463e+02	-9.825464651184981912e-01
7.136422907488986311e+02	-9.812710491648080069e-01
7.156449339207049434e+02	-9.834468472768993497e-01
7.176475770925110282e+02	-9.716365931054034011e-01
7.196502202643171131e+02	-9.757913826582076400e-01
7.216528634361234253e+02	-9.909800030717239583e-01
7.236555066079295102e+02	-1.013639613237824033e+00
7.256581497797357088e+02	-1.014541456319079105e+00
7.276607929515419073e+02	-9.918647928249472168e-01
7.296634361233479922e+02	-9.625789821867613005e-01
7.316660792951541907e+02	-9.690873121918068822e-01
7.336687224669603893e+02	-9.980008127471606816e-01
7.356713656387664741e+02	-9.951563349680860870e-01
7.376740088105727864e+02	-1.001457631504495627e+00
7.396766519823788713e+02	-9.852438916790815515e-01
7.416792951541850698e+02	-9.809353938770023484e-01
7.436819383259911547e+02	-9.591792621717832867e-01
7.456845814977973532e+02	-9.332380222002442105e-01
7.476872246696035518e+02	-9.598407346148608577e-01
7.496898678414097503e+02	-9.435936244457611144e-01
7.516925110132158352e+02	-9.572827886510421047e-01
7.536951541850220337e+02	-9.816374438914726719e-01
7.556977973568282323e+02	-9.930699857902265393e-01
7.577004405286344308e+02	-9.910723447561565758e-01
7.597030837004405157e+02	-9.697241370746153555e-01
7.617057268722467143e+02	-9.420757884657360304e-01
7.637083700440529128e+02	-9.321361168317116030e-01
7.657110132158589977e+02	-9.578048107121086563e-01
7.677136563876651962e+02	-9.502301184988152238e-01
7.697162995594713948e+02	-9.500915355026858800e-01
7.717189427312775933e+02	-9.393984190914664856e-01
7.737215859030836782e+02	-9.608153596699787746e-01
7.757242290748898768e+02	-9.336195582908392021e-01
7.777268722466960753e+02	-9.390818111156722381e-01
7.797295154185022739e+02	-9.407945894542354415e-01
7.817321585903083587e+02	-9.356406091679734249e-01
7.837348017621145573e+02	-9.299738234175343177e-01
7.857374449339207558e+02	-9.221120395524231572e-01
7.877400881057268407e+02	-9.214407445726685575e-01
7.897427312775330392e+02	-9.431789260389354945e-01
7.917453744493392378e+02	-9.133956665484461723e-01
7.937480176211454364e+02	-9.007898051046311361e-01
7.957506607929515212e+02	-9.009958021114197191e-01
7.977533039647577198e+02	-9.189244347637526289e-01
7.997559471365639183e+02	-9.118970525257885651e-01
8.017585903083701169e+02	-9.161562155450038158e-01
8.037612334801762017e+02	-9.110797027334680553e-01
8.057638766519824003e+02	-9.155322862247153859e-01
8.077665198237885988e+02	-9.179245199169446812e-01
8.097691629955946837e+02	-9.302911935829925039e-01
8.117718061674008823e+02	-9.236731897179758510e-01
8.137744493392070808e+02	-9.334784881668589662e-01
8.157770925110132794e+02	-9.259553890664063980e-01
8.177797356828193642e+02	-9.324543049535524153e-01
8.197823788546255628e+02	-9.184381147034628157e-01
8.217850220264317613e+02	-9.148868284691223929e-01
8.237876651982379599e+02	-9.302244178825695986e-01
8.257903083700440448e+02	-9.330224156039573780e-01
8.277929515418502433e+02	-9.119483951922205955e-01
8.297955947136564419e+02	-9.009490895552094702e-01
8.317982378854625267e+02	-9.009583138915647771e-01
8.338008810572687253e+02	-8.970304292740906016e-01
8.358035242290749238e+02	-8.796762668942597063e-01
8.378061674008811224e+02	-8.680913213933580952e-01
8.398088105726872072e+02	-8.837644468182702662e-01
8.418114537444934058e+02	-8.824353136465120651e-01
8.438140969162996043e+02	-8.614568361756255177e-01
8.458167400881058029e+02	-8.703966402170714156e-01
8.478193832599118878e+02	-8.698651700930393194e-01
8.498220264317180863e+02	-8.316552771149112733e-01
8.518246696035242849e+02	-8.187562704542600267e-01
8.538273127753303697e+02	-8.359990639738275053e-01
8.558299559471365683e+02	-8.258812072341671362e-01
8.578325991189427668e+02	-8.624752596509834834e-01
8.598352422907489654e+02	-8.514728466936631879e-01
8.618378854625550503e+02	-8.593704385976759230e-01
8.638405286343612488e+02	-8.815114693633934184e-01
8.658431718061674474e+02	-8.855155413608516435e-01
8.678458149779735322e+02	-8.689043154755076159e-01
8.698484581497797308e+02	-8.516528745923371835e-01
8.718511013215859293e+02	-8.564497989898793850e-01
8.738537444933921279e+02	-8.469709456041499829e-01
8.758563876651982127e+02	-8.432710518481243422e-01
8.778590308370044113e+02	-8.405014926724986291e-01
8.798616740088106098e+02	-8.292514831539177234e-01
8.818643171806168084e+02	-8.456071206555304531e-01
8.838669603524228933e+02	-8.518778666379166475e-01
8.858696035242290918e+02	-8.348413954789002389e-01
8.878722466960352904e+02	-8.309952124802950646e-01
8.898748898678413752e+02	-8.460506501122576628e-01
8.918775330396475738e+02	-8.564792800810245854e-01
8.938801762114537723e+02	-8.334931591959657826e-01
8.958828193832599709e+02	-8.305066007887124124e-01
8.978854625550660558e+02	-8.398496002359181478e-01
8.998881057268722543e+02	-8.344819891718989746e-01
9.018907488986784529e+02	-8.354411597155971814e-01
9.038933920704846514e+02	-8.072438215686880136e-01
9.058960352422907363e+02	-7.865798880148753280e-01
9.078986784140969348e+02	-7.782216571230542446e-01
9.099013215859031334e+02	-7.593740675616158509e-01
9.119039647577092182e+02	-8.027651957988364284e-01
9.139066079295154168e+02	-7.914720533171257788e-01
9.159092511013216154e+02	-8.020092772326663511e-01
9.179118942731278139e+02	-7.721343458429605899e-01
9.199145374449338988e+02	-7.687793302138639095e-01
9.219171806167400973e+02	-7.538335018313461200e-01
9.239198237885462959e+02	-7.710202322974362144e-01
9.259224669603524944e+02	-7.730816886634712670e-01
9.279251101321585793e+02	-7.593449690512313888e-01
9.299277533039647778e+02	-7.670699672053998830e-01
9.319303964757709764e+02	-7.786513294699661802e-01
9.339330396475770613e+02	-7.841741171230480756e-01
9.359356828193832598e+02	-7.915080051099205871e-01
9.379383259911894584e+02	-7.386974501736573995e-01
9.399409691629956569e+02	-7.532321708345526279e-01
9.419436123348017418e+02	-7.600599100234648464e-01
9.439462555066079403e+02	-7.628128030734651066e-01
9.459488986784141389e+02	-7.551817549471271374e-01
9.479515418502203374e+02	-7.489400351193158389e-01
9.499541850220264223e+02	-7.395931818439016592e-01
9.519568281938326209e+02	-7.454069384803918563e-01
9.539594713656388194e+02	-7.381511254426150748e-01
9.559621145374449043e+02	-7.320314307717110669e-01
9.579647577092511028e+02	-7.471502039402636575e-01
9.599674008810573014e+02	-7.330109967867682874e-01
9.619700440528634999e+02	-7.509140059457088956e-01
9.639726872246695848e+02	-7.300454749701807966e-01
9.659753303964757833e+02	-7.377498176526421370e-01
9.679779735682819819e+02	-7.465127189147706677e-01
9.699806167400881804e+02	-7.542810698579442974e-01
9.719832599118942653e+02	-7.463992524771756454e-01
9.739859030837004639e+02	-7.291015166825662863e-01
9.759885462555066624e+02	-7.149761100836984351e-01
9.779911894273127473e+02	-7.127830385017512871e-01
9.799938325991189458e+02	-7.272433341113238026e-01
9.819964757709251444e+02	-7.381515506155420514e-01
9.839991189427313429e+02	-7.167915863947202926e-01
9.860017621145374278e+02	-7.099191176703192330e-01
9.880044052863436264e+02	-6.952514006077803455e-01
9.900070484581498249e+02	-7.023483849772105270e-01
9.920096916299560235e+02	-6.995739385127806020e-01
9.940123348017621083e+02	-6.967954216563205794e-01
9.960149779735683069e+02	-6.950432426698658350e-01
9.980176211453745054e+02	-6.917574318265918842e-01
1.000020264317180590e+03	-6.813095534514015394e-01
1.002022907488986789e+03	-6.974958732351421720e-01
1.004025550660792987e+03	-6.969575140807553471e-01
1.006028193832599186e+03	-6.888641700858981753e-01
1.008030837004405271e+03	-6.594007731616408075e-01
1.010033480176211469e+03	-6.779925311721577419e-01
1.012036123348017668e+03	-6.785922036989939787e-01
1.014038766519823866e+03	-6.708177553143161997e-01
1.016041409691629951e+03	-6.652908107420552053e-01
1.018044052863436150e+03	-6.648567005356819104e-01
1.020046696035242348e+03	-6.444834844652357342e-01
1.022049339207048433e+03	-6.298132955972126634e-01
1.024051982378854518e+03	-6.471436186337073959e-01
1.026054625550660830e+03	-6.545635272006459227e-01
1.028057268722467143e+03	-6.580497700065548461e-01
1.030059911894273228e+03	-6.586386115156749321e-01
1.032062555066079312e+03	-6.490158944045021361e-01
1.034065198237885397e+03	-6.333833572102898213e-01
1.036067841409691709e+03	-6.451342091212369789e-01
1.038070484581497794e+03	-6.385312452595479638e-01
1.040073127753304107e+03	-6.716617784909020283e-01
1.042075770925110191e+03	-6.318455394215979348e-01
1.044078414096916276e+03	-6.272152384937867975e-01
1.046081057268722361e+03	-6.242671004026496551e-01
1.048083700440528673e+03	-6.248587867109283156e-01
1.050086343612334986e+03	-6.236994097783628010e-01
1.052088986784141071e+03	-6.326371366689885756e-01
1.054091629955947155e+03	-6.509083233756227660e-01
1.056094273127753240e+03	-6.391884996985195411e-01
1.058096916299559552e+03	-6.315303927381139548e-01
1.060099559471365637e+03	-6.352248522619301507e-01
1.062102202643171950e+03	-6.070339728179228178e-01
1.064104845814978034e+03	-6.093005325896644342e-01
1.066107488986784119e+03	-5.943322595094688854e-01
1.068110132158590204e+03	-6.067645732852942064e-01
1.070112775330396516e+03	-6.139291139580003165e-01
1.072115418502202829e+03	-5.981465632320446257e-01
1.074118061674008914e+03	-5.912817119906559338e-01
1.076120704845814998e+03	-6.289674559044644564e-01
1.078123348017621083e+03	-6.269835550038773686e-01
1.080125991189427396e+03	-6.062039450407616936e-01
1.082128634361233480e+03	-5.807530721625238090e-01
1.084131277533039793e+03	-5.788622696649106114e-01
1.086133920704845877e+03	-5.859285118809290926e-01
1.088136563876651962e+03	-5.438373222458985357e-01
1.090139207048458047e+03	-5.324564372301943127e-01
1.092141850220264359e+03	-5.425983446618063422e-01
1.094144493392070672e+03	-5.591255531665837442e-01
1.096147136563876757e+03	-5.725233635152668921e-01
1.098149779735682841e+03	-5.884072260528357967e-01
1.100152422907488926e+03	-5.687375108203271967e-01
1.102155066079295239e+03	-5.653773049398636008e-01
1.104157709251101323e+03	-5.213602820887939249e-01
1.106160352422907636e+03	-5.111347511961433776e-01
1.108162995594713720e+03	-5.176177243307644726e-01
1.110165638766519805e+03	-5.314861078862664900e-01
1.112168281938325890e+03	-5.333417389963553967e-01
1.114170925110132202e+03	-5.486526656258808865e-01
1.116173568281938515e+03	-5.389282862032354071e-01
1.118176211453744600e+03	-5.264791082121769161e-01
1.120178854625550684e+03	-5.250942680177235200e-01
1.122181497797356769e+03	-5.328173234901344424e-01
1.124184140969163082e+03	-5.197692957014254933e-01
1.126186784140969166e+03	-5.119692004899978333e-01
1.128189427312775479e+03	-5.194192218472769573e-01
1.130192070484581564e+03	-5.313044730243297042e-01
1.132194713656387648e+03	-5.386794795896575616e-01
1.134197356828193733e+03	-5.372843643668983038e-01
1.136200000000000045e+03	-5.135958233221240565e-01
1.138202643171806358e+03	-5.194483545050176954e-01
1.140205286343612443e+03	-5.191114016526064967e-01
1.142207929515418527e+03	-5.146363165985837762e-01
1.144210572687224612e+03	-4.880433453970420277e-01
1.146213215859030697e+03	-4.877305233967534903e-01
1.148215859030837009e+03	-4.811807551593950683e-01
1.150218502202643322e+03	-4.786220296704920552e-01
1.152221145374449407e+03	-4.879508062021337134e-01
1.154223788546255491e+03	-5.001460648378431850e-01
1.156226431718061576e+03	-5.134777030568985490e-01
1.158229074889867888e+03	-4.963201477234084891e-01
1.160231718061674201e+03	-4.850159363974891891e-01
1.162234361233480286e+03	-4.959401028547999468e-01
1.164237004405286370e+03	-4.829920266769501258e-01
1.166239647577092455e+03	-4.479611869214291664e-01
1.168242290748898540e+03	-4.469859947519678189e-01
1.170244933920704852e+03	-4.800351709204611628e-01
1.172247577092511165e+03	-4.713810624204208821e-01
1.174250220264317250e+03	-4.693531742690310038e-01
1.176252863436123334e+03	-4.684396531677153530e-01
1.178255506607929419e+03	-4.623913204482362760e-01
1.180258149779735731e+03	-4.569142154946522760e-01
1.182260792951542044e+03	-4.401318377369616286e-01
1.184263436123348129e+03	-4.564904527432036008e-01
1.186266079295154213e+03	-4.563463787460545484e-01
1.188268722466960298e+03	-4.584461314072543203e-01
1.190271365638766383e+03	-4.294830746594129889e-01
1.192274008810572695e+03	-4.221009943209793613e-01
1.194276651982379008e+03	-4.375920555442780469e-01
1.196279295154185093e+03	-4.307266045127636778e-01
1.198281938325991177e+03	-4.199706085405202627e-01
1.200284581497797262e+03	-4.368606268308283802e-01
1.202287224669603575e+03	-4.374136421266755503e-01
1.204289867841409887e+03	-4.334464225629972023e-01
1.206292511013215972e+03	-4.331641226102933007e-01
1.208295154185022056e+03	-4.410478164982018501e-01
1.210297797356828141e+03	-4.315835188059845007e-01
1.212300440528634226e+03	-4.429626449224325357e-01
1.214303083700440538e+03	-4.249771846283215138e-01
1.216305726872246851e+03	-4.136414140841349618e-01
1.218308370044052936e+03	-4.124180545744879356e-01
1.220311013215859020e+03	-4.225630040626677797e-01
1.222313656387665105e+03	-4.361988929545549953e-01
1.224316299559471418e+03	-4.242556559212900535e-01
1.226318942731277730e+03	-4.083892986952862292e-01
1.228321585903083815e+03	-4.028169497735399895e-01
1.230324229074889899e+03	-4.084598966939489983e-01
1.232326872246695984e+03	-4.108540577882539568e-01
1.234329515418502069e+03	-3.771327617932522247e-01
1.236332158590308381e+03	-3.900890939808377422e-01
1.238334801762114694e+03	-4.033008597796273742e-01
1.240337444933920779e+03	-4.041173347066876476e-01
1.242340088105726863e+03	-3.845349444564628572e-01
1.244342731277532948e+03	-3.817694664359246870e-01
1.246345374449339261e+03	-3.887713986498505525e-01
1.248348017621145573e+03	-3.692776831007195115e-01
1.250350660792951658e+03	-3.511821670725475686e-01
1.252353303964757743e+03	-3.362526895302245800e-01
1.254355947136563827e+03	-3.553384195744403451e-01
1.256358590308370140e+03	-3.526907666047774947e-01
1.258361233480176224e+03	-3.415343634408233298e-01
1.260363876651982309e+03	-3.463780072184411418e-01
1.262366519823788622e+03	-3.546909674585071448e-01
1.264369162995594706e+03	-3.251062590304804045e-01
1.266371806167401019e+03	-3.106058963112791060e-01
1.268374449339207104e+03	-3.352570433907410274e-01
1.270377092511013188e+03	-3.529462077709003553e-01
1.272379735682819501e+03	-3.342093427037541309e-01
1.274382378854625586e+03	-3.464790631826667466e-01
1.276385022026431670e+03	-3.462600268032954842e-01
1.278387665198237983e+03	-3.255856555526258633e-01
1.280390308370044067e+03	-3.255916140520194735e-01
1.282392951541850152e+03	-3.121649044705619991e-01
1.284395594713656465e+03	-3.111154202360240650e-01
1.286398237885462549e+03	-3.161191087540614619e-01
1.288400881057268862e+03	-3.098495362897445426e-01
1.290403524229074947e+03	-3.109818413324677566e-01
1.292406167400881031e+03	-3.034149422935236151e-01
1.294408810572687344e+03	-2.901890095074440845e-01
1.296411453744493429e+03	-2.982236863928203752e-01
1.298414096916299513e+03	-2.927388390744402047e-01
1.300416740088105826e+03	-3.036753149993208778e-01
1.302419383259911910e+03	-2.903669063186703481e-01
1.304422026431717995e+03	-2.866473584822714082e-01
1.306424669603524308e+03	-2.933299350205335054e-01
1.308427312775330392e+03	-2.945731177005545542e-01
1.310429955947136705e+03	-2.946083762842522935e-01
1.312432599118942790e+03	-2.696080664597927390e-01
1.314435242290748874e+03	-2.712263748760684878e-01
1.316437885462555187e+03	-2.678123448167014642e-01
1.318440528634361272e+03	-2.728032725519816681e-01
1.320443171806167356e+03	-2.692807783501852126e-01
1.322445814977973669e+03	-2.608521104059881024e-01
1.324448458149779754e+03	-2.570361797188004394e-01
1.326451101321585838e+03	-2.629474120769236256e-01
1.328453744493392151e+03	-2.456142278705847060e-01
1.330456387665198235e+03	-2.571154725787984097e-01
1.332459030837004548e+03	-2.590275580414885814e-01
1.334461674008810633e+03	-2.451923555587372794e-01
1.336464317180616717e+03	-2.664922970892648624e-01
1.338466960352423030e+03	-2.558358917759827600e-01
1.340469603524229115e+03	-2.572300542067963991e-01
1.342472246696035199e+03	-2.423767825846535329e-01
1.344474889867841512e+03	-2.575147711409427886e-01
1.346477533039647597e+03	-2.517205560028973332e-01
1.348480176211453681e+03	-2.449804365036958864e-01
1.350482819383259994e+03	-2.423187621492749189e-01
1.352485462555066078e+03	-2.376921701233775386e-01
1.354488105726872391e+03	-2.445827708530302902e-01
1.356490748898678476e+03	-2.274787063981458801e-01
1.358493392070484560e+03	-2.274790364429883083e-01
1.360496035242290873e+03	-2.236441178997524426e-01
1.362498678414096958e+03	-2.416397290999994785e-01
1.364501321585903042e+03	-2.323837772760582454e-01
1.366503964757709355e+03	-2.310440597115820671e-01
1.368506607929515440e+03	-2.170435368413369537e-01
1.370509251101321524e+03	-2.118995314207602065e-01
1.372511894273127837e+03	-2.126554201561071389e-01
1.374514537444933922e+03	-2.081448287375031181e-01
1.376517180616740234e+03	-1.971838773136765366e-01
1.378519823788546319e+03	-2.042341674722824296e-01
1.380522466960352403e+03	-2.011262929515872655e-01
1.382525110132158716e+03	-2.049217356333640494e-01
1.384527753303964801e+03	-1.960522096104696799e-01
1.386530396475770885e+03	-1.935937185667471749e-01
1.388533039647577198e+03	-2.020802329386256757e-01
1.390535682819383283e+03	-1.933773138495890331e-01
1.392538325991189367e+03	-1.831263234956464481e-01
1.394540969162995680e+03	-1.924214351032455528e-01
1.396543612334801765e+03	-2.021385553314183903e-01
1.398546255506608077e+03	-1.944925320231277177e-01
1.400548898678414162e+03	-1.955731151423569236e-01
1.402551541850220246e+03	-1.983155341624256995e-01
1.404554185022026559e+03	-1.819475821818952732e-01
1.406556828193832644e+03	-1.701467819807239157e-01
1.408559471365638728e+03	-1.735050500901041681e-01
1.410562114537445041e+03	-1.818299494716537068e-01
1.412564757709251126e+03	-1.854415661018181116e-01
1.414567400881057210e+03	-1.752008900610614872e-01
1.416570044052863523e+03	-1.657422149021471891e-01
1.418572687224669608e+03	-1.537962164523641317e-01
1.420575330396475920e+03	-1.570769813697855954e-01
1.422577973568282005e+03	-1.626913681543881718e-01
1.424580616740088090e+03	-1.753557294735739736e-01
1.426583259911894402e+03	-1.665090856036071654e-01
1.428585903083700487e+03	-1.576081028999311295e-01
1.430588546255506571e+03	-1.627758231623954166e-01
1.432591189427312884e+03	-1.618665122009748658e-01
1.434593832599118969e+03	-1.592958699695354308e-01
1.436596475770925053e+03	-1.514980627670921565e-01
1.438599118942731366e+03	-1.601218712814937439e-01
1.440601762114537451e+03	-1.561662415335626497e-01
1.442604405286343763e+03	-1.399793883276830297e-01
1.444607048458149848e+03	-1.371884656099308653e-01
1.446609691629955933e+03	-1.387129994095529228e-01
1.448612334801762245e+03	-1.429931534345585953e-01
1.450614977973568330e+03	-1.377150608408131416e-01
1.452617621145374414e+03	-1.420184225676333623e-01
1.454620264317180727e+03	-1.338250237583269997e-01
1.456622907488986812e+03	-1.344352561030878745e-01
1.458625550660792896e+03	-1.402573627307900916e-01
1.460628193832599209e+03	-1.459477948797537061e-01
1.462630837004405294e+03	-1.427990000627482048e-01
1.464633480176211606e+03	-1.380207515306089427e-01
1.466636123348017691e+03	-1.242865999198482091e-01
1.468638766519823776e+03	-1.332948914269406759e-01
1.470641409691630088e+03	-1.355993221699089424e-01
1.472644052863436173e+03	-1.255997062863035141e-01
1.474646696035242257e+03	-1.223398732577430092e-01
1.476649339207048570e+03	-1.260483170816991128e-01
1.478651982378854655e+03	-1.242572675399194193e-01
1.480654625550660739e+03	-1.231554022692032541e-01
1.482657268722467052e+03	-1.170237590744878375e-01
1.484659911894273137e+03	-1.125428114680412789e-01
1.486662555066079449e+03	-1.170883689233254421e-01
1.488665198237885534e+03	-1.173516757433444441e-01
1.490667841409691619e+03	-1.067282984170357107e-01
1.492670484581497931e+03	-1.127526215706954049e-01
1.494673127753304016e+03	-1.132284628538505478e-01
1.496675770925110101e+03	-1.072692350317237253e-01
1.498678414096916413e+03	-1.064172994608550693e-01
1.500681057268722498e+03	-1.054382231082959115e-01
1.502683700440528582e+03	-1.089673204111914345e-01
1.504686343612334895e+03	-1.045240905637995904e-01
1.506688986784140980e+03	-1.020013071913075942e-01
1.508691629955947064e+03	-9.953168909987666901e-02
1.510694273127753377e+03	-1.057297180994711538e-01
1.512696916299559462e+03	-9.870843772166157382e-02
1.514699559471365774e+03	-9.112316429856084921e-02
1.516702202643171859e+03	-9.232316229528400586e-02
1.518704845814977944e+03	-9.317558602163969472e-02
1.520707488986784256e+03	-9.067842798052021258e-02
1.522710132158590341e+03	-8.794551106474832181e-02
1.524712775330396425e+03	-9.073111155938543004e-02
1.526715418502202738e+03	-8.728838726966478556e-02
1.528718061674008823e+03	-8.947326457525719978e-02
1.530720704845814907e+03	-9.270199891284672256e-02
1.532723348017621220e+03	-9.097347251215245900e-02
1.534725991189427305e+03	-8.880099719294601290e-02
1.536728634361233617e+03	-8.532555942615946409e-02
1.538731277533039702e+03	-8.242748252004214460e-02
1.540733920704845787e+03	-7.969989243882528995e-02
1.542736563876652099e+03	-8.486131802316912442e-02
1.544739207048458184e+03	-8.379554713641841623e-02
1.546741850220264269e+03	-8.307155098460708431e-02
1.548744493392070581e+03	-8.326250452123443169e-02
1.550747136563876666e+03	-8.380167973496006895e-02
1.552749779735682750e+03	-7.651515796219846011e-02
1.554752422907489063e+03	-7.898138025202341983e-02
1.556755066079295148e+03	-7.879961124406084649e-02
1.558757709251101460e+03	-7.810429505824537100e-02
1.560760352422907545e+03	-7.633161258366163993e-02
1.562762995594713630e+03	-7.807690367172751000e-02
1.564765638766519942e+03	-7.343208891230287860e-02
1.566768281938326027e+03	-7.591378972184151253e-02
1.568770925110132112e+03	-7.955019760403500562e-02
1.570773568281938424e+03	-8.006777450957772158e-02
1.572776211453744509e+03	-7.406987384314597800e-02
1.574778854625550593e+03	-7.443598158552980348e-02
1.576781497797356906e+03	-7.547855014554456787e-02
1.578784140969162991e+03	-7.364607795433228410e-02
1.580786784140969303e+03	-7.407164512035915860e-02
1.582789427312775388e+03	-6.993022521475625308e-02
1.584792070484581473e+03	-7.048277356678907257e-02
1.586794713656387785e+03	-6.605355820591887750e-02
1.588797356828193870e+03	-6.723003434326743633e-02
1.590799999999999955e+03	-6.451001554733323817e-02
1.592802643171806267e+03	-6.431648710049356343e-02
1.594805286343612352e+03	-6.430698113904606550e-02
1.596807929515418436e+03	-6.372430177308427424e-02
1.598810572687224749e+03	-6.167059401757071097e-02
1.600813215859030834e+03	-6.026691654488122024e-02
1.602815859030837146e+03	-6.402853383271886467e-02
1.604818502202643231e+03	-6.134638039817529032e-02
1.606821145374449316e+03	-5.983280640994335237e-02
1.608823788546255628e+03	-5.596532499863369342e-02
1.610826431718061713e+03	-5.689187062720171134e-02
1.612829074889867798e+03	-5.412415450708098208e-02
1.614831718061674110e+03	-5.506939680734181108e-02
1.616834361233480195e+03	-5.534703875293182918e-02
1.618837004405286280e+03	-5.831843027914333094e-02
1.620839647577092592e+03	-5.460869866573523496e-02
1.622842290748898677e+03	-5.371422291742118660e-02
1.624844933920704989e+03	-5.580241284831477522e-02
1.626847577092511074e+03	-5.326480332026730519e-02
1.628850220264317159e+03	-5.364235007379006964e-02
1.630852863436123471e+03	-5.354534533105150679e-02
1.632855506607929556e+03	-4.934881797415743149e-02
1.634858149779735641e+03	-5.116146165370220877e-02
1.636860792951541953e+03	-5.069303282647149439e-02
1.638863436123348038e+03	-5.128408657616954219e-02
1.640866079295154123e+03	-5.063776286139139854e-02
1.642868722466960435e+03	-5.023975086776340943e-02
1.644871365638766520e+03	-4.930949858459048041e-02
1.646874008810572832e+03	-4.907665233163398255e-02
1.648876651982378917e+03	-4.795883388372222667e-02
1.650879295154185002e+03	-4.762141069219212597e-02
1.652881938325991314e+03	-4.920298529424678435e-02
1.654884581497797399e+03	-4.980145384627078509e-02
1.656887224669603484e+03	-4.707595760898698745e-02
1.658889867841409796e+03	-4.878450785451592109e-02
1.660892511013215881e+03	-4.688903522146512654e-02
1.662895154185021966e+03	-4.619468989434696166e-02
1.664897797356828278e+03	-4.785747869742031785e-02
1.666900440528634363e+03	-4.471914510007849591e-02
1.668903083700440675e+03	-4.505930800753225884e-02
1.670905726872246760e+03	-4.431275390649523638e-02
1.672908370044052845e+03	-4.559670748170389920e-02
1.674911013215859157e+03	-4.417465969168691414e-02
1.676913656387665242e+03	-4.105550342438839262e-02
1.678916299559471327e+03	-4.286734208747018660e-02
1.680918942731277639e+03	-3.969662158071586566e-02
1.682921585903083724e+03	-4.181253033000918717e-02
1.684924229074889809e+03	-4.287475925539786792e-02
1.686926872246696121e+03	-4.221715084878120694e-02
1.688929515418502206e+03	-4.114928498902361426e-02
1.690932158590308518e+03	-4.238988845383497017e-02
1.692934801762114603e+03	-4.041416982531643998e-02
1.694937444933920688e+03	-4.043930942645608539e-02
1.696940088105727000e+03	-3.921546210269012678e-02
1.698942731277533085e+03	-3.895183972765671465e-02
1.700945374449339170e+03	-3.806396872612825832e-02
1.702948017621145482e+03	-4.157340244818331920e-02
1.704950660792951567e+03	-3.626131251790772059e-02
1.706953303964757652e+03	-3.990143259588328772e-02
1.708955947136563964e+03	-3.767788106474305454e-02
1.710958590308370049e+03	-3.814727759005272917e-02
1.712961233480176361e+03	-3.664063141425909220e-02
1.714963876651982446e+03	-3.716143210939927555e-02
1.716966519823788531e+03	-3.628306646343433528e-02
1.718969162995594843e+03	-3.601960358307278176e-02
1.720971806167400928e+03	-3.653589142569398096e-02
1.722974449339207013e+03	-3.751093958908110343e-02
1.724977092511013325e+03	-3.558066198718602691e-02
1.726979735682819410e+03	-3.596578368716306373e-02
1.728982378854625495e+03	-3.489356850065426091e-02
1.730985022026431807e+03	-3.579739606088026826e-02
1.732987665198237892e+03	-3.566751741918026963e-02
1.734990308370044204e+03	-3.365264150040340324e-02
1.736992951541850289e+03	-3.432088371772958058e-02
1.738995594713656374e+03	-3.323368135848593641e-02
1.740998237885462686e+03	-3.355934210875062551e-02
1.743000881057268771e+03	-3.390224483624311447e-02
1.745003524229074856e+03	-3.185675385770096041e-02
1.747006167400881168e+03	-3.282406796921912007e-02
1.749008810572687253e+03	-3.351551292213257593e-02
1.751011453744493338e+03	-3.274881451136431310e-02
1.753014096916299650e+03	-3.103768411322383944e-02
1.755016740088105735e+03	-3.338950059563115802e-02
1.757019383259912047e+03	-3.163180171411784924e-02
1.759022026431718132e+03	-3.213471439001190644e-02
1.761024669603524217e+03	-3.322594503380958686e-02
1.763027312775330529e+03	-3.044727514131029267e-02
1.765029955947136614e+03	-3.103027269505219746e-02
1.767032599118942699e+03	-3.018687456251699722e-02
1.769035242290749011e+03	-3.012161197234327487e-02
1.771037885462555096e+03	-3.087590235654472798e-02
1.773040528634361181e+03	-3.147179246694679911e-02
1.775043171806167493e+03	-3.323577419025648683e-02
1.777045814977973578e+03	-3.336033159506053558e-02
1.779048458149779890e+03	-2.993179043970907102e-02
1.781051101321585975e+03	-3.172381252285581821e-02
1.783053744493392060e+03	-2.827271014091186155e-02
1.785056387665198372e+03	-2.936136080927363029e-02
1.787059030837004457e+03	-2.912416479429182428e-02
1.789061674008810542e+03	-2.988651086834647266e-02
1.791064317180616854e+03	-2.884990791835080962e-02
1.793066960352422939e+03	-2.965302288383803164e-02
1.795069603524229024e+03	-2.792803499632695585e-02
1.797072246696035336e+03	-3.004442785391556875e-02
1.799074889867841421e+03	-2.791707699972841711e-02
1.801077533039647733e+03	-2.711363995266036220e-02
1.803080176211453818e+03	-2.794527668952152474e-02
1.805082819383259903e+03	-2.900911445549696557e-02
1.807085462555066215e+03	-2.726543485451858248e-02
1.809088105726872300e+03	-2.872002908142840677e-02
1.811090748898678385e+03	-2.608751153236667925e-02
1.813093392070484697e+03	-2.777543610808796970e-02
1.815096035242290782e+03	-2.874710070917337740e-02
1.817098678414096867e+03	-2.638867775295582543e-02
1.819101321585903179e+03	-2.630746492298684583e-02
1.821103964757709264e+03	-2.696845444643664047e-02
1.823106607929515576e+03	-2.602869576142351551e-02
1.825109251101321661e+03	-2.940809101886870253e-02
1.827111894273127746e+03	-2.803277516701929706e-02
1.829114537444934058e+03	-2.890566189771833633e-02
1.831117180616740143e+03	-2.829091842725598577e-02
1.833119823788546228e+03	-2.842176205208292103e-02
1.835122466960352540e+03	-2.865283573929051572e-02
1.837125110132158625e+03	-2.856823951706134387e-02
1.839127753303964710e+03	-2.742947163869825442e-02
1.841130396475771022e+03	-2.670644341369008898e-02
1.843133039647577107e+03	-2.810657559467496375e-02
1.845135682819383419e+03	-2.479824303938254343e-02
1.847138325991189504e+03	-2.573864582653537930e-02
1.849140969162995589e+03	-2.806532459431997778e-02
1.851143612334801901e+03	-2.763540762073869034e-02
1.853146255506607986e+03	-2.706384823004943582e-02
1.855148898678414071e+03	-2.730185051653860606e-02
1.857151541850220383e+03	-2.576313970844191711e-02
1.859154185022026468e+03	-2.630182510300914031e-02
1.861156828193832553e+03	-2.528423591196691383e-02
1.863159471365638865e+03	-2.556638897816886774e-02
1.865162114537444950e+03	-2.558089164268277302e-02
1.867164757709251262e+03	-2.627056520537739484e-02
1.869167400881057347e+03	-2.526635048335742345e-02
1.871170044052863432e+03	-2.759673785215956826e-02
1.873172687224669744e+03	-2.611313672408809364e-02
1.875175330396475829e+03	-2.581390195771231591e-02
1.877177973568281914e+03	-2.473153558123435819e-02
1.879180616740088226e+03	-2.455911563513481916e-02
1.881183259911894311e+03	-2.451609121979409639e-02
1.883185903083700396e+03	-2.516290278974663355e-02
1.885188546255506708e+03	-2.726978661962415826e-02
1.887191189427312793e+03	-2.524588649188205108e-02
1.889193832599119105e+03	-2.445308596753608538e-02
1.891196475770925190e+03	-2.497452880791708324e-02
1.893199118942731275e+03	-2.452237610381100691e-02
1.895201762114537587e+03	-2.431789054559379409e-02
1.897204405286343672e+03	-2.493682186068395951e-02
1.899207048458149757e+03	-2.532806493283805069e-02
1.901209691629956069e+03	-2.579826766459962853e-02
1.903212334801762154e+03	-2.619466847096362655e-02
1.905214977973568239e+03	-2.538252997325118193e-02
1.907217621145374551e+03	-2.497452731673644941e-02
1.909220264317180636e+03	-2.573058932816063571e-02
1.911222907488986948e+03	-2.465112328598673824e-02
1.913225550660793033e+03	-2.557992592079012112e-02
1.915228193832599118e+03	-2.555704368217252484e-02
1.917230837004405430e+03	-2.444808845606607356e-02
1.919233480176211515e+03	-2.598969981025922582e-02
1.921236123348017600e+03	-2.354506775877747080e-02
1.923238766519823912e+03	-2.463742632546544326e-02
1.925241409691629997e+03	-2.544279571435721296e-02
1.927244052863436082e+03	-2.452350098526801664e-02
1.929246696035242394e+03	-2.494439438806556747e-02
1.931249339207048479e+03	-2.647101972542147824e-02
1.933251982378854791e+03	-2.442859116764790547e-02
1.935254625550660876e+03	-2.397127985077471962e-02
1.937257268722466961e+03	-2.403799130732076766e-02
1.939259911894273273e+03	-2.200861322971053163e-02
1.941262555066079358e+03	-2.380514455458353912e-02
1.943265198237885443e+03	-2.428727067848786975e-02
1.945267841409691755e+03	-2.487075303921374575e-02
1.947270484581497840e+03	-2.281414273767268935e-02
1.949273127753303925e+03	-2.335057252008777492e-02
1.951275770925110237e+03	-2.257195170622498109e-02
1.953278414096916322e+03	-2.332173035133106725e-02
1.955281057268722634e+03	-2.380659513875173910e-02
1.957283700440528719e+03	-2.358664234855815250e-02
1.959286343612334804e+03	-2.382013190600779790e-02
1.961288986784141116e+03	-2.387556334437034716e-02
1.963291629955947201e+03	-2.231139257126490277e-02
1.965294273127753286e+03	-2.184328551795066548e-02
1.967296916299559598e+03	-2.311063999987864742e-02
1.969299559471365683e+03	-2.326952231386710673e-02
1.971302202643171768e+03	-2.188840334833757478e-02
1.973304845814978080e+03	-2.284298759274010909e-02
1.975307488986784165e+03	-2.265848412748325963e-02
1.977310132158590477e+03	-2.282800250551805105e-02
1.979312775330396562e+03	-2.353378885786949065e-02
1.981315418502202647e+03	-2.237649355009203520e-02
1.983318061674008959e+03	-2.456668618154073808e-02
1.985320704845815044e+03	-2.297882789366318887e-02
1.987323348017621129e+03	-2.531436977632398749e-02
1.989325991189427441e+03	-2.306439250701101257e-02
1.991328634361233526e+03	-2.286151934951927839e-02
1.993331277533039611e+03	-2.191869804254011761e-02
1.995333920704845923e+03	-2.224887155885377915e-02
1.997336563876652008e+03	-2.251684582574061538e-02
1.999339207048458320e+03	-2.212544099350242238e-02
2.001341850220264405e+03	-2.386702459321101560e-02
2.003344493392070490e+03	-2.237214197729037873e-02
2.005347136563876802e+03	-2.452946458889231421e-02
2.007349779735682887e+03	-2.331303039394709911e-02
2.009352422907488972e+03	-2.146573746355528306e-02
2.011355066079295284e+03	-2.221970579701525866e-02
2.013357709251101369e+03	-2.193465038800008343e-02
2.015360352422907454e+03	-2.231413114425350591e-02
2.017362995594713766e+03	-2.287102446345250575e-02
2.019365638766519851e+03	-2.297673256167933470e-02
2.021368281938326163e+03	-1.979199204624277827e-02
2.023370925110132248e+03	-2.415530046601271214e-02
2.025373568281938333e+03	-2.257050261325376297e-02
2.027376211453744645e+03	-2.356376000418731326e-02
2.029378854625550730e+03	-2.278352764342080755e-02
2.031381497797356815e+03	-2.100697596031226438e-02
2.033384140969163127e+03	-2.356585568682861148e-02
2.035386784140969212e+03	-2.204631951531753689e-02
2.037389427312775297e+03	-2.097378103818271430e-02
2.039392070484581609e+03	-2.266476755767760781e-02
2.041394713656387694e+03	-2.142593616303526544e-02
2.043397356828193779e+03	-2.262351735683287152e-02
2.045400000000000091e+03	-2.297173616877173224e-02
2.047402643171806176e+03	-2.314125675523335396e-02
2.049405286343612715e+03	-2.274147059461171377e-02
2.051407929515418800e+03	-2.191080253139864736e-02
2.053410572687224885e+03	-2.258242803961384854e-02
2.055413215859030970e+03	-2.282880898910200768e-02
2.057415859030837055e+03	-2.216314550583296100e-02
2.059418502202643140e+03	-2.175369267233267373e-02
2.061421145374449225e+03	-2.101181042613233657e-02
2.063423788546255309e+03	-2.226418003792173667e-02
2.065426431718061394e+03	-2.095073966813695149e-02
2.067429074889867934e+03	-2.124723373856476222e-02
2.069431718061674019e+03	-2.261433258856030554e-02
2.071434361233480558e+03	-2.099779086532781516e-02
2.073437004405286643e+03	-2.273889120203171493e-02
2.075439647577092728e+03	-2.210142716542225910e-02
2.077442290748898813e+03	-2.158949174669378898e-02
2.079444933920704898e+03	-2.180912307999407357e-02
2.081447577092510983e+03	-2.050019459683889017e-02
2.083450220264317068e+03	-2.026896203399116553e-02
2.085452863436123152e+03	-2.234635857549212984e-02
2.087455506607929237e+03	-1.946778111179204435e-02
2.089458149779735777e+03	-2.173467694057019603e-02
2.091460792951541862e+03	-2.175288576419869696e-02
2.093463436123348401e+03	-1.980891186207927104e-02
2.095466079295154486e+03	-2.052823371078852516e-02
2.097468722466960571e+03	-2.125126211138076565e-02
2.099471365638766656e+03	-2.126093087674125331e-02
2.101474008810572741e+03	-2.192143627954044188e-02
2.103476651982378826e+03	-2.100713747940913950e-02
2.105479295154184911e+03	-1.985805953868379631e-02
2.107481938325990996e+03	-2.022158680114204479e-02
2.109484581497797080e+03	-1.925894638406600717e-02
2.111487224669603620e+03	-2.121097916170210790e-02
2.113489867841409705e+03	-2.111493977385981574e-02
2.115492511013216244e+03	-2.082408551121952417e-02
2.117495154185022329e+03	-2.140885665589879056e-02
2.119497797356828414e+03	-2.094364891336431694e-02
2.121500440528634499e+03	-1.940074808999948247e-02
2.123503083700440584e+03	-2.029168187595594558e-02
2.125505726872246669e+03	-2.012087473427525558e-02
2.127508370044052754e+03	-1.843601093759801232e-02
2.129511013215858839e+03	-2.032455403430585145e-02
2.131513656387664923e+03	-1.977168764346753232e-02
2.133516299559471463e+03	-1.980762158915028853e-02
2.135518942731277548e+03	-1.861858049923400399e-02
2.137521585903084087e+03	-1.966179064608351151e-02
2.139524229074890172e+03	-2.066342855946443763e-02
2.141526872246696257e+03	-2.134117788382732667e-02
2.143529515418502342e+03	-1.978409760769565123e-02
2.145532158590308427e+03	-2.044589379186936146e-02
2.147534801762114512e+03	-1.790989577976793284e-02
2.149537444933920597e+03	-1.978715888612032209e-02
2.151540088105726682e+03	-1.681592610635419469e-02
2.153542731277532766e+03	-2.072385655751438766e-02
2.155545374449339306e+03	-1.883241344059696093e-02
2.157548017621145391e+03	-1.881388138728565945e-02
2.159550660792951930e+03	-1.926764901123655810e-02
2.161553303964758015e+03	-1.896132475028736858e-02
2.163555947136564100e+03	-1.854091487077238337e-02
2.165558590308370185e+03	-1.898501286217748468e-02
2.167561233480176270e+03	-2.058495563840017153e-02
2.169563876651982355e+03	-2.035565496498482202e-02
2.171566519823788440e+03	-1.851513118451773160e-02
2.173569162995594525e+03	-1.998519737798514634e-02
2.175571806167400609e+03	-1.854816390910112717e-02
2.177574449339207149e+03	-1.891942786305433194e-02
2.179577092511013234e+03	-1.763289753655776851e-02
2.181579735682819774e+03	-1.715770043307576070e-02
2.183582378854625858e+03	-1.953094814806696083e-02
2.185585022026431943e+03	-1.975750761959135099e-02
2.187587665198238028e+03	-1.861358576440879167e-02
2.189590308370044113e+03	-1.954109837713349090e-02
2.191592951541850198e+03	-1.752928487324650203e-02
2.193595594713656283e+03	-1.792842544799735233e-02
2.195598237885462368e+03	-1.764047099886186659e-02
2.197600881057268452e+03	-1.823958411855940848e-02
2.199603524229074992e+03	-1.832772759473249441e-02
2.201606167400881077e+03	-1.939736395213480930e-02
2.203608810572687617e+03	-1.998004034859689887e-02
2.205611453744493701e+03	-1.772458522301535028e-02
2.207614096916299786e+03	-1.788636879697565879e-02
2.209616740088105871e+03	-1.799610351852986428e-02
2.211619383259911956e+03	-1.813838947425113618e-02
2.213622026431718041e+03	-1.883305716603187602e-02
2.215624669603524126e+03	-1.848354845856613887e-02
2.217627312775330211e+03	-1.948309051395420016e-02
2.219629955947136295e+03	-2.033970123598752289e-02
2.221632599118942835e+03	-1.960845492763838710e-02
2.223635242290748920e+03	-2.117697668053734189e-02
2.225637885462555460e+03	-1.843842910636264015e-02
2.227640528634361544e+03	-1.873605175618196089e-02
2.229643171806167629e+03	-1.935949570541960554e-02
2.231645814977973714e+03	-1.746853603747030789e-02
2.233648458149779799e+03	-1.941073822943748667e-02
2.235651101321585884e+03	-1.868335919341585979e-02
2.237653744493391969e+03	-1.954448465587764819e-02
2.239656387665198054e+03	-1.980858962167530296e-02
2.241659030837004138e+03	-1.832369947028781795e-02
2.243661674008810678e+03	-1.835028686513585569e-02
2.245664317180616763e+03	-1.647173561663351979e-02
2.247666960352423303e+03	-1.929729854012186829e-02
2.249669603524229387e+03	-1.924363823831414660e-02
2.251672246696035472e+03	-1.874620492924937779e-02
2.253674889867841557e+03	-1.805830305239231742e-02
2.255677533039647642e+03	-1.951563884366440405e-02
2.257680176211453727e+03	-1.902416726157755283e-02
2.259682819383259812e+03	-1.951000046281565689e-02
2.261685462555065897e+03	-1.724552110542529673e-02
2.263688105726871981e+03	-1.813242719779506462e-02
2.265690748898678521e+03	-1.692147178333350960e-02
2.267693392070484606e+03	-1.930470959248187582e-02
2.269696035242291146e+03	-1.740424236133214855e-02
2.271698678414097230e+03	-1.640582832452655918e-02
2.273701321585903315e+03	-1.688779394349370147e-02
2.275703964757709400e+03	-1.741874438584110202e-02
2.277706607929515485e+03	-1.750511481146380804e-02
2.279709251101321570e+03	-1.753766493577407076e-02
2.281711894273127655e+03	-1.906090720580414996e-02
2.283714537444934194e+03	-1.967806733092095778e-02
2.285717180616740279e+03	-1.874523671070749825e-02
2.287719823788546364e+03	-1.667380093855836201e-02
2.289722466960352449e+03	-1.914550455769708365e-02
2.291725110132158534e+03	-1.830323371874015281e-02
2.293727753303964619e+03	-1.860456378544989714e-02
2.295730396475771158e+03	-1.872445190652814034e-02
2.297733039647577243e+03	-1.801511886593550743e-02
2.299735682819383328e+03	-1.765143027507342505e-02
2.301738325991189413e+03	-1.701348278613453238e-02
2.303740969162995498e+03	-1.768865343005531637e-02
2.305743612334802037e+03	-1.767205554728271122e-02
2.307746255506608122e+03	-1.833304694835654128e-02
2.309748898678414207e+03	-1.737217548079626750e-02
2.311751541850220292e+03	-1.653264411540340123e-02
2.313754185022026377e+03	-1.827052264048182814e-02
2.315756828193832462e+03	-1.738522807214097979e-02
2.317759471365639001e+03	-1.846711165231276416e-02
2.319762114537445086e+03	-1.783512575410282214e-02
2.321764757709251171e+03	-1.648204674266734449e-02
2.323767400881057256e+03	-1.612544714983563110e-02
2.325770044052863341e+03	-1.573194737976969793e-02
2.327772687224669880e+03	-1.697480811509195081e-02
2.329775330396475965e+03	-1.737120845809653202e-02
2.331777973568282050e+03	-1.869286715150447406e-02
2.333780616740088135e+03	-1.793761067606889845e-02
2.335783259911894220e+03	-1.613769325247894904e-02
2.337785903083700305e+03	-1.796226417739135370e-02
2.339788546255506844e+03	-1.812565885706113322e-02
2.341791189427312929e+03	-1.861906521786373808e-02
2.343793832599119014e+03	-1.736476359949393200e-02
2.345796475770925099e+03	-1.804718582672925481e-02
2.347799118942731184e+03	-1.939220772108611601e-02
2.349801762114537723e+03	-1.813097623261417796e-02
2.351804405286343808e+03	-1.777373331676680365e-02
2.353807048458149893e+03	-1.772055688255372990e-02
2.355809691629955978e+03	-1.732802333236261455e-02
2.357812334801762063e+03	-1.749770212523303961e-02
2.359814977973568148e+03	-1.695466511929408920e-02
2.361817621145374687e+03	-1.815450285631404689e-02
2.363820264317180772e+03	-1.927232068801178894e-02
2.365822907488986857e+03	-1.793712836139657943e-02
2.367825550660792942e+03	-1.746934365590628244e-02
2.369828193832599027e+03	-1.765287942443102831e-02
2.371830837004405566e+03	-1.884320907877468435e-02
2.373833480176211651e+03	-1.734091501110363379e-02
2.375836123348017736e+03	-1.672794443389200719e-02
2.377838766519823821e+03	-1.766496462300510412e-02
2.379841409691629906e+03	-1.697803159066786291e-02
2.381844052863435991e+03	-1.731706521034902593e-02
2.383846696035242530e+03	-1.760163481815218978e-02
2.385849339207048615e+03	-1.886415638377462664e-02
2.387851982378854700e+03	-1.785542908343081686e-02
2.389854625550660785e+03	-1.771201601791624197e-02
2.391857268722466870e+03	-1.643466927964414709e-02
2.393859911894273409e+03	-1.753299023979935228e-02
2.395862555066079494e+03	-1.619280013536483764e-02
2.397865198237885579e+03	-1.771749097466460837e-02
2.399867841409691664e+03	-1.612318743918856809e-02
2.401870484581497749e+03	-1.613350726986942374e-02
2.403873127753303834e+03	-1.663366588172275271e-02
2.405875770925110373e+03	-1.658210744351904659e-02
2.407878414096916458e+03	-1.729898832355056260e-02
2.409881057268722543e+03	-1.686072043890602876e-02
2.411883700440528628e+03	-1.769120408094209534e-02
2.413886343612334713e+03	-1.750319282904640866e-02
2.415888986784141252e+03	-1.652656949408348730e-02
2.417891629955947337e+03	-1.827066239274507259e-02
2.419894273127753422e+03	-1.598682595463742431e-02
2.421896916299559507e+03	-1.795683528309958282e-02
2.423899559471365592e+03	-1.531387984881378561e-02
2.425902202643171677e+03	-1.587213353122142109e-02
2.427904845814978216e+03	-1.720320166271914822e-02
2.429907488986784301e+03	-1.773897578751251064e-02
2.431910132158590386e+03	-1.801482474825005786e-02
2.433912775330396471e+03	-1.628290204388696538e-02
2.435915418502202556e+03	-1.550255708573256355e-02
2.437918061674009095e+03	-1.536595162075499177e-02
2.439920704845815180e+03	-1.653022267885823765e-02
2.441923348017621265e+03	-1.773343505687231467e-02
2.443925991189427350e+03	-1.679682484648061663e-02
2.445928634361233435e+03	-1.646523381002924433e-02
2.447931277533039520e+03	-1.730242208885454311e-02
2.449933920704846059e+03	-1.672460250173159885e-02
2.451936563876652144e+03	-1.657934700759821495e-02
2.453939207048458229e+03	-1.554976164830564403e-02
2.455941850220264314e+03	-1.613131285165862044e-02
2.457944493392070399e+03	-1.633748272315179578e-02
2.459947136563876938e+03	-1.688022715868160023e-02
2.461949779735683023e+03	-1.638460755687979470e-02
2.463952422907489108e+03	-1.745114090177292063e-02
2.465955066079295193e+03	-1.693792325712729571e-02
2.467957709251101278e+03	-1.715368648957093373e-02
2.469960352422907363e+03	-1.744694288414251268e-02
2.471962995594713902e+03	-1.716465669205441413e-02
2.473965638766519987e+03	-1.636640519239444466e-02
2.475968281938326072e+03	-1.802525383733631290e-02
2.477970925110132157e+03	-1.767987108023745882e-02
2.479973568281938242e+03	-1.812552838158566423e-02
2.481976211453744781e+03	-1.798359811713947515e-02
2.483978854625550866e+03	-1.712409052364834844e-02
2.485981497797356951e+03	-1.492932383758968640e-02
2.487984140969163036e+03	-1.771839358401241030e-02
2.489986784140969121e+03	-1.617691433673496687e-02
2.491989427312775206e+03	-1.495879585649147539e-02
2.493992070484581745e+03	-1.522254753799734406e-02
2.495994713656387830e+03	-1.540446801988568613e-02
2.497997356828193915e+03	-1.745866054921224944e-02
2.500000000000000000e+03	-1.143560912969497981e-02
