# time (ps)	 data plus loopwise
200.0	0.0025352442957233823	0.002730758951436263
201.00100100100101	0.006137225121269019	-0.001228949111398342
202.002002002002	-0.004453866815670504	0.00021162833618787458
203.00300300300304	0.0015694883141958438	-0.005138168354920175
204.00400400400403	0.00011279692957261167	2.3633603094735944e-05
205.00500500500502	-0.004367925739772349	-0.005395989664484291
206.006006006006	-0.0009850926620986467	-0.0009313807138740318
207.00700700700702	-0.0030498137744449927	-0.0016027893427378662
208.008008008008	-0.007665892725915252	-0.006147972948264885
209.00900900900902	0.0009614592953522821	-0.003109972764422867
210.01001001001	0.0028671897553288195	-0.0008400688734129799
211.011011011011	0.005679592482487172	0.0015673406682822633
212.01201201201198	0.004055316836985456	0.0013965337469150092
213.01301301301302	0.00355149084153511	0.00018692084182593484
214.014014014014	0.0007197515247201469	0.004471055533817367
215.01501501501502	0.0012321718147980942	-0.00038458381127234875
216.016016016016	0.00043722224249204134	0.004526916544150161
217.01701701701703	-0.000996909615987196	-0.0011236722995071335
218.018018018018	0.0010194689933206158	-0.0025943285198810617
219.01901901901905	0.0017456659407163455	0.006523957475374265
220.02002002002004	0.011126071567466617	-0.0004049945785302156
221.02102102102103	0.003974747721581157	-0.0014341321017705688
222.022022022022	0.0011333403425332345	0.0018681314720830344
223.02302302302303	-0.0018810225448649132	-0.0024074078679898747
224.02402402402402	0.004683756877078671	0.003002545789815625
225.02502502502503	0.002881154814168091	-0.0020238986088741695
226.02602602602602	0.0056398457181293105	-0.0015211465772025368
227.027027027027	0.010716779100574225	-0.0008400682317644403
228.028028028028	-0.0003050888546229924	0.0027307600147467997
229.02902902902906	0.0012719191944901842	-0.00020733137289966064
230.03003003003005	0.0015125525386922023	0.0022355274739552927
231.03103103103103	-0.005186509138932399	0.0013836420064103402
232.03203203203202	0.001340671830788509	0.009208527846772502
233.03303303303304	-0.004733172809606584	0.00273398242121653
234.03403403403408	-0.0005543163595727596	0.002973541369127447
235.03503503503507	-0.0019852249683879886	0.0033151548377943485
236.03603603603605	-0.0007852812661941766	0.008582233007033452
237.03703703703704	0.0030777438676460322	0.005843953885331377
238.03803803803808	0.004982400033848866	0.00234187838390551
239.03903903903904	0.0036556935244858035	0.005146761909975067
240.04004004004003	0.0008121375409534948	-0.00026749021133276596
241.04104104104104	0.0015200730135187246	-7.519807002998036e-05
242.04204204204203	-0.0009979848272080039	0.0041090302758643865
243.043043043043	0.0014771020789429712	0.004148778231363365
244.044044044044	-0.0024621950121078706	-0.0012418404610103073
245.04504504504507	-0.0009367522601336012	0.002497645812354149
246.04604604604606	0.00020840550475124953	0.0029230516295086217
247.04704704704704	0.002066869430840834	0.0043539609486035885
248.04804804804806	-0.000537128199497694	0.006867720633749755
249.04904904904905	-0.004539807477151547	0.0011075583188030202
250.0500500500501	-0.002187186762727541	0.008548930707289543
251.05105105105108	-0.00430562027041393	0.004527990261540882
252.05205205205206	-0.0023257649266403557	0.0027694326621926363
253.05305305305305	-0.001447023156315369	0.0054110309586678645
254.0540540540541	-0.0004812666667571852	0.004958768762997867
255.05505505505505	-0.002522353952141995	-0.002498720946968694
256.05605605605604	-0.0002932717086235326	0.006472394506449514
257.0570570570571	0.0020711659384845538	-0.004555920577491962
258.05805805805807	0.0005081233557448495	-0.006471319122965669
259.05905905905905	0.001642538108124647	0.001571636697791562
260.0600600600601	-0.0021936315811516838	0.003987639741207527
261.0610610610611	0.006310181929849848	0.006078142964008187
262.06206206206207	0.002642670725904628	0.0017359989896454445
263.06306306306305	0.0027952143822037034	-0.002205448177375946
264.06406406406404	0.0103773155241568	0.0009034495338379744
265.0650650650651	-0.003924258624687427	0.0006993408908720355
266.06606606606607	-0.0013213349594576873	-0.0011859787282800793
267.06706706706706	0.00416596594274421	0.003528931408839142
268.0680680680681	0.003972598950981898	0.0015394091363225004
269.06906906906903	0.003382832331075225	0.00158560236880953
270.07007007007013	0.0025846605024042457	-0.004855638878274671
271.07107107107106	0.0033001147081496707	0.007315685840963648
272.07207207207205	0.0030680755391905845	-0.0015673397585296983
273.0730730730731	-0.006366041920295495	-0.0010935932328441159
274.0740740740741	0.002429967554561263	-2.6856576440290048e-05
275.07507507507506	-0.004009123960038413	0.0051585788982331515
276.0760760760761	-0.0011526768576559654	0.0006101778973434391
277.0770770770771	-0.0030444418555802266	0.0020679434626894033
278.0780780780781	0.004153074465046425	0.0029456104973883124
279.07907907907907	0.004623599169361892	0.0007079346908286932
280.08008008008005	0.0058546967361789715	0.003958634503767711
281.0810810810811	0.008652060297901443	0.006071697700831852
282.0820820820821	0.002332210183955047	0.006534703626706939
283.0830830830831	0.006328443150025037	0.004434530416890584
284.0840840840841	0.0014867705132537434	0.0077690205627478914
285.08508508508504	0.007966683277642383	0.0015716367086014427
286.08608608608614	-0.002448229952959624	0.004125143871357262
287.08708708708707	-0.0003684694768963659	0.0005457225899380969
288.0880880880881	-0.002331135814496038	0.006377860437597638
289.0890890890891	0.008020396773713245	0.004134813951717834
290.0900900900901	0.005347647430096081	-0.0049437286702042685
291.09109109109113	-0.004633266742753439	6.875246160531479e-05
292.0920920920921	0.004121920596714401	0.0067602946081271875
293.0930930930931	0.005676369850482338	-0.0020443094192938993
294.0940940940941	-0.0027952145781728333	0.003004694415724929
295.0950950950951	-0.001929364225442709	0.0006467023218131862
296.0960960960961	0.008002135902062113	0.002063646072791303
297.0970970970971	0.002181815255362537	-0.0007380139920941109
298.0980980980981	0.001221428882508091	0.0005027519774400968
299.09909909909913	0.008420020561189678	-0.003711555241560971
300.1001001001001	-0.0016264237222983202	-0.0032216944144884407
301.10110110110105	-0.001431983378192836	-0.003599832385473567
302.10210210210215	0.007356506195265289	-0.001087147350323503
303.1031031031031	0.002209744874960673	0.002014230482302398
304.1041041041041	0.0058428799219310545	-4.9415687491838334e-05
305.1051051051051	0.003096006858582234	-0.006906394545729777
306.1061061061061	0.0002717871626336382	-0.0005629102671650121
307.10710710710714	-0.02093617990686561	-0.00636926610366563
308.1081081081081	-0.06701211304283984	-0.05970395028849406
309.1091091091091	-0.074565203710936	-0.070907363579458
310.1101101101101	-0.11003714750815666	-0.10648673797056267
311.1111111111111	-0.1731303819022904	-0.18006686965544555
312.11211211211213	-0.22735996250873178	-0.23641057158514636
313.1131131131131	-0.2629286025471282	-0.26878545369296114
314.11411411411416	-0.26763276527254176	-0.27127773047971987
315.11511511511515	-0.2542561260720281	-0.2564121620627232
316.11611611611613	-0.19691012191180116	-0.2192396855823291
317.11711711711706	-0.17497060260706185	-0.18868245747821366
318.11811811811816	-0.16634109771106467	-0.17156203364702627
319.11911911911915	-0.174873930063501	-0.16658498423215712
320.12012012012013	-0.14757168631732961	-0.1543964663687954
321.1211211211211	-0.1321453495595205	-0.15511089689133967
322.12212212212216	-0.13986282453480675	-0.14037421766099092
323.12312312312315	-0.14642653194282002	-0.14526417829890917
324.12412412412414	-0.15926819894366603	-0.1663819233247087
325.1251251251251	-0.19012519827308239	-0.19482721333514819
326.1261261261261	-0.22492577003250994	-0.225447822903722
327.12712712712715	-0.24038643378181304	-0.2508680799406066
328.12812812812814	-0.25042429541832933	-0.2538910309001628
329.12912912912924	-0.2308566580487679	-0.23274310448776547
330.13013013013017	-0.2170245020473378	-0.22109175590405175
331.13113113113116	-0.1994743679826823	-0.21086696906472913
332.13213213213214	-0.19156783739919928	-0.19495936830830207
333.1331331331331	-0.1835496193727959	-0.18919487372031862
334.1341341341342	-0.1788637249239366	-0.17688381634633515
335.13513513513516	-0.16611228253964722	-0.16924908315728937
336.13613613613614	-0.15608945096965576	-0.162891715082217
337.1371371371372	-0.1554126361733276	-0.1671468832715931
338.1381381381382	-0.16750661060279048	-0.17893785203250068
339.13913913913916	-0.1871859309398119	-0.18946874435708339
340.14014014014015	-0.21102688906572084	-0.2081586682378874
341.14114114114113	-0.21633907730140295	-0.22516521781460844
342.1421421421421	-0.2221443560522072	-0.223700995573667
343.14314314314316	-0.22426602464931839	-0.22015273197919227
344.14414414414415	-0.23377643145221544	-0.22257956302455328
345.14514514514514	-0.2246151810821827	-0.21259969188949376
346.1461461461461	-0.20823707588601784	-0.20802763462272036
347.1471471471471	-0.19674575348822504	-0.20482316691756675
348.1481481481481	-0.1926088309169003	-0.19177417243882833
349.1491491491491	-0.17267167811098932	-0.18355073039237274
350.15015015015007	-0.15492923512392323	-0.17936650655568143
351.15115115115117	-0.17183266607778003	-0.17247083445737219
352.15215215215215	-0.17852634907837872	-0.17986919816518177
353.1531531531532	-0.191272404172742	-0.18103800041115123
354.1541541541542	-0.19915208010555918	-0.1932898876459102
355.15515515515517	-0.20441699127572788	-0.18829568098107322
356.15615615615616	-0.19631066941973613	-0.2046512310290062
357.15715715715714	-0.18971258805108976	-0.20404643640697676
358.15815815815813	-0.18424786094356171	-0.1959605339680146
359.1591591591592	-0.19012403941583877	-0.20283903164396172
360.16016016016016	-0.193865685767818	-0.19917360626641692
361.16116116116126	-0.183224054595734	-0.19396452067534165
362.16216216216225	-0.1865166545084577	-0.1837741229601499
363.16316316316323	-0.17445706886448803	-0.1868798247734863
364.1641641641642	-0.17226345180292282	-0.18462607980367862
365.1651651651652	-0.17377707596424863	-0.19817997509598095
366.1661661661662	-0.18487522312390622	-0.2064463638782314
367.1671671671672	-0.1960281562567366	-0.19265504098927533
368.1681681681682	-0.20393148082905285	-0.2066000154423233
369.1691691691692	-0.20389601430050047	-0.21123113399122026
370.1701701701702	-0.205725483099941	-0.216971955950212
371.1711711711712	-0.20029617644064612	-0.20764848618626208
372.17217217217217	-0.203636082402686	-0.20641520350494377
373.17317317317315	-0.1978146595939135	-0.19920799818431623
374.1741741741742	-0.2029109189237892	-0.2029184461209728
375.1751751751752	-0.19337149706863932	-0.20170454830220008
376.17617617617617	-0.18566261172227327	-0.1964245784048116
377.17717717717716	-0.18082738799182857	-0.18783589415368573
378.17817817817814	-0.18478601443706327	-0.1900005698706667
379.17917917917913	-0.18674975748200892	-0.1972013095765607
380.1801801801801	-0.19164943655440891	-0.18851374136052892
381.1811811811811	-0.18288887847856716	-0.1959378947758371
382.1821821821822	-0.19588417244387663	-0.19449837743224063
383.1831831831832	-0.19227037533117003	-0.19875456763842064
384.18418418418423	-0.19369807098791778	-0.19639768887254705
385.1851851851852	-0.19703794115380985	-0.2026585217843791
386.1861861861862	-0.19954418353884928	-0.21580209422086677
387.1871871871872	-0.19851295065152397	-0.2159536186440379
388.1881881881882	-0.20560729289023114	-0.2145344670048837
389.18918918918916	-0.20530757387258158	-0.216702269447991
390.1901901901902	-0.20624430918654046	-0.2075624612881643
391.1911911911912	-0.20645164894391782	-0.20563208650968945
392.1921921921923	-0.19131107590434526	-0.20486399405417904
393.1931931931933	-0.19246698853905492	-0.19796297761935178
394.19419419419427	-0.19301810319631255	-0.20302056116322106
395.19519519519525	-0.19190409500321512	-0.20041437028505554
396.19619619619624	-0.19665551381366794	-0.19927567155850584
397.1971971971972	-0.19242188565698914	-0.19940887929692608
398.1981981981982	-0.1901111244783204	-0.19876757626646124
399.19919919919926	-0.19536318627737037	-0.20144570462403258
400.20020020020024	-0.19944640930777902	-0.20070663395272723
401.20120120120123	-0.19804556875411086	-0.2047082104160781
402.2022022022022	-0.1877585105160993	-0.1957263626420511
403.2032032032032	-0.1986611582465378	-0.19183861212920333
404.2042042042042	-0.1960109676071098	-0.19438241785128335
405.20520520520523	-0.18817535136750146	-0.19308364025539798
406.2062062062062	-0.19794576780936668	-0.1977470018386051
407.2072072072072	-0.198850241325224	-0.19893402418089456
408.2082082082082	-0.20016614120773685	-0.19942820823146393
409.2092092092092	-0.2033953783960051	-0.19809183854701795
410.21021021021016	-0.20699950688816054	-0.19224146807439052
411.21121121121115	-0.20535268589368913	-0.20759584707847703
412.21221221221214	-0.20855508325252803	-0.20199156449239047
413.21321321321324	-0.20334279513986847	-0.20849722456213904
414.2142142142142	-0.20684270188600815	-0.20126310673128653
415.21521521521527	-0.20324283557137396	-0.20319887403685302
416.21621621621625	-0.20547192947861498	-0.20461150844819864
417.21721721721724	-0.20498958595136013	-0.20200857261182367
418.2182182182182	-0.20109219083007285	-0.18895316754834252
419.2192192192192	-0.2025767923357374	-0.19159052163980286
420.2202202202202	-0.19459508189820443	-0.20356628679070932
421.22122122122124	-0.1939698659406391	-0.19232307534441723
422.22222222222223	-0.19281826578349906	-0.1886276184197067
423.22322322322333	-0.1952890627427821	-0.19660618190705192
424.2242242242243	-0.1935595497487384	-0.1965599573973117
425.2252252252253	-0.19233165167898106	-0.18916049146378797
426.2262262262263	-0.19209745866266795	-0.198362585348774
427.2272272272273	-0.1890594281087251	-0.19821970506146672
428.22822822822826	-0.2001565051685144	-0.18700546718193323
429.22922922922925	-0.20036815146290402	-0.18655105019980223
430.2302302302303	-0.1973774239933514	-0.19418905848730492
431.23123123123133	-0.20032198118400477	-0.19055488175434504
432.23223223223226	-0.20937794706536939	-0.19141536373956067
433.23323323323325	-0.1980079737632933	-0.20194739380544593
434.2342342342342	-0.2080823794449637	-0.1957113062850643
435.2352352352352	-0.20238452340183896	-0.20260700584803146
436.23623623623627	-0.2008215059829651	-0.20018883359846426
437.23723723723725	-0.19760730468997587	-0.2040604605747495
438.23823823823824	-0.20322566960039537	-0.19956786694412626
439.2392392392392	-0.19767389592883272	-0.19595404378657988
440.2402402402402	-0.19373460218855768	-0.19725713003095824
441.2412412412412	-0.1972313290026834	-0.19185797391617776
442.2422422422422	-0.19396880890299822	-0.18910247714858033
443.24324324324317	-0.18882636083582777	-0.19765032382577913
444.24424424424427	-0.18989631366512838	-0.19639452912590194
445.2452452452453	-0.191723653765962	-0.19359394802890567
446.2462462462463	-0.18753301053989577	-0.19176020624181103
447.2472472472473	-0.1922328231644147	-0.19036367874259566
448.2482482482483	-0.1886899540673759	-0.19262718001304607
449.24924924924926	-0.18967288551481298	-0.182984635760132
450.25025025025025	-0.18063729250327223	-0.19616359097631067
451.25125125125123	-0.20043260414751224	-0.19435881473692532
452.2522522522522	-0.20066144306553477	-0.19000162245591976
453.25325325325326	-0.20269180308143953	-0.18465178881630592
454.25425425425436	-0.19732053411477835	-0.18288247068806715
455.25525525525535	-0.20013505507630905	-0.1894032069841457
456.25625625625634	-0.2007087131181612	-0.19168177966376282
457.2572572572573	-0.19947117189250368	-0.20170350390530445
458.2582582582583	-0.19482929299175672	-0.2017443507027974
459.2592592592593	-0.19663191351341452	-0.1942868936171176
460.2602602602603	-0.20060344575264139	-0.19250899648250813
461.26126126126127	-0.1965213270690083	-0.19521824952062172
462.2622622622623	-0.19775771106917997	-0.19857853202838394
463.26326326326335	-0.19058811040488288	-0.1887393436695392
464.2642642642643	-0.19607651208723725	-0.18539737989612845
465.26526526526527	-0.19189657485249184	-0.188269978342995
466.2662662662663	-0.19647721033811386	-0.1818834849006497
467.2672672672673	-0.1902819372564913	-0.1904903880277071
468.2682682682683	-0.19469605839024118	-0.18491928477580885
469.2692692692693	-0.19807141748907847	-0.18087362338771026
470.27027027027026	-0.1938495795123778	-0.18190061991477938
471.27127127127125	-0.189729779813196	-0.19195036207586985
472.27227227227223	-0.19492808313026153	-0.19642354179738153
473.2732732732732	-0.1883998696581722	-0.19729258564999463
474.2742742742743	-0.19439525152631512	-0.18983404779312496
475.2752752752752	-0.1953728353706456	-0.19196431014153414
476.2762762762763	-0.18350336378197518	-0.18848801155686037
477.27727727727734	-0.18475166880778354	-0.18849444133511248
478.2782782782783	-0.1968155603574514	-0.19235318092100928
479.2792792792793	-0.19677260742110828	-0.19621839088947463
480.2802802802803	-0.18706884692272588	-0.20067543468966925
481.2812812812813	-0.19016486248481512	-0.1903507370941812
482.2822822822823	-0.1903378355222904	-0.19720564096610985
483.2832832832833	-0.1860923432039845	-0.19403872046935172
484.28428428428424	-0.18540481760828473	-0.18801534875521114
485.2852852852853	-0.18779503860058339	-0.1929956336674627
486.2862862862864	-0.1905923929188399	-0.1877703907630437
487.28728728728737	-0.1941986474934564	-0.1850020367411562
488.28828828828836	-0.18736316349080295	-0.19145618354402788
489.28928928928934	-0.18491387767705586	-0.19239609600054144
490.29029029029033	-0.18248283514579722	-0.18249894078815626
491.2912912912913	-0.18475706754424562	-0.1815966191446513
492.2922922922923	-0.18649091556017	-0.17657772710755143
493.2932932932933	-0.1877897392725863	-0.17876595978341298
494.29429429429433	-0.17989181282084385	-0.18733532771023353
495.2952952952954	-0.18189097160401357	-0.185618674050695
496.2962962962963	-0.18003894554855593	-0.18510620412761777
497.29729729729735	-0.18449497390458344	-0.1877263619063586
498.29829829829833	-0.1802270001991388	-0.1947283828815773
499.2992992992993	-0.17658626788123444	-0.19294406616602847
500.3003003003003	-0.1761135748836783	-0.189215283176069
501.3013013013013	-0.19191370983190403	-0.18790038029889533
502.3023023023023	-0.19981378832950744	-0.18976422146413485
503.30330330330327	-0.19498827338015118	-0.20169279047566366
504.30430430430425	-0.19292246841669253	-0.1936498194077631
505.30530530530535	-0.19093296268420254	-0.1948626095821619
506.30630630630634	-0.18070602032705202	-0.19974403582860428
507.3073073073072	-0.17954046465837722	-0.19264749484531002
508.3083083083083	-0.17961568180254522	-0.19028202456174972
509.30930930930936	-0.17746175935969463	-0.18474851770820103
510.31031031031034	-0.1794340971906184	-0.188486960854053
511.31131131131133	-0.18288677039485274	-0.17900985330941205
512.3123123123123	-0.1732506929965367	-0.180215206670382
513.3133133133133	-0.18176206286371618	-0.18129702357295718
514.3143143143143	-0.17755103176334364	-0.18243570145744664
515.3153153153153	-0.16729400639178799	-0.18308989053614727
516.3163163163163	-0.17068871332115917	-0.18396646152066187
517.3173173173174	-0.17363862790913218	-0.18205214064283404
518.3183183183183	-0.16852728927465643	-0.19023370313553517
519.3193193193193	-0.17985957677348358	-0.19230916116578467
520.3203203203203	-0.18791126034551764	-0.18033653788641668
521.3213213213214	-0.194774640987628	-0.18604407634542758
522.3223223223225	-0.18891451691183808	-0.18434357195165257
523.3233233233234	-0.18517820961574288	-0.18608063516348453
524.3243243243244	-0.1869571763445912	-0.19395711387106096
525.3253253253253	-0.18949133220087575	-0.18907351290511382
526.3263263263264	-0.1892474619473641	-0.18775756067165328
527.3273273273275	-0.18963635447668856	-0.19704987840198313
528.3283283283283	-0.1745258494255057	-0.19154966582460753
529.3293293293293	-0.17565271111312974	-0.19101254395667422
530.3303303303302	-0.17088085746398782	-0.1943791871512851
531.3313313313313	-0.16766990515720095	-0.18873395735958168
532.3323323323324	-0.17184017948607175	-0.19195567116944742
533.3333333333334	-0.17511669051419287	-0.18692811353636082
534.3343343343344	-0.18110028270866457	-0.1838460800784666
535.3353353353353	-0.17719642633918098	-0.17747250139954565
536.3363363363364	-0.18269234663284833	-0.1767130018879491
537.3373373373374	-0.17822020356445037	-0.1853983843388206
538.3383383383384	-0.18528558133860357	-0.18291362576206727
539.3393393393394	-0.17812133807739586	-0.18360222055596834
540.3403403403404	-0.16706938943202107	-0.1776873749355119
541.3413413413414	-0.16285722992615756	-0.18918732831255458
542.3423423423424	-0.17352141884523214	-0.18093592430786212
543.3433433433433	-0.17495877845232977	-0.19016485624096569
544.3443443443443	-0.17160601321273042	-0.1863985356034702
545.3453453453453	-0.18166427267752278	-0.19368523525147774
546.3463463463463	-0.18362372434693588	-0.19306537328185558
547.3473473473473	-0.1842618378576329	-0.20209664844154518
548.3483483483484	-0.19235421151335397	-0.19079437243467803
549.3493493493494	-0.18653280988251272	-0.1898490498462635
550.3503503503504	-0.17881749183672407	-0.19432760619877784
551.3513513513514	-0.18526086997202995	-0.18802385714358472
552.3523523523523	-0.18153534104889346	-0.18925388736078913
553.3533533533534	-0.18026019064302667	-0.19250458246075428
554.3543543543545	-0.188723204666886	-0.19113385654852724
555.3553553553554	-0.18879632679899627	-0.18739005697847322
556.3563563563564	-0.17051463546821144	-0.18152999172650514
557.3573573573573	-0.16885381817895206	-0.1883311610618134
558.3583583583584	-0.16694486754650115	-0.18035265439526657
559.3593593593595	-0.17309387165396367	-0.18488922965499138
560.3603603603603	-0.17007307151097542	-0.18047508467799342
561.3613613613613	-0.16786007839596426	-0.1829576997931564
562.3623623623622	-0.17111507044544333	-0.17743817062039197
563.3633633633634	-0.1733741986569681	-0.17913226910753033
564.3643643643644	-0.1737448250348677	-0.18402873833615743
565.3653653653654	-0.17015038662289678	-0.18081133630645496
566.3663663663664	-0.16847453166281473	-0.18018717025069259
567.3673673673675	-0.17593524658245618	-0.18577224168252116
568.3683683683685	-0.17889484431721803	-0.19140671417376384
569.3693693693695	-0.1768591263119111	-0.19042915517248368
570.3703703703704	-0.1829931394404281	-0.19063223060370432
571.3713713713714	-0.19414714714849074	-0.19186868391761874
572.3723723723724	-0.1790001134005317	-0.19246811355794163
573.3733733733734	-0.18099715825680268	-0.19570160333227904
574.3743743743744	-0.18393635363624677	-0.18611597584798806
575.3753753753754	-0.17875521428500127	-0.1857131622120347
576.3763763763764	-0.18021943922716863	-0.1956618888598542
577.3773773773773	-0.1803655404209205	-0.18146340455379223
578.3783783783783	-0.17601479176428414	-0.18477855460131506
579.3793793793794	-0.17673241646509774	-0.1869259961508235
580.3803803803804	-0.17581178616028711	-0.1845562240237558
581.3813813813814	-0.17362888535355175	-0.1814945756483547
582.3823823823824	-0.16974109985776087	-0.18299427633476226
583.3833833833835	-0.1696863236689685	-0.1853350594494235
584.3843843843844	-0.16694267251127998	-0.18543816590500858
585.3853853853855	-0.17155017712795528	-0.18564762408524674
586.3863863863866	-0.16844990393591636	-0.17691175150956467
587.3873873873874	-0.17009996119824408	-0.17827283313219502
588.3883883883884	-0.17049528188471236	-0.1712579354857534
589.3893893893893	-0.16815549444940062	-0.1733978397885627
590.3903903903904	-0.17755520258248725	-0.17863163014445269
591.3913913913915	-0.17973486885228704	-0.18412218845504624
592.3923923923924	-0.18000990207708284	-0.19051945500600545
593.3933933933934	-0.18666815123456376	-0.18374515724563578
594.3943943943945	-0.18581302246096565	-0.1849461000527531
595.3953953953954	-0.1739113227703972	-0.17692572022999764
596.3963963963964	-0.17399406206853618	-0.17852747325101403
597.3973973973974	-0.1698539906642903	-0.1845691023319609
598.3983983983985	-0.1880046601928178	-0.18851591807188095
599.3993993993995	-0.18318653435581808	-0.18846120227674998
600.4004004004005	-0.17489859446225506	-0.18902621895766417
601.4014014014015	-0.1827868657112843	-0.18836445469325191
602.4024024024025	-0.17088302974553754	-0.18705920669245538
603.4034034034034	-0.16536885768201506	-0.18574762661422353
604.4044044044044	-0.1751467465779472	-0.18913583938852177
605.4054054054054	-0.16819629685380494	-0.17713307656461322
606.4064064064064	-0.16560087988636832	-0.18196400431322912
607.4074074074074	-0.17030721489186618	-0.1792794408944594
608.4084084084084	-0.16805557756981082	-0.17552171650353193
609.4094094094094	-0.15951307578789212	-0.18295241139330806
610.4104104104105	-0.16669017939723796	-0.1872322575909562
611.4114114114114	-0.1691889182820452	-0.18414157734212966
612.4124124124124	-0.17367395500141025	-0.1847710763165485
613.4134134134134	-0.17069826676411715	-0.18722578864907166
614.4144144144145	-0.16596617216745277	-0.18490220563939636
615.4154154154155	-0.17736510650413456	-0.1885245914879653
616.4164164164164	-0.16955524262464772	-0.20169067065268606
617.4174174174175	-0.18142367857759312	-0.1947885489402776
618.4184184184186	-0.17516075355108945	-0.192054611737883
619.4194194194195	-0.1739070901688135	-0.18833448331070377
620.4204204204204	-0.17738127160294156	-0.18629225675229172
621.4214214214213	-0.1826139716615579	-0.1888468146513958
622.4224224224224	-0.17699558700653417	-0.1885836429405262
623.4234234234235	-0.172776941523678	-0.1886137466177248
624.4244244244244	-0.17328935160596548	-0.18901550691141933
625.4254254254255	-0.1674249802581701	-0.17712886331129488
626.4264264264265	-0.1789001881958109	-0.17763270116013646
627.4274274274275	-0.17240096461080345	-0.18296314682934844
628.4284284284284	-0.1705865511391126	-0.17541539163626996
629.4294294294295	-0.1738877168608598	-0.1848570279945353
630.4304304304305	-0.1716188858069514	-0.17376210925049002
631.4314314314315	-0.1586021122061128	-0.1799970817474636
632.4324324324325	-0.1654000058004021	-0.1760449626522287
633.4334334334335	-0.16633568839721816	-0.1824314822220136
634.4344344344345	-0.16520986302143129	-0.1851192413819374
635.4354354354355	-0.16902669434649845	-0.18559619483966167
636.4364364364365	-0.17132238929001958	-0.17724163687663458
637.4374374374374	-0.17368573486828423	-0.18120136008888363
638.4384384384384	-0.17698370245734657	-0.18597638076090234
639.4394394394394	-0.17985089888836114	-0.19591970115580426
640.4404404404404	-0.16457926022831326	-0.1876898312422573
641.4414414414415	-0.18097026794015147	-0.18575723853399972
642.4424424424425	-0.17472131489418719	-0.1849365171906443
643.4434434434435	-0.17442589725531923	-0.18193716160974394
644.4444444444445	-0.1727855052131102	-0.19037972112664484
645.4454454454457	-0.17432921367141005	-0.1902583396011855
646.4464464464465	-0.1680544797354568	-0.1851985524371016
647.4474474474475	-0.17191323900478656	-0.1930041563557517
648.4484484484484	-0.17162858511153822	-0.17628764359131083
649.4494494494495	-0.18117766435114097	-0.17511244403215598
650.4504504504506	-0.1752713910642777	-0.17597395784184633
651.4514514514515	-0.16916423104693634	-0.17200775735050125
652.4524524524525	-0.16511534713237108	-0.17894532728545734
653.4534534534533	-0.1735353815567289	-0.17311963351428333
654.4544544544544	-0.16786330560914325	-0.1697077812528282
655.4554554554555	-0.14559425487952324	-0.17225378894474816
656.4564564564565	-0.1645082409556926	-0.17482235901745913
657.4574574574575	-0.16829486126879956	-0.18010233332726291
658.4584584584585	-0.14544162203414435	-0.18182865935116238
659.4594594594595	-0.1662065460389632	-0.1794083595593893
660.4604604604606	-0.14105638581784846	-0.17892383039928111
661.4614614614616	-0.13601110589953785	-0.18849437353227969
662.4624624624626	-0.13574734993748314	-0.18245170825576332
663.4634634634635	-0.16017569741389123	-0.16974325721480993
664.4644644644645	-0.18079035500469398	-0.18401590127871545
665.4654654654655	-0.1716230614344479	-0.17733943392979062
666.4664664664665	-0.12302454373862734	-0.17320563136750938
667.4674674674675	-0.13978242257876478	-0.18318223332829708
668.4684684684685	-0.1685687844888017	-0.18376130149090958
669.4694694694695	-0.15329258793020661	-0.1875211744475837
670.4704704704704	-0.14349678413958106	-0.18335305170377558
671.4714714714714	-0.14880548013068065	-0.17275437469012306
672.4724724724725	-0.1407077465509876	-0.1872547356915748
673.4734734734735	-0.1281830451234544	-0.17479546709312063
674.4744744744745	-0.12173830844239412	-0.16823927994762605
675.4754754754755	-0.116516644027048	-0.16654948968373606
676.4764764764766	-0.16635296507517539	-0.17406504086105867
677.4774774774777	-0.1735364798118761	-0.18030105103847657
678.4784784784786	-0.17758965699485024	-0.17722115578325776
679.4794794794796	-0.17281245071619333	-0.1719068044290662
680.4804804804804	-0.18051917927641004	-0.17006123763198847
681.4814814814815	-0.17799248913507446	-0.16858629092989297
682.4824824824826	-0.18056101227736973	-0.16406476894572883
683.4834834834834	-0.17886478808364048	-0.17382760148315793
684.4844844844844	-0.17919782796832473	-0.176951553883601
685.4854854854854	-0.17735868394500492	-0.17928807344005002
686.4864864864863	-0.18116044334535808	-0.1708734136278338
687.4874874874876	-0.18697107933092064	-0.18571644362168593
688.4884884884885	-0.1793868197944799	-0.1759310288242834
689.4894894894895	-0.18079948048411373	-0.17839431738637457
690.4904904904905	-0.175145666268609	-0.17806778090482123
691.4914914914916	-0.17901620519468336	-0.17826108635654447
692.4924924924926	-0.17502644186278896	-0.17474394187167475
693.4934934934936	-0.1802323021100916	-0.18099295239401225
694.4944944944946	-0.18257951472558298	-0.1825871241530867
695.4954954954956	-0.17850379455024723	-0.1788680146854808
696.4964964964965	-0.1816621176992534	-0.1767688896603238
697.4974974974975	-0.17465043885066564	-0.17409507699010632
698.4984984984985	-0.1787272829019429	-0.18466684403345807
699.4994994994995	-0.1727919956658973	-0.17951688255567788
700.5005005005005	-0.17486100283811565	-0.17948889380120706
701.5015015015015	-0.17693325137124902	-0.1708755197755547
702.5025025025025	-0.18509976705727915	-0.1798552276171777
703.5035035035036	-0.18249254787072428	-0.18448424277301828
704.5045045045046	-0.17864890318594553	-0.1792558136611156
705.5055055055055	-0.17893463547384422	-0.17782915385038164
706.5065065065065	-0.17246544802851718	-0.17803220038177253
707.5075075075077	-0.18381177627959155	-0.17670334563111642
708.5085085085087	-0.18391816903036937	-0.1757354450091485
709.5095095095097	-0.1799295377378998	-0.18549616389846366
710.5105105105107	-0.18508274532635494	-0.18597639392390417
711.5115115115117	-0.17242901094457863	-0.17374919292839935
712.5125125125127	-0.1731004414855437	-0.1843703669844708
713.5135135135137	-0.17459154762793652	-0.17854363927467584
714.5145145145146	-0.1710099319432548	-0.19162816011094308
715.5155155155156	-0.17754457216364392	-0.18900699797785198
716.5165165165166	-0.17151580476247688	-0.17817095894277804
717.5175175175176	-0.17143954858432764	-0.17856520492994604
718.5185185185186	-0.17014507308664256	-0.1778883465480834
719.5195195195196	-0.1630700244055964	-0.17928059401229263
720.5205205205206	-0.16171965141177627	-0.17852218227389005
721.5215215215215	-0.17161358258066678	-0.17334206988078854
722.5225225225225	-0.17548947755910593	-0.1654881986942272
723.5235235235235	-0.18557354126607034	-0.17694085476294225
724.5245245245246	-0.18097579827509871	-0.17120104861443117
725.5255255255256	-0.1875416214282574	-0.16948330853815113
726.5265265265266	-0.18014103855295246	-0.1716135575459183
727.5275275275276	-0.1839804505196916	-0.18104016891341035
728.5285285285286	-0.1796350609487907	-0.17862528316361356
729.5295295295296	-0.1780086154819961	-0.18242604520224248
730.5305305305305	-0.16911270259033162	-0.17862426138273393
731.5315315315315	-0.17851026875045348	-0.18619775908224048
732.5325325325326	-0.18023447956322525	-0.1854586221621271
733.5335335335336	-0.16957893741878877	-0.1832478091622839
734.5345345345346	-0.1722065576797198	-0.17951587199746546
735.5355355355356	-0.16246843557172555	-0.1775682823045014
736.5365365365366	-0.17686246062564825	-0.187802722125472
737.5375375375376	-0.1762071419958133	-0.16255437181753082
738.5385385385385	-0.17543040930612364	-0.17500718888865285
739.5395395395395	-0.17907640944207176	-0.1771567796910335
740.5405405405405	-0.1809971465506865	-0.18226487088011728
741.5415415415415	-0.18392023750772246	-0.17984245657097295
742.5425425425425	-0.17988213652727975	-0.17447007109868287
743.5435435435435	-0.17552171923983823	-0.18001748967164144
744.5445445445445	-0.17407143934561614	-0.1721141368838073
745.5455455455455	-0.17914512888354256	-0.17358804137609835
746.5465465465464	-0.17404565542963282	-0.16878829336746887
747.5475475475477	-0.1717993593034533	-0.1685540850941175
748.5485485485486	-0.17677638949336644	-0.17342585231230606
749.5495495495496	-0.17213559750492963	-0.17710202319018215
750.5505505505506	-0.17811171751082797	-0.17974142726159867
751.5515515515516	-0.1823378578357963	-0.177275986679607
752.5525525525526	-0.17059516282482667	-0.17909366694294584
753.5535535535536	-0.17961355931664508	-0.18320048001596237
754.5545545545546	-0.17354934952954068	-0.17955875189509862
755.5555555555557	-0.1719325916197454	-0.1751210144332399
756.5565565565566	-0.1776916905262557	-0.17081859741345007
757.5575575575576	-0.18551772088000584	-0.17233866864463823
758.5585585585586	-0.16876790845836065	-0.17267815477213316
759.5595595595596	-0.17753277234241516	-0.17088842620973524
760.5605605605606	-0.1827901834840186	-0.1758321785128718
761.5615615615616	-0.1797392486171156	-0.17232363674526524
762.5625625625626	-0.18447021982714806	-0.1726738427600649
763.5635635635637	-0.1812249062493141	-0.1708056886748292
764.5645645645646	-0.1765379371378847	-0.17823419376678937
765.5655655655656	-0.17315616526683486	-0.17273827702344624
766.5665665665666	-0.1814762981964234	-0.17815577251971967
767.5675675675676	-0.18042458871898304	-0.17704283541630786
768.5685685685686	-0.16923728766767895	-0.18320584707277168
769.5695695695696	-0.16696417666557514	-0.17334207069614319
770.5705705705706	-0.17542931704280354	-0.17335923475419243
771.5715715715718	-0.1648424941181633	-0.17297679836552904
772.5725725725728	-0.1732743788556464	-0.17433145565849867
773.5735735735738	-0.1741531342710245	-0.17415631380392346
774.5745745745747	-0.16703830973763625	-0.17085188332938459
775.5755755755757	-0.17664863864438662	-0.16784506565233231
776.5765765765767	-0.17289515773377548	-0.1780816786181207
777.5775775775777	-0.1722462863908647	-0.18044395447848266
778.5785785785787	-0.18238618100916482	-0.17780772544821596
779.5795795795797	-0.1799852184570634	-0.1753068329949986
780.5805805805807	-0.17964573216298166	-0.17990789119310957
781.5815815815816	-0.18417157890265096	-0.17563667806352573
782.5825825825826	-0.17297570647630145	-0.17799465870068995
783.5835835835836	-0.1834078648328631	-0.17548953326720831
784.5845845845846	-0.18712375885430133	-0.17016872800557398
785.5855855855856	-0.1706532103666924	-0.17145887192025125
786.5865865865867	-0.17128488282765736	-0.17347094280240188
787.5875875875877	-0.1766250114008963	-0.18029790875020352
788.5885885885887	-0.17785714735284497	-0.17101743996073854
789.5895895895897	-0.167602270027105	-0.1770762462003423
790.5905905905906	-0.16652048650133053	-0.17066395197402956
791.5915915915916	-0.15004245822455875	-0.18180722204048788
792.5925925925926	-0.1588083756810646	-0.17424021183386307
793.5935935935936	-0.1625252967073356	-0.17488905631835883
794.5945945945947	-0.17733069217307432	-0.1724461754152819
795.5955955955957	-0.18536615158414824	-0.17128604800036545
796.5965965965967	-0.18049873007690248	-0.17631669473065148
797.5975975975977	-0.1800228682461062	-0.17741031472284252
798.5985985985986	-0.17699555685238458	-0.16623161045484092
799.5995995995996	-0.1816825136281775	-0.1755765697466575
800.6006006006006	-0.17472456811954093	-0.17206046950567114
801.6016016016016	-0.1840620596047769	-0.17014930027723985
802.6026026026026	-0.16695022705019	-0.17175429067492592
803.6036036036036	-0.16756897660298348	-0.17665833941595355
804.6046046046046	-0.18107556761107207	-0.16558917922724717
805.6056056056055	-0.17263084919327537	-0.17370841699288062
806.6066066066065	-0.1719938536499229	-0.1780451782829119
807.6076076076075	-0.17128059310116386	-0.18021194264321788
808.6086086086085	-0.17456030813254428	-0.17010212436948555
809.6096096096097	-0.1683241759855023	-0.1715426669018768
810.6106106106107	-0.16541401609943387	-0.16764846087798066
811.6116116116117	-0.16620575340291652	-0.16152088809726922
812.6126126126127	-0.16587164852479294	-0.1689010833517115
813.6136136136137	-0.1678300462927915	-0.17340005989467705
814.6146146146147	-0.17135147118992566	-0.17346134268407887
815.6156156156156	-0.16510788165180762	-0.1705780831541603
816.6166166166166	-0.16959719087306052	-0.17026005469656544
817.6176176176177	-0.16425705606675345	-0.17328086388278946
818.6186186186187	-0.15998581922200578	-0.16730372352385933
819.6196196196197	-0.17056295218034295	-0.16826409671354514
820.6206206206207	-0.16619502361507985	-0.1744292511119615
821.6216216216217	-0.17002798302257677	-0.17378144061635487
822.6226226226227	-0.1638928700504832	-0.18209189543691853
823.6236236236236	-0.1608666870312282	-0.1702642862562173
824.6246246246246	-0.16669346940231816	-0.18011843848608464
825.6256256256257	-0.16862604918220536	-0.17904204880267227
826.6266266266267	-0.16920181402381898	-0.17822883903535885
827.6276276276277	-0.16738415643718263	-0.1729402662297701
828.6286286286287	-0.1648618224163932	-0.176188800684078
829.6296296296297	-0.16647108712048853	-0.17889705387898813
830.6306306306307	-0.1614467777914046	-0.1766658647532335
831.6316316316316	-0.16257260108365426	-0.1651111149362962
832.6326326326326	-0.16889679043217004	-0.17990691792258032
833.6336336336338	-0.1625329306719768	-0.16982714054215614
834.6346346346348	-0.15822084855973984	-0.16926423268325558
835.6356356356358	-0.1670630134800688	-0.17183489793157547
836.6366366366368	-0.16842734421262673	-0.1741950353528449
837.6376376376378	-0.16840695402140066	-0.17482889005040686
838.6386386386388	-0.16964338825784836	-0.1700731315031485
839.6396396396398	-0.16779454166438457	-0.1787251953590227
840.6406406406408	-0.16358883860711076	-0.1731422559911901
841.6416416416417	-0.17400698936132983	-0.17514253808365388
842.6426426426427	-0.1686711449023856	-0.17536271965026742
843.6436436436437	-0.17445176171657778	-0.17197127941606205
844.6446446446447	-0.17530793649094806	-0.1657298541939259
845.6456456456457	-0.16551932082611476	-0.17196376295925433
846.6466466466467	-0.17377074695035488	-0.17894858295417163
847.6476476476477	-0.18555208308355783	-0.1813473890791897
848.6486486486488	-0.16988290010451917	-0.17409399224595126
849.6496496496497	-0.1779140911366603	-0.1803236000713412
850.6506506506507	-0.17930745719942356	-0.17652823382314436
851.6516516516517	-0.16846391170548775	-0.16951979158968777
852.6526526526527	-0.17019986020380867	-0.17282960001995892
853.6536536536537	-0.1663271291331634	-0.17420034730621525
854.6546546546548	-0.16107509631703226	-0.17249551083821127
855.6556556556556	-0.16443860227539836	-0.17064563145788245
856.6566566566568	-0.16513577581223374	-0.16841119759012058
857.6576576576578	-0.1653506318113047	-0.16203980775501878
858.6586586586587	-0.16766030144671604	-0.16703834105233437
859.6596596596597	-0.16588560411829686	-0.1742712970448862
860.6606606606607	-0.16791164888705923	-0.17454847397146706
861.6616616616617	-0.160398307750557	-0.16340407749156163
862.6626626626627	-0.16471900118355065	-0.173594450870071
863.6636636636637	-0.1691900504766191	-0.17761110563056826
864.6646646646647	-0.16817057359262788	-0.17774970550091146
865.6656656656656	-0.1664377735476533	-0.17058118307558764
866.6666666666666	-0.16767423021480338	-0.1809552636847322
867.6676676676676	-0.17581924246841785	-0.17336564290926654
868.6686686686686	-0.17227954717396754	-0.17102160874207217
869.6696696696696	-0.17239020219810264	-0.17960065071492468
870.6706706706706	-0.1781299658670768	-0.17587190742275288
871.6716716716716	-0.17188639100059472	-0.17817836613542098
872.6726726726729	-0.17699664783185734	-0.1772835250211624
873.6736736736735	-0.17253203007065276	-0.1764026004453093
874.6746746746747	-0.17665182712978786	-0.16745296519581593
875.6756756756757	-0.1770407287688246	-0.1776036319355105
876.6766766766767	-0.17849629740197456	-0.17518115352011224
877.6776776776778	-0.16635187112183475	-0.17173062468049793
878.6786786786785	-0.17215720588622538	-0.16359314029256267
879.6796796796798	-0.16590392435442558	-0.17118813047113926
880.6806806806808	-0.17059731203973333	-0.16645495315034
881.6816816816818	-0.16365224901552033	-0.1699301830341323
882.6826826826828	-0.17122038485175828	-0.17053823239896573
883.6836836836837	-0.16544307211007803	-0.1677397811367446
884.6846846846847	-0.1713063739235027	-0.16482962979721022
885.6856856856857	-0.16627662666964882	-0.17438731450878633
886.6866866866867	-0.16239853687957728	-0.1799734562752191
887.6876876876878	-0.17136323483240276	-0.17220338500460466
888.6886886886888	-0.16776878549252378	-0.1767173959595745
889.6896896896898	-0.16499721865844102	-0.17537243527742494
890.690690690691	-0.17103451675023387	-0.18113576308482937
891.6916916916916	-0.1766893730421511	-0.17117739076980887
892.6926926926927	-0.17268670613338677	-0.17597396664653495
893.6936936936937	-0.18302432143379302	-0.1702470776135383
894.6946946946947	-0.1692781318748074	-0.17857688999769322
895.6956956956959	-0.18111429238272536	-0.18078129697134598
896.6966966966969	-0.17092065367649797	-0.17170485980699157
897.6976976976979	-0.17307993279619566	-0.17965328605040054
898.6986986986989	-0.17026543164171912	-0.17256643349102307
899.6996996996999	-0.1683349630213333	-0.18444238040353558
900.7007007007008	-0.1674196814729132	-0.17816655303053622
901.7017017017018	-0.16536895848082322	-0.16960683433312476
902.7027027027028	-0.15993320064928757	-0.17579561592924361
903.7037037037038	-0.16646466616908034	-0.16459218584925456
904.7047047047048	-0.16676006549464684	-0.1640411177410701
905.7057057057058	-0.16309256841011627	-0.17006125602119715
906.7067067067068	-0.1647759207048663	-0.16416679415254695
907.7077077077078	-0.16120292084606766	-0.17599764555119865
908.7087087087087	-0.16373280682513974	-0.1803258087606407
909.7097097097097	-0.15799088859729837	-0.1772136900491608
910.7107107107108	-0.15905440876459148	-0.1758601306707378
911.7117117117118	-0.17085191611824463	-0.1738748921475507
912.7127127127128	-0.17184882409591976	-0.1781611932510727
913.7137137137139	-0.1615327445236107	-0.18012493361375506
914.7147147147147	-0.16973038492100734	-0.17899161485381884
915.7157157157158	-0.1727211083554963	-0.18173307442818087
916.7167167167167	-0.16603919105874315	-0.1807393764000781
917.7177177177177	-0.17141476108339332	-0.16873027973516802
918.7187187187188	-0.16655053258825356	-0.16974760931231123
919.7197197197198	-0.16603061622750465	-0.17634141248588953
920.7207207207208	-0.16782785330487304	-0.1809564389655317
921.7217217217218	-0.17244073162861118	-0.17497919061862144
922.7227227227228	-0.17291125330125495	-0.17174995798898465
923.7237237237238	-0.16846702355437937	-0.16573629218385488
924.7247247247248	-0.17215605954137597	-0.16617137098029813
925.7257257257257	-0.17012783907373416	-0.16050245746176953
926.7267267267267	-0.17361484962867796	-0.1649101638484191
927.7277277277277	-0.17094103410310932	-0.16264243168610892
928.7287287287287	-0.16477052837509204	-0.16109548342597924
929.7297297297297	-0.16691151928781756	-0.16727145246699596
930.7307307307307	-0.16342553702607218	-0.17801082710098715
931.7317317317317	-0.16122331741093138	-0.17285118992578843
932.7327327327326	-0.15948625918770273	-0.17522638568922888
933.7337337337336	-0.16528295265416076	-0.1768173328277112
934.7347347347348	-0.1646190545737917	-0.16648185183758418
935.7357357357358	-0.1742819878588565	-0.15554484630479293
936.7367367367369	-0.16717791925446565	-0.16420120685354306
937.7377377377376	-0.16841009867914924	-0.166922281731536
938.7387387387388	-0.17492333370008922	-0.17506512329225796
939.7397397397398	-0.17219576143865206	-0.1734054011378719
940.7407407407408	-0.1725696036469066	-0.1721775152682432
941.7417417417419	-0.1737405658775872	-0.176485310143704
942.7427427427428	-0.17014178989756842	-0.16642702277814217
943.7437437437438	-0.1646673538909752	-0.17462039362180945
944.7447447447448	-0.16262841019384922	-0.16298511689217915
945.7457457457458	-0.16068187620426072	-0.1616369579513639
946.7467467467468	-0.14848799602268312	-0.16806204311677136
947.7477477477478	-0.1471752382707311	-0.16700389249122743
948.7487487487488	-0.14797878412764387	-0.16841977625015053
949.7497497497501	-0.1523682188065223	-0.17090774215639448
950.7507507507507	-0.15036366007062893	-0.17109256300481662
951.7517517517518	-0.15560713400725346	-0.16062711915208783
952.7527527527528	-0.1456831378744676	-0.162277156795247
953.7537537537538	-0.15078907952703038	-0.163912190592708
954.754754754755	-0.15565871079991958	-0.16148331280889217
955.7557557557557	-0.15363050330053782	-0.16580187698902507
956.7567567567568	-0.14912612473129827	-0.1677366141977783
957.757757757758	-0.15874933210730208	-0.17131066230243036
958.758758758759	-0.16635938985940488	-0.16759690571144129
959.75975975976	-0.1672983133055072	-0.1761748587465286
960.760760760761	-0.17019018071063774	-0.17125048826584646
961.7617617617619	-0.16939087849818407	-0.17383520377173275
962.7627627627629	-0.17660020142113264	-0.17374599785908473
963.7637637637639	-0.1708046098327602	-0.1711763643291161
964.7647647647649	-0.1582873885774451	-0.1653098414203536
965.7657657657659	-0.1604563202429018	-0.17159207772470364
966.7667667667669	-0.16673208846580356	-0.1701074544389438
967.7677677677679	-0.17459565304845606	-0.17098085815094763
968.7687687687688	-0.16588449477642583	-0.173554742199115
969.7697697697698	-0.17319484492417078	-0.1715931521092448
970.7707707707708	-0.17436582855626578	-0.16867545778071133
971.7717717717718	-0.16727569825514035	-0.16784402995922793
972.772772772773	-0.15889968541672045	-0.17834815696948733
973.7737737737738	-0.1678686550540418	-0.16911491014222838
974.7747747747749	-0.16561381430111682	-0.17513822643953608
975.7757757757759	-0.17365673727882444	-0.17188428397016425
976.7767767767768	-0.17289508471614445	-0.16917499884416184
977.7777777777779	-0.17233434903013467	-0.17185204529751388
978.7787787787787	-0.16078715474656924	-0.17148461685704053
979.7797797797798	-0.1665150815936417	-0.1719164907602919
980.7807807807809	-0.17191323557512722	-0.1727919995080489
981.7817817817819	-0.16814045415879902	-0.17169304323660883
982.7827827827829	-0.16796427100938446	-0.17117526365624386
983.7837837837839	-0.16241465480878103	-0.1702159239650301
984.7847847847848	-0.16539141091555362	-0.17530367799674584
985.7857857857858	-0.16681479781521766	-0.17714175369585264
986.7867867867868	-0.1655117394933075	-0.17445821068594092
987.7877877877878	-0.16891713787789953	-0.17088842911259639
988.7887887887888	-0.16933073676501553	-0.16545484690353943
989.7897897897898	-0.1671650498999518	-0.16436231568604068
990.7907907907908	-0.15911669908501935	-0.16915033268973415
991.7917917917918	-0.16557406772955968	-0.16825976489378996
992.7927927927927	-0.1598074803333076	-0.1643698837709811
993.7937937937937	-0.16473831014252316	-0.17000862332545413
994.7947947947947	-0.1610708583914142	-0.1659478955505546
995.7957957957957	-0.16567722139293217	-0.16671921182160276
996.7967967967967	-0.16845416654095013	-0.16548919228929268
997.7977977977979	-0.16407229021812486	-0.16500148458848907
998.7987987987989	-0.16197423223010654	-0.1586117902486066
999.7997997997999	-0.16587700123779708	-0.15963339380668812
1000.800800800801	-0.15917793206118053	-0.16187321966661772
1001.8018018018016	-0.1704544048095364	-0.16528618617997076
1002.8028028028028	-0.17313252611472935	-0.17061016281181612
1003.8038038038039	-0.16344812294687172	-0.1612684170213004
1004.8048048048049	-0.16858949798594466	-0.16764197551080112
1005.8058058058059	-0.1709603693389381	-0.16430965126801067
1006.8068068068069	-0.1713095072618646	-0.15956467517565948
1007.8078078078079	-0.1731293562500899	-0.16289165374452838
1008.8088088088089	-0.16670525299432098	-0.16884734040672134
1009.8098098098098	-0.1688687791719217	-0.1662626992669883
1010.8108108108108	-0.1650519708724837	-0.1678407640422721
1011.8118118118119	-0.16363610294958197	-0.16371458695662786
1012.8128128128129	-0.17585896851335556	-0.16769149081276025
1013.8138138138141	-0.17784743361809724	-0.1639627371707985
1014.8148148148148	-0.16956492781172458	-0.17335601808738973
1015.8158158158159	-0.17348274329339827	-0.1625210481488636
1016.8168168168169	-0.17465798004507346	-0.16247912412001253
1017.8178178178179	-0.1721323990955863	-0.16426347529983495
1018.8188188188191	-0.16039183348166952	-0.16566432563094657
1019.81981981982	-0.16576418451207994	-0.1657792941846694
1020.820820820821	-0.165097081152542	-0.16779780505621789
1021.821821821822	-0.16154775395703935	-0.16768713134207236
1022.822822822823	-0.164443974700936	-0.17107425346714245
1023.823823823824	-0.1689128710198589	-0.1671478334680136
1024.8248248248249	-0.1713686282986816	-0.14594848350869796
1025.8258258258259	-0.170068757370431	-0.1510605400279252
1026.8268268268268	-0.16607144250774727	-0.1299419254722
1027.8278278278278	-0.1686485868825152	-0.1332939349683905
1028.828828828829	-0.1665913759969539	-0.12384504828308139
1029.82982982983	-0.17469986638143775	-0.14862661692755177
1030.830830830831	-0.16785790002723572	-0.14518233704368383
1031.8318318318322	-0.17109462941923761	-0.15468550626784117
1032.8328328328328	-0.17461710963230517	-0.14283877921554491
1033.833833833834	-0.16991186392806573	-0.13068031357398144
1034.834834834835	-0.1673358073548427	-0.13266660176791623
1035.835835835836	-0.16880862669410515	-0.15557385689123654
1036.8368368368372	-0.1660961413996055	-0.15566623123915663
1037.8378378378377	-0.1709786416244115	-0.15823157139005456
1038.838838838839	-0.16672459440841392	-0.16131895256962733
1039.83983983984	-0.16595649739972884	-0.1651250296645484
1040.8408408408409	-0.15903075114939205	-0.16611123019030805
1041.841841841842	-0.16247158909981396	-0.16821894544051644
1042.8428428428426	-0.16229433519049388	-0.18044939200458865
1043.8438438438438	-0.16125767683480435	-0.1690235717193514
1044.8448448448448	-0.17118380891316531	-0.16882804559793596
1045.8458458458458	-0.1657201606435035	-0.16525939337715254
1046.846846846847	-0.1655729873714371	-0.16526152655679482
1047.8478478478476	-0.16830164929866384	-0.16438811900067674
1048.8488488488488	-0.1635351305652543	-0.17124189107768845
1049.8498498498498	-0.17429915467070886	-0.16137916017910242
1050.850850850851	-0.16219337604048648	-0.1652002411478703
1051.851851851852	-0.16986894274342176	-0.1646071997914436
1052.852852852853	-0.17111940674922538	-0.16427848600319123
1053.853853853854	-0.16746907662249627	-0.16495311295549991
1054.854854854855	-0.16668273842018952	-0.16878824055092512
1055.855855855856	-0.15913717872915814	-0.1781890617544599
1056.856856856857	-0.16996781139324596	-0.15755366267218912
1057.8578578578579	-0.16249632226928085	-0.16596935426894183
1058.858858858859	-0.1744194659261709	-0.16536133516866636
1059.85985985986	-0.1666074864849354	-0.16755390788974472
1060.860860860861	-0.1699806736567794	-0.16912986684216522
1061.861861861862	-0.16161332434650055	-0.16414316388010056
1062.862862862863	-0.1672800156042396	-0.1636414738495895
1063.863863863864	-0.16535602574647398	-0.1639347281104523
1064.864864864865	-0.1711463081501503	-0.16117712827652514
1065.865865865866	-0.17162865354602388	-0.15549107337792129
1066.866866866867	-0.16139958217431977	-0.15432442038573485
1067.867867867868	-0.1642796839442091	-0.16261661877090433
1068.868868868869	-0.15989670945888265	-0.1620365495101778
1069.86986986987	-0.16745733922230727	-0.16436985657056175
1070.870870870871	-0.15747107678841354	-0.16792775788126754
1071.871871871872	-0.16736069195592074	-0.15908231761489214
1072.872872872873	-0.17564319309728255	-0.16629812990522239
1073.873873873874	-0.16959075652004568	-0.17051673491829009
1074.8748748748749	-0.17022889062494667	-0.17011925381993362
1075.8758758758759	-0.1730519869202493	-0.16958642296850798
1076.8768768768768	-0.1747826035955413	-0.17123008455507704
1077.8778778778778	-0.17273721867035804	-0.16896129932319562
1078.8788788788788	-0.17082826721534666	-0.17270610346818263
1079.8798798798798	-0.1744281035268534	-0.16879575649490075
1080.8808808808808	-0.16782356806800747	-0.17129125799803044
1081.881881881882	-0.16767212474501128	-0.16358884516292443
1082.882882882883	-0.16865288470707163	-0.16743791142097134
1083.883883883884	-0.16879254262733506	-0.17468922375880203
1084.884884884885	-0.17363639601295067	-0.1631011743375026
1085.885885885886	-0.17346019582100466	-0.16911588825749962
1086.886886886887	-0.16214398580370723	-0.16792774990454565
1087.887887887888	-0.16356416461949008	-0.1610987083374256
1088.888888888889	-0.16225789972005264	-0.1638552752687707
1089.8898898898901	-0.1585893210978347	-0.16375965818304047
1090.8908908908913	-0.16983034431809063	-0.1646018673139367
1091.8918918918919	-0.15341997125630608	-0.15989661571842567
1092.892892892893	-0.16851012977499347	-0.16106865262098646
1093.893893893894	-0.16263283074338847	-0.16620033662008565
1094.894894894895	-0.15527091150592398	-0.16852614123053666
1095.8958958958963	-0.15928650597739374	-0.16480062108852522
1096.8968968968968	-0.1609204744253505	-0.17192403271452456
1097.897897897898	-0.15922848099848685	-0.16538398129478254
1098.898898898899	-0.1586365905522987	-0.1628422687105115
1099.8998998999	-0.1587032041060013	-0.17226886486025877
1100.9009009009012	-0.16610263450677193	-0.1711333925764233
1101.9019019019017	-0.16312157323202012	-0.16442141677389302
1102.902902902903	-0.16343739477464686	-0.1654741846356745
1103.903903903904	-0.16523783580280607	-0.16992374802831267
1104.904904904905	-0.16158429339040836	-0.16244584457219555
1105.9059059059061	-0.1678096201437936	-0.16394549553550708
1106.9069069069067	-0.15988697446682887	-0.16305170056828094
1107.9079079079079	-0.16008357600413642	-0.16882905713073718
1108.9089089089089	-0.15765574010414818	-0.16652156680674898
1109.9099099099099	-0.15641712154618262	-0.16402071296685675
1110.910910910911	-0.16440529730819334	-0.16536888183854576
1111.9119119119116	-0.15946048220090883	-0.1627605838399497
1112.912912912913	-0.15339416423473243	-0.16082369828255152
1113.913913913914	-0.16154024989462618	-0.16550316070912105
1114.914914914915	-0.15983864459353386	-0.16442247269828764
1115.915915915916	-0.16072918183719348	-0.16711564547176483
1116.916916916917	-0.16308287772989516	-0.175471238412912
1117.917917917918	-0.15855597173406016	-0.1737051508541843
1118.918918918919	-0.16325587073119935	-0.16680412657121294
1119.91991991992	-0.16258874842752358	-0.17475684422983317
1120.9209209209212	-0.1692813160629051	-0.17481484706181744
1121.9219219219221	-0.16243077960892519	-0.18105736165333494
1122.9229229229231	-0.1657964607515704	-0.16959074937511082
1123.9239239239241	-0.1630818028487767	-0.17190253043090656
1124.924924924925	-0.163994934266611	-0.1653678231385219
1125.925925925926	-0.15856347678007868	-0.17362892428744048
1126.926926926927	-0.17018906998565198	-0.16917826166691663
1127.927927927928	-0.1671220852778135	-0.167981548395145
1128.928928928929	-0.16031773004558902	-0.17666261023630392
1129.92992992993	-0.15842057658157854	-0.17417994446978002
1130.930930930931	-0.16656562386101467	-0.16573412262613957
1131.931931931932	-0.16885700756696728	-0.15934232652331431
1132.932932932933	-0.16227930183757205	-0.16589207091005204
1133.933933933934	-0.1586590759213308	-0.1652947844377878
1134.934934934935	-0.15625921125339398	-0.1672929100731163
1135.935935935936	-0.1710528055723347	-0.1649402907858875
1136.936936936937	-0.16302380244837075	-0.16153489237702495
1137.937937937938	-0.1690654505083864	-0.16554077573235199
1138.938938938939	-0.16682023965096288	-0.16637331704267713
1139.93993993994	-0.16273811194974985	-0.16793099452880525
1140.940940940941	-0.1593165456821789	-0.16763234726147472
1141.9419419419419	-0.15601750393604488	-0.1653033603623754
1142.9429429429429	-0.16544624172257993	-0.16435588693996767
1143.943943943944	-0.1650594989466022	-0.17061341771042496
1144.944944944945	-0.16362102286735725	-0.1635287467964765
1145.945945945946	-0.1579908503980284	-0.1726040556798519
1146.946946946947	-0.15852689693186517	-0.1657255583818377
1147.947947947948	-0.1636886980827345	-0.16805882292179763
1148.948948948949	-0.15769971942635352	-0.1712783669490296
1149.94994994995	-0.1610932941006899	-0.1684294706902128
1150.950950950951	-0.16490583005561305	-0.16720161948811174
1151.9519519519522	-0.1701170578997419	-0.1668041588273897
1152.9529529529532	-0.16844767943361988	-0.16839404250940457
1153.9539539539542	-0.15663195687942377	-0.1699753433669506
1154.9549549549554	-0.1676892991707067	-0.17165116164562283
1155.955955955956	-0.15955612107738215	-0.16529484444267853
1156.9569569569571	-0.16352225149216876	-0.1656976827809737
1157.9579579579581	-0.16091501039946102	-0.16753680179470462
1158.958958958959	-0.16357701339927844	-0.16307114824403904
1159.9599599599603	-0.1621837163639375	-0.1717887585570061
1160.9609609609608	-0.17087125140754425	-0.17088094597957912
1161.961961961962	-0.16197753154059819	-0.16870879581112813
1162.962962962963	-0.1745903662291238	-0.16939096130658648
1163.963963963964	-0.16934904124954994	-0.16998181147037292
1164.9649649649652	-0.15989988138866765	-0.17548953221226762
1165.9659659659658	-0.16072385060355238	-0.16580075841982814
1166.966966966967	-0.1446722772362833	-0.17374810798856374
1167.967967967968	-0.1541568962784117	-0.16445472779879555
1168.968968968969	-0.15920054528717686	-0.16557091258740123
1169.9699699699702	-0.16666121708151732	-0.16519275579060372
1170.9709709709707	-0.16616489827278316	-0.16685673715882393
1171.971971971972	-0.16245767299338948	-0.17392858957045512
1172.972972972973	-0.1736514076679391	-0.1633793868849907
1173.973973973974	-0.16552249808303304	-0.16444398853878298
1174.974974974975	-0.1724074111273965	-0.17614480878870314
1175.975975975976	-0.15963556425202105	-0.15975698817128067
1176.976976976977	-0.15783834685452733	-0.16855303655399106
1177.977977977978	-0.1665194080328986	-0.16968635681721433
1178.978978978979	-0.16089138472475442	-0.16981633402300508
1179.97997997998	-0.16394765128946492	-0.16743795756300034
1180.980980980981	-0.15997286933774157	-0.1658910365747098
1181.981981981982	-0.16323751890696234	-0.1689633890956036
1182.9829829829832	-0.16443639576957397	-0.16542052752196743
1183.9839839839842	-0.15389149565087692	-0.16461164993416139
1184.9849849849852	-0.15904685216746067	-0.16530342460089933
1185.9859859859862	-0.1688043235034622	-0.16402286020989126
1186.9869869869872	-0.16444930686140297	-0.16436878819043982
1187.9879879879882	-0.1701751226021151	-0.16155854489124838
1188.9889889889891	-0.1745258659668557	-0.1627455666990655
1189.9899899899901	-0.16193445332023754	-0.16348357888690865
1190.9909909909911	-0.16313871509538164	-0.17177256766409835
1191.991991991992	-0.16121687161669854	-0.16425383875934169
1192.992992992993	-0.15446084820978043	-0.1681265656236245
1193.993993993994	-0.17235905361905324	-0.17120752394966648
1194.994994994995	-0.16679224777619667	-0.16741862930887408
1195.995995995996	-0.16536134900090954	-0.17242140467637201
1196.996996996997	-0.16354156576474976	-0.16968631574453996
1197.997997997998	-0.16258438191887672	-0.16225998587669688
1198.998998998999	-0.16201502109169005	-0.1698098782863079
1200.0	-0.15723295718430996	-0.16619340502824848
1203.0050083472454	-0.15868377722771324	-0.17006775116783024
1206.0100166944906	-0.1550291332981266	-0.16993132849320905
1209.0150250417362	-0.1622438522430487	-0.16900422094904743
1212.0200333889816	-0.15683066421389802	-0.17058443026982306
1215.025041736227	-0.15522356923070435	-0.1674980547910135
1218.0300500834724	-0.1573054779751074	-0.16606928656454464
1221.0350584307178	-0.15916823840674205	-0.16593289469896627
1224.0400667779634	-0.15514836629729326	-0.17309173728727578
1227.0450751252088	-0.16124156288219105	-0.16843810121023198
1230.0500834724542	-0.16259945722040892	-0.16554723419750195
1233.0550918196996	-0.1573076363113627	-0.16209886394301581
1236.060100166945	-0.159841807531322	-0.16226868697607882
1239.0651085141903	-0.16103852052188963	-0.1587150530698393
1242.0701168614357	-0.16287767510270482	-0.16617035883457054
1245.0751252086811	-0.16204511861340976	-0.16200227534595524
1248.0801335559265	-0.15212435321101364	-0.1595863075701649
1251.0851419031721	-0.15243482034821632	-0.15885686135386795
1254.0901502504173	-0.15420304538524038	-0.1658674531154861
1257.0951585976627	-0.15687472911836683	-0.16659468990120463
1260.100166944908	-0.16119322724594118	-0.16335042221797536
1263.1051752921533	-0.15971936599028488	-0.16950588674965622
1266.110183639399	-0.16059814811391043	-0.1632805567197982
1269.1151919866445	-0.16037252411440664	-0.16254469028227758
1272.12020033389	-0.1591274549920005	-0.16659032531601153
1275.1252086811353	-0.1532383645569078	-0.1604853278293472
1278.1302170283807	-0.15473162393172718	-0.16168309801707567
1281.135225375626	-0.1579458062973837	-0.168620651903084
1284.1402337228715	-0.1593617008881693	-0.17296391885526063
1287.1452420701169	-0.16292070227368854	-0.16434196898132325
1290.1502504173623	-0.15428579503509265	-0.16558598641956193
1293.1552587646077	-0.16475547873520863	-0.15833150936455215
1296.160267111853	-0.1644417972032612	-0.1409392676147336
1299.1652754590984	-0.16026832459202567	-0.15706066284235945
1302.1702838063438	-0.162141839306145	-0.15703804155672157
1305.1752921535892	-0.16438485033028186	-0.14458310764035281
1308.1803005008348	-0.16473502846059623	-0.15259278852194783
1311.1853088480802	-0.16484677080229185	-0.14761038261069576
1314.1903171953256	-0.1601877372651508	-0.1491154219849099
1317.1953255425708	-0.15867197614856357	-0.16464165889801885
1320.2003338898164	-0.15824976433133786	-0.1598085454102217
1323.2053422370618	-0.16660209649270133	-0.15835720503532308
1326.2103505843072	-0.16828869166197566	-0.1503067172190346
1329.2153589315526	-0.161459633572945	-0.1513906345155378
1332.220367278798	-0.16211278701033244	-0.14772206134297855
1335.2253756260434	-0.16443535602907583	-0.14311134769095624
1338.2303839732888	-0.16483927122367706	-0.1567726477101888
1341.2353923205342	-0.1651776879963352	-0.16409050628640437
1344.2404006677796	-0.16677082947859712	-0.1617819373688159
1347.245409015025	-0.16963478999796447	-0.16902031382020677
1350.2504173622704	-0.17101096248801423	-0.16364797743502402
1353.2554257095157	-0.1705328521053952	-0.15825201171152067
1356.2604340567614	-0.16228466263410216	-0.15971511969975283
1359.2654424040068	-0.16148111641521726	-0.1588116524915275
1362.2704507512524	-0.15745803220046473	-0.14807875893427808
1365.2754590984975	-0.16141239332114252	-0.14976531519495978
1368.280467445743	-0.16016304382583052	-0.14194474798105586
1371.2854757929883	-0.1607646113989341	-0.1546682310013165
1374.2904841402335	-0.15822938910580148	-0.15625060672992383
1377.2954924874791	-0.16005453471818332	-0.16432149519076267
1380.3005008347245	-0.15777606768508734	-0.15970864845386523
1383.30550918197	-0.15056778526343148	-0.15586389035932294
1386.3105175292155	-0.15065909710976463	-0.15265185656084582
1389.3155258764607	-0.15925315886266356	-0.1514228924165854
1392.320534223706	-0.16526577388808508	-0.15425998816429315
1395.3255425709515	-0.15821543521467374	-0.15266147686862774
1398.3305509181966	-0.15321375413567126	-0.15253043239985398
1401.3355592654425	-0.15157975619387118	-0.16000940771266273
1404.340567612688	-0.15779434996247405	-0.1585731519507035
1407.3455759599335	-0.15679851925360544	-0.14147634469754727
1410.3505843071787	-0.15811125041210514	-0.15089757623495087
1413.355592654424	-0.16103213655861395	-0.1468744997962669
1416.3606010016695	-0.1683446298792034	-0.14984592621878062
1419.3656093489146	-0.16389400572012186	-0.14981156206913115
1422.3706176961603	-0.16100104210361643	-0.1462407060720038
1425.3756260434056	-0.1511962313514425	-0.14899187144800918
1428.380634390651	-0.15784482414707074	-0.1450923527970093
1431.3856427378967	-0.14933562381924181	-0.1402323886193369
1434.3906510851418	-0.15810905597551614	-0.14441125441566374
1437.3956594323872	-0.15234243488697638	-0.1445111935837496
1440.4006677796326	-0.1573216230050739	-0.1469132298054512
1443.4056761268778	-0.169147062026324	-0.1520406645660931
1446.4106844741236	-0.16011682451593406	-0.1471012204843318
1449.415692821369	-0.16772042929749556	-0.14788753073672495
1452.4207011686146	-0.16229436502549255	-0.14097894914648756
1455.4257095158598	-0.14913363425632908	-0.13911298383104606
1458.4307178631052	-0.1490895855237246	-0.14529213195897556
1461.4357262103506	-0.15186975437666037	-0.14434138349939662
1464.4407345575958	-0.15824975206250616	-0.1456004250165301
1467.4457429048414	-0.15586603398111398	-0.1588277714246321
1470.4507512520868	-0.16246305537216693	-0.15668248752196362
1473.4557595993322	-0.15672006137849542	-0.14921853087385106
1476.4607679465778	-0.16298188320123536	-0.15525371834554788
1479.465776293823	-0.15781042715757934	-0.15662016214130292
1482.4707846410683	-0.15738932647194961	-0.1666150366530533
1485.4757929883137	-0.15355636101422304	-0.16661615555780224
1488.480801335559	-0.15899101958845174	-0.1646534882794622
1491.4858096828048	-0.15384532612036078	-0.1692308922980836
1494.4908180300501	-0.1595539164016549	-0.16620473269918798
1497.4958263772958	-0.15947016246972198	-0.15941326229356134
1500.500834724541	-0.15706490622447006	-0.1628422910829199
1503.5058430717863	-0.1545242912951877	-0.1584689757673913
1506.5108514190317	-0.15577041382464035	-0.1589083390005822
1509.515859766277	-0.15539225305986626	-0.16174328214711037
1512.5208681135225	-0.15929822593416082	-0.1620075211676777
1515.525876460768	-0.15584557250345998	-0.16131570895038366
1518.5308848080133	-0.15647508090060616	-0.16045313322485874
1521.535893155259	-0.15374114502637076	-0.16134156490842574
1524.5409015025043	-0.1581402777974691	-0.16881301732511056
1527.5459098497495	-0.1598644472756335	-0.159369214430842
1530.5509181969949	-0.16393800973540829	-0.16378444979126294
1533.55592654424	-0.16038433993691734	-0.1589653272651986
1536.5609348914859	-0.15668140486832843	-0.15285605344292935
1539.5659432387313	-0.15873216217040736	-0.15249079720438385
1542.570951585977	-0.15359718419659862	-0.15389699457961387
1545.575959933222	-0.14839562611214133	-0.15441048657725215
1548.5809682804675	-0.15537186398284022	-0.1596281780040369
1551.5859766277129	-0.15596267964146174	-0.14574762067158847
1554.590984974958	-0.15989231641147944	-0.14383542053930076
1557.5959933222036	-0.15261317732458377	-0.15693172303319675
1560.601001669449	-0.16170571049288363	-0.15108667530241282
1563.6060100166944	-0.15430729623572306	-0.14277403088287854
1566.61101836394	-0.1536326765764561	-0.14647058660792356
1569.6160267111854	-0.16480922585645738	-0.14424792950151524
1572.6210350584306	-0.16399492470692287	-0.1473697013004296
1575.626043405676	-0.16725529593497845	-0.14632231598304055
1578.6310517529212	-0.1619795934317061	-0.14814961593093076
1581.636060100167	-0.1554921504714903	-0.1531556636238989
1584.6410684474124	-0.16332028338236732	-0.15091802293755613
1587.646076794658	-0.166080076286228	-0.1502895771119963
1590.6510851419032	-0.1514551555234378	-0.1456068593430379
1593.6560934891486	-0.15547497314264017	-0.14829684307216748
1596.661101836394	-0.1549647317005038	-0.1556114544832567
1599.6661101836391	-0.1569661273191447	-0.14675525611214515
1602.6711185308848	-0.16013624894758835	-0.14420927966954994
1605.6761268781302	-0.1664206081742917	-0.14702921403013375
1608.6811352253756	-0.16363292204847146	-0.16403896745155458
1611.6861435726212	-0.15524839342757013	-0.15635908458675446
1614.6911519198666	-0.15685009673278066	-0.16471790358584776
1617.6961602671117	-0.15792540774410574	-0.16154562823463914
1620.7011686143571	-0.15812412077023869	-0.16461370721423374
1623.7061769616028	-0.15699830328092465	-0.16411310671578744
1626.7111853088481	-0.15056993645561167	-0.17027934929250593
1629.7161936560935	-0.15148739221347152	-0.16181096458330488
1632.7212020033392	-0.15275824798491866	-0.16101063465134466
1635.7262103505843	-0.1557317444447936	-0.15604003466315336
1638.7312186978297	-0.15070746835159884	-0.16140915572856873
1641.736227045075	-0.14783278357145016	-0.16189149786996762
1644.7412353923203	-0.1586344589046438	-0.15525691529545904
1647.746243739566	-0.1563569728758766	-0.16430537486558114
1650.7512520868113	-0.14949136451788814	-0.16258226925133235
1653.7562604340567	-0.14973843307134604	-0.16139414430352983
1656.7612687813023	-0.15161517128322832	-0.1651228960369972
1659.7662771285477	-0.15419017260261766	-0.1606819347711282
1662.7712854757929	-0.15272381815056657	-0.16029949821049982
1665.7762938230383	-0.15509037435951156	-0.16127814011418512
1668.7813021702839	-0.15152277986838805	-0.15999546829885353
1671.7863105175293	-0.1545951577792433	-0.16363286968753654
1674.7913188647747	-0.1585870979136189	-0.1644020395439307
1677.7963272120203	-0.15292039359481546	-0.15530527011224157
1680.8013355592655	-0.15190413097494906	-0.16087532516029807
1683.8063439065108	-0.14908743061322016	-0.15703703319670845
1686.8113522537562	-0.1519385101817421	-0.15598000925385286
1689.8163606010014	-0.15693810402276717	-0.14428239905493548
1692.821368948247	-0.1557070286961595	-0.14538671897787728
1695.8263772954924	-0.1541590852002288	-0.1458711978632719
1698.8313856427378	-0.15444693392934594	-0.147754356452012
1701.8363939899834	-0.1509899823132656	-0.14419318248834828
1704.8414023372288	-0.1510447859992805	-0.16017807685821728
1707.846410684474	-0.1530772708301401	-0.16113739257702592
1710.8514190317194	-0.14640397699224422	-0.15419123366795026
1713.8564273789646	-0.15712076237861552	-0.16296790942492492
1716.8614357262104	-0.14940866457465576	-0.1607796429323275
1719.8664440734558	-0.15901682602643508	-0.1530406846257634
1722.8714524207014	-0.1483311878392029	-0.15996216080779688
1725.8764607679466	-0.15609377921820405	-0.15511081930042395
1728.881469115192	-0.16148116888645012	-0.16615310031785227
1731.8864774624374	-0.15162162489487685	-0.15940140347167978
1734.8914858096825	-0.15824978276362492	-0.16523140115109286
1737.8964941569277	-0.15349403999060515	-0.16321609288538477
1740.9015025041735	-0.1532931611715852	-0.16326658028804641
1743.9065108514194	-0.1548368549513449	-0.16061959752593583
1746.9115191986646	-0.1517139838683309	-0.16164660544913023
1749.9165275459102	-0.15546103382856108	-0.16504016295172116
1752.9215358931554	-0.14066956150185203	-0.15894698219514297
1755.9265442404005	-0.15551150743899883	-0.16260157690503918
1758.9315525876457	-0.15322011345673534	-0.1602672155960253
1761.9365609348915	-0.15397854619973417	-0.16003411371920406
1764.941569282137	-0.15465105500854306	-0.16061743167386355
1767.9465776293825	-0.1502734497715356	-0.15939492079617426
1770.9515859766277	-0.15672648817362664	-0.16843800592939911
1773.9565943238729	-0.15192989853765917	-0.16801478738342746
1776.9616026711185	-0.15218019293832896	-0.16169601443057924
1779.9666110183637	-0.15446839660079953	-0.16043590255443138
1782.9716193656095	-0.15295479034489148	-0.15845281608049164
1785.9766277128547	-0.15528269840336362	-0.15451252812681857
1788.9816360601005	-0.1621891063592585	-0.1588558004676676
1791.9866444073457	-0.1566083359053471	-0.16097848137328516
1794.991652754591	-0.16647107070298595	-0.15374335352723723
1797.9966611018363	-0.1530439334091916	-0.15557288442805028
1801.0016694490816	-0.1558670626624328	-0.16138665856273768
1804.0066777963268	-0.15561677226213963	-0.16338265354310186
1807.0116861435727	-0.15464780673118483	-0.16653777755291024
1810.0166944908178	-0.1599717960023733	-0.16332569723640755
1813.0217028380637	-0.155965904486201	-0.15789967023032309
1816.0267111853088	-0.15922842930852776	-0.15993212944650934
1819.0317195325542	-0.16471254760941895	-0.1622395823036911
1822.0367278797996	-0.15850231757950395	-0.15332968375474226
1825.0417362270448	-0.16365019208083675	-0.15908019275970173
1828.0467445742906	-0.162101009438782	-0.1626101981003272
1831.0517529215358	-0.15215878457372584	-0.15771478017161641
1834.0567612687817	-0.15298810292633644	-0.1570230050953661
1837.0617696160268	-0.15666956411628297	-0.15411391406627017
1840.0667779632722	-0.1564762062603545	-0.15183968326355352
1843.0717863105174	-0.1516861158449293	-0.15644823660307397
1846.0767946577628	-0.1532062492322398	-0.15538582038293022
1849.081803005008	-0.15182045461885418	-0.1510684136207824
1852.0868113522538	-0.15251541719684872	-0.15355422444650998
1855.0918196994992	-0.14854280642099144	-0.16298836611494616
1858.0968280467448	-0.14636313561436676	-0.15903940959962676
1861.10183639399	-0.14638998043480583	-0.1629250304773466
1864.1068447412356	-0.14696148107621154	-0.16020068147258917
1867.1118530884808	-0.1469228022155979	-0.16404326760829535
1870.116861435726	-0.15443511341289098	-0.16172393273745464
1873.1218697829718	-0.16541723972445704	-0.1656890031521428
1876.126878130217	-0.15356714269479793	-0.1638552487906436
1879.1318864774628	-0.15129935283151955	-0.155039921060346
1882.136894824708	-0.15397424306689728	-0.1598966348572959
1885.1419031719531	-0.14860618382642957	-0.15687688232796507
1888.1469115191983	-0.15672544363224644	-0.15314061004524665
1891.151919866444	-0.15228449264060595	-0.15346826142211217
1894.1569282136895	-0.15850868796871148	-0.15395704578785513
1897.161936560935	-0.15886426473293902	-0.15751820580061096
1900.1669449081808	-0.15702947891185004	-0.16725099055896492
1903.171953255426	-0.15983438787524357	-0.16224926647519367
1906.176961602671	-0.15026380681059023	-0.1610267724266851
1909.1819699499165	-0.154348138439358	-0.15548255508963688
1912.1869782971619	-0.1579060646703097	-0.16849612401535854
1915.191986644407	-0.1574033105239464	-0.16016633044313197
1918.196994991653	-0.16393261893498423	-0.15889655289442053
1921.202003338898	-0.15334044651337614	-0.16141997460356175
1924.207011686144	-0.15585955991762723	-0.16056920603405608
1927.212020033389	-0.15249717980211014	-0.162872328990915
1930.2170283806345	-0.15351984721413764	-0.15976770920201658
1933.2220367278796	-0.1538603941682303	-0.1565460872244167
1936.227045075125	-0.15086536434615622	-0.1597763635285795
1939.2320534223709	-0.1554115972058253	-0.15478213033049995
1942.237061769616	-0.15234028944210448	-0.16092797726389985
1945.2420701168614	-0.1573409999788463	-0.15628075517893789
1948.247078464107	-0.15990530992823385	-0.15317499230795822
1951.2520868113522	-0.15962701943105023	-0.1509168902829756
1954.2570951585976	-0.1555050656401803	-0.15717663858669756
1957.262103505843	-0.14957304896622564	-0.1508803934997719
1960.2671118530882	-0.14999308239325015	-0.15175693815136124
1963.272120200334	-0.15803601739399706	-0.1543222633708051
1966.2771285475792	-0.1602661954913968	-0.15488840787292768
1969.282136894825	-0.15715308046329732	-0.1588406325035213
1972.2871452420702	-0.15197409018677027	-0.15747635610800656
1975.2921535893158	-0.15769546777156143	-0.16406906851735475
1978.297161936561	-0.15419555571732363	-0.16156500051271744
1981.3021702838062	-0.1531019871994752	-0.1517913582780074
1984.3071786310518	-0.15740325200582583	-0.15253580473027994
1987.3121869782972	-0.156192578135473	-0.15062577483549694
1990.3171953255426	-0.15829383966203694	-0.1487339950848965
1993.3222036727882	-0.1568564909970428	-0.15603679224086073
1996.3272120200334	-0.15921127756681946	-0.15998146700003002
1999.3322203672785	-0.15224040602219174	-0.157298018836005
2002.3372287145241	-0.15683504085418754	-0.15663950182251557
2005.3422370617693	-0.1560583031876127	-0.1625210550183202
2008.3472454090152	-0.149511795040197	-0.15184618945670045
2011.3522537562603	-0.1559885114103406	-0.15327178391261456
2014.3572621035062	-0.15089009658255897	-0.1565073879796498
2017.3622704507513	-0.14790686555174745	-0.16310330485462046
2020.3672787979967	-0.15482501595976045	-0.15445875528734576
2023.372287145242	-0.14920130330622833	-0.15491099469554803
2026.3772954924873	-0.15426428090908278	-0.15270876538549633
2029.382303839733	-0.14601293824755188	-0.15467680919412902
2032.3873121869783	-0.1465726172249344	-0.15336726098413236
2035.3923205342235	-0.14895640425373738	-0.1533726245599207
2038.3973288814693	-0.14559717990257878	-0.16015441626965435
2041.4023372287145	-0.14843322903330686	-0.1571143145208714
2044.4073455759599	-0.1472311420428718	-0.15744948234732395
2047.4123539232053	-0.14136676546125795	-0.15625172121171008
2050.4173622704507	-0.148474024928349	-0.1553353391584028
2053.4223706176963	-0.16717041037123384	-0.1604562960776161
2056.4273789649415	-0.14855783782667462	-0.15775994147923078
2059.432387312187	-0.15751711872316193	-0.15777927587888116
2062.4373956594322	-0.14901117765005728	-0.15318685820476394
2065.442404006678	-0.14857183473569147	-0.15839157834575548
2068.447412353923	-0.15806826739347507	-0.15572417914248854
2071.4524207011686	-0.16154994454777916	-0.15209533309870435
2074.4574290484143	-0.15291183232236527	-0.15955712090487972
2077.4624373956594	-0.1521555576106136	-0.1582690904837713
2080.4674457429046	-0.14561332529671034	-0.1566598650764635
2083.47245409015	-0.1482001628610336	-0.16044667065182697
2086.4774624373963	-0.14930556810137957	-0.1567576696000271
2089.4824707846415	-0.149982312880035	-0.15770835295516208
2092.4874791318866	-0.15133906940711628	-0.14906377887930888
2095.492487479132	-0.14842570320296672	-0.1518235512287557
2098.4974958263774	-0.14561761295953363	-0.15499261089258135
2101.5025041736226	-0.1530557582721509	-0.15299665962722286
2104.507512520868	-0.14574221127940537	-0.1679718103592333
2107.5125208681134	-0.15347687699645324	-0.15976342985461808
2110.5175292153585	-0.14520402513768377	-0.15787377002275882
2113.5225375626037	-0.15056565965212698	-0.15368527251335076
2116.52754590985	-0.15033144484513747	-0.15856992118078025
2119.5325542570954	-0.15032177844937147	-0.15836690724320754
2122.5375626043406	-0.14935063516565256	-0.1562312856788359
2125.5425709515857	-0.1471022123709404	-0.1551172631586747
2128.5475792988314	-0.14595704656846453	-0.1541966070154567
2131.552587646077	-0.139733898662566	-0.154355628461623
2134.557595993322	-0.15008974212689796	-0.15228016028910993
2137.5626043405678	-0.1515969332802023	-0.15736353469291542
2140.567612687813	-0.15648265967548083	-0.156768362705749
2143.5726210350585	-0.14983619012928062	-0.151298268049258
2146.5776293823037	-0.14943120638292634	-0.15450065591155385
2149.5826377295493	-0.14458735916984472	-0.1566416211044359
2152.5876460767945	-0.15285054011971128	-0.15341991699736565
2155.59265442404	-0.1528720505919923	-0.16027800283484886
2158.5976627712853	-0.1437978105904521	-0.15084389935519998
2161.602671118531	-0.1548723073344398	-0.1509641983868386
2164.6076794657765	-0.14774245363154193	-0.14930662810559933
2167.6126878130217	-0.15997288334490803	-0.15863009722575988
2170.617696160267	-0.15712074009465682	-0.15296121834976162
2173.6227045075125	-0.1478101329665767	-0.14787140333050702
2176.627712854758	-0.14205104174894478	-0.14951825264811125
2179.6327212020033	-0.1537443276124431	-0.15028204404238305
2182.637729549249	-0.1506537062891667	-0.15448881656476338
2185.642737896494	-0.1522081364464291	-0.15122629287719247
2188.6477462437397	-0.1389163528163252	-0.16019098262548587
2191.652754590985	-0.14272137471717136	-0.14900902598134422
2194.6577629382305	-0.14298671941937136	-0.15828414708450828
2197.6627712854756	-0.1570057728137268	-0.16024036893532997
2200.6677796327217	-0.15016598506491385	-0.15646544226013084
2203.672787979967	-0.1532877820571914	-0.1503969594830795
2206.677796327212	-0.15566083748898366	-0.16049390033993527
2209.6828046744577	-0.147929399904813	-0.15825299164642775
2212.687813021703	-0.15233706865886318	-0.1559701918428928
2215.692821368948	-0.14794012928336378	-0.15620762344978595
2218.6978297161936	-0.1563644657807109	-0.1556125080486481
2221.702838063439	-0.14665641242270136	-0.15851515885273582
2224.707846410684	-0.15492068136695847	-0.15626457180640577
2227.712854757929	-0.14883391599101276	-0.1488962501717324
2230.717863105175	-0.14720318252914727	-0.15916721793354044
2233.722871452421	-0.15082129359335011	-0.15211581010164485
2236.727879799666	-0.14365493622906042	-0.15113609344060885
2239.7328881469116	-0.15130471371119666	-0.15873969516689668
2242.737896494157	-0.14696579900675405	-0.15170542446194132
2245.7429048414024	-0.14212517864825253	-0.15877079705049812
2248.7479131886475	-0.15215764873744406	-0.15011228132783871
2251.752921535893	-0.14567559162503751	-0.16123514020392885
2254.757929883139	-0.1400733493774594	-0.15304287662592708
2257.762938230384	-0.1444563430673473	-0.15287635485296547
2260.767946577629	-0.14566379164486665	-0.1493678315310601
2263.7729549248747	-0.14434351054352237	-0.1491690786994379
2266.7779632721204	-0.14316398213801038	-0.15472946000819138
2269.7829716193655	-0.14135388822698747	-0.15498834805745582
2272.7879799666107	-0.1457272029108202	-0.15260131708181077
2275.7929883138563	-0.14995977410452946	-0.1560668729198077
2278.797996661102	-0.15535257048748138	-0.14398901644440765
2281.803005008347	-0.1502734737673115	-0.15676948204602956
2284.8080133555927	-0.15206964384887478	-0.1550947077579099
2287.8130217028383	-0.14144949192855114	-0.15931441103749633
2290.8180300500835	-0.1449515751990384	-0.15285489907375194
2293.8230383973287	-0.14880491858056866	-0.15326635495865332
2296.8280467445743	-0.1444874719387893	-0.15455112691507547
2299.83305509182	-0.1554137420771959	-0.15397962056608291
2302.838063439065	-0.14939899224730321	-0.1531717766342412
2305.8430717863102	-0.15283338920110745	-0.15393450530163524
2308.848080133556	-0.15036473730939834	-0.15531920903380977
2311.853088480802	-0.15487766395930447	-0.15868806646262457
2314.858096828047	-0.15150880885800624	-0.15357352974506683
2317.8631051752923	-0.15082237136429302	-0.15629354881593474
2320.8681135225374	-0.15141966680388566	-0.1560400215301153
2323.873121869783	-0.15345538259574634	-0.16140594471809788
2326.8781302170282	-0.1480174619686417	-0.1490412993607031
2329.883138564274	-0.14226804321890224	-0.15696718187035788
2332.888146911519	-0.15164954181092524	-0.14950106338116143
2335.893155258764	-0.15040881360382713	-0.14911646002740522
2338.8981636060093	-0.1522156972535641	-0.1489607042499405
2341.9031719532554	-0.14946237288377584	-0.16003956473627143
2344.908180300501	-0.14612037105652914	-0.15056789458607667
2347.913188647746	-0.15102540214489368	-0.14728596969421515
2350.9181969949914	-0.14454333248047507	-0.14469700134373323
2353.923205342237	-0.13854253562749558	-0.14166008279642348
2356.9282136894826	-0.1471484213849043	-0.14360662680141933
2359.933222036728	-0.15211257204269563	-0.1539441941430994
2362.938230383973	-0.15194605238939415	-0.15571884967202493
2365.943238731219	-0.15116508672607887	-0.1512198649207348
2368.948247078464	-0.14788862160930544	-0.14659950663031873
2371.9532554257094	-0.14651678760065762	-0.1573377955187874
2374.958263772955	-0.1507536672042919	-0.1542439681730257
2377.9632721202006	-0.15409675415848173	-0.14676280527349372
2380.9682804674458	-0.15988804572736418	-0.1374704496079448
2383.973288814691	-0.1497621293636808	-0.13819018571956354
2386.9782971619366	-0.14820442726116084	-0.13582469018860605
2389.983305509182	-0.14530391707438137	-0.13506517586847006
2392.9883138564273	-0.14543496892358498	-0.12038436458254648
2395.9933222036725	-0.14316828207311524	-0.11560500298100726
2398.998330550918	-0.14998557286231473	-0.1469496693387456
2402.0033388981637	-0.1491250456630343	-0.1536283472827143
2405.008347245409	-0.1434486671938396	-0.15900068501938447
2408.013355592654	-0.1477628817113964	-0.15673187327720436
2411.0183639399	-0.14845903228946253	-0.1558767484408674
2414.0233722871453	-0.1479702382421514	-0.1540365358299866
2417.0283806343905	-0.1514400677776594	-0.15335225422827214
2420.033388981636	-0.14467975006495	-0.1525927851987001
2423.038397328882	-0.14742017039585048	-0.14662636189452116
2426.0434056761273	-0.15158720867304928	-0.15095454827266774
2429.0484140233725	-0.1488886797019505	-0.14991141143396572
2432.0534223706177	-0.14805505789784387	-0.15186019781645993
2435.0584307178633	-0.14359260644089275	-0.15171188567476654
2438.0634390651085	-0.14205429702608155	-0.14928402706498942
2441.0684474123536	-0.1510490696000477	-0.15565545634362501
2444.0734557595993	-0.1468562492782714	-0.1591597093059412
2447.0784641068444	-0.13929886694515647	-0.15731199212380872
2450.0834724540896	-0.15375834547000294	-0.1564042528103164
2453.0884808013357	-0.14239159758926132	-0.15213081807657328
2456.0934891485813	-0.14935707426355815	-0.15732916334827418
2459.0984974958265	-0.14942800356848662	-0.14851919299263072
2462.1035058430716	-0.14427047678259794	-0.15446411429696835
2465.1085141903172	-0.14097572648043932	-0.15493572198511973
2468.113522537563	-0.15187835628577784	-0.15214586142225975
2471.118530884808	-0.15458225478706	-0.15491318237900104
2474.123539232053	-0.14771776941176923	-0.15419772649624874
2477.128547579299	-0.15089114676349322	-0.1523510721557379
2480.1335559265444	-0.1494806658333122	-0.1598923957773117
2483.1385642737896	-0.14801645112271133	-0.15877510736134404
2486.1435726210348	-0.15270985851291954	-0.15253257699846234
2489.1485809682804	-0.15457584610144504	-0.15266362779395737
2492.153589315526	-0.15098892889424917	-0.1499984027895926
2495.158597662771	-0.1520158835241037	-0.1487651634066984
2498.163606010017	-0.1433530748298282	-0.1605991659681662
2501.1686143572624	-0.1488930461522444	-0.1514658455481211
2504.1736227045076	-0.14494834040134946	-0.15372072469282352
2507.1786310517527	-0.15014239274660054	-0.1555480430788418
2510.1836393989984	-0.14984697604312783	-0.1548820025959461
2513.188647746244	-0.1464437206654234	-0.1517172516657867
2516.193656093489	-0.13733079863657485	-0.15378735847591296
2519.1986644407343	-0.14261719460772293	-0.15238007367947942
2522.20367278798	-0.13851464677510894	-0.14838814860147784
2525.2086811352256	-0.14735038783231924	-0.1521104766167235
2528.2136894824707	-0.1460494618987376	-0.15383467373242793
2531.218697829716	-0.14914225468348774	-0.15182365311783313
2534.2237061769615	-0.14188459421401045	-0.14827325701003727
2537.2287145242076	-0.13942990198255886	-0.14522993817679408
2540.2337228714528	-0.14511917327367865	-0.15738297342724422
2543.238731218698	-0.14662957091535794	-0.1555889626159776
2546.2437395659435	-0.14519758703915966	-0.15183224386043132
2549.2487479131887	-0.15139604553865238	-0.15329107152914787
2552.253756260434	-0.14759641163137477	-0.15155936852398497
2555.2587646076795	-0.14298461280317454	-0.14599362122187295
2558.2637729549247	-0.1403494608284954	-0.15629786229687756
2561.26878130217	-0.14213377652258152	-0.14609349016683093
2564.273789649415	-0.13522522850535898	-0.14947417152089293
2567.278797996661	-0.135281102551504	-0.14856534702846225
2570.2838063439067	-0.14094887966211397	-0.13807308320849088
2573.288814691152	-0.1440653095067713	-0.13137401750232455
2576.293823038397	-0.14789822917036088	-0.1355561099504618
2579.2988313856426	-0.14259354499837076	-0.1331970167555478
2582.3038397328883	-0.13818694618954505	-0.1344904165546989
2585.3088480801334	-0.14385042427502234	-0.13985847943970198
2588.313856427379	-0.13999062100528245	-0.14202417389548505
2591.3188647746247	-0.14195435831686393	-0.13157166366289036
2594.32387312187	-0.14694214880931641	-0.13958348322110148
2597.328881469115	-0.13543792325079657	-0.13795062552468645
2600.3338898163606	-0.1465844326664016	-0.1404450333047578
2603.3388981636062	-0.13684091506765117	-0.1361147136780962
2606.3439065108514	-0.14846224923315132	-0.1365315354486044
2609.3489148580966	-0.14648239907139504	-0.1425194479269363
2612.353923205342	-0.14745351635086001	-0.14092634637396728
2615.358931552588	-0.14591087635147154	-0.13915274491348578
2618.363939899833	-0.14686911324756335	-0.13936114009991318
2621.368948247078	-0.15122413784938646	-0.1419167720069002
2624.3739565943238	-0.14616222827896397	-0.13822562231511684
2627.3789649415694	-0.14994146016807225	-0.13115057914541486
2630.3839732888146	-0.14405561229850267	-0.13589556684230275
2633.38898163606	-0.14639855706894878	-0.1366454168242989
2636.393989983306	-0.14352602692083966	-0.13867579131870839
2639.398998330551	-0.13755637803914966	-0.14213596648438134
2642.404006677796	-0.13988216473001222	-0.14304367832846404
2645.4090150250418	-0.14574116755004543	-0.14244208514681828
2648.414023372288	-0.14555959591871453	-0.12126202824207416
2651.419031719533	-0.14893272721808387	-0.12848963528577792
2654.424040066778	-0.15240156340333483	-0.1343798157544434
2657.4290484140233	-0.14553920015318791	-0.13897654593905504
2660.434056761269	-0.14380104937798577	-0.14262366558602954
2663.439065108514	-0.14345943716113999	-0.1351285577761676
2666.4440734557593	-0.14189961012930166	-0.13563885864354674
2669.449081803005	-0.14970844160390578	-0.14946454101991632
2672.45409015025	-0.15222435219100924	-0.13468383377914467
2675.4590984974952	-0.14864165549456984	-0.14192430253568503
2678.4641068447413	-0.14655976170038992	-0.12847460980091924
2681.469115191987	-0.14613325340666242	-0.13578491266366566
2684.474123539232	-0.143011475381575	-0.13364715813750155
2687.4791318864773	-0.1439535626910631	-0.1337718123084889
2690.484140233723	-0.14294160283288865	-0.12683635866911577
2693.4891485809685	-0.1472654768904525	-0.13096472196549258
2696.4941569282137	-0.14343580745095952	-0.1377808753433983
2699.499165275459	-0.14465508453475145	-0.143827869660904
2702.5041736227045	-0.145036430368474	-0.15708208946926566
2705.50918196995	-0.13751659906926977	-0.13803986515950445
2708.5141903171952	-0.14192106206610103	-0.15152186162109693
2711.5191986644404	-0.1442242743201831	-0.14371944781194493
2714.524207011686	-0.14909924173879238	-0.1301300657503154
2717.5292153589317	-0.1374424929071444	-0.1402302334750644
2720.534223706177	-0.1463512859364303	-0.14538455252877025
2723.5392320534224	-0.13949109167454082	-0.1316759844794393
2726.544240400668	-0.14337882230464535	-0.13704293878692056
2729.549248747913	-0.14316290067934317	-0.13509529053415337
2732.5542570951584	-0.1407909328407959	-0.13090140220082813
2735.559265442404	-0.1448505432333415	-0.13022676920270004
2738.56427378965	-0.13997129428855093	-0.14289007713464738
2741.5692821368953	-0.14205748263212428	-0.14419425250272472
2744.5742904841404	-0.14587434975141506	-0.1399788778134855
2747.5792988313856	-0.13973283263720693	-0.14058258395638196
2750.584307178631	-0.13733936150728882	-0.1376519961581661
2753.5893155258764	-0.14579804280269587	-0.13356983672203224
2756.5943238731215	-0.13443563207254802	-0.1362769647129224
2759.599332220367	-0.13970163543381067	-0.13732651545449465
2762.6043405676123	-0.14133775452296968	-0.13730827696948306
2765.6093489148575	-0.1346795383181809	-0.1349567263347335
2768.6143572621036	-0.13788403698121313	-0.13451302306157345
2771.619365609349	-0.1398649692245226	-0.1369365450684578
2774.6243739565944	-0.13456243793790432	-0.13907109300462178
2777.6293823038395	-0.14206505286004073	-0.13489760466215697
2780.634390651085	-0.14001214725372524	-0.1399820725931603
2783.639398998331	-0.13568825172309595	-0.13954055054535425
2786.6444073455764	-0.13958026848365213	-0.13631454725601364
2789.6494156928215	-0.13068006269507584	-0.13353328670198245
2792.6544240400667	-0.13500502293860744	-0.1277548513859695
2795.6594323873123	-0.13308853727263503	-0.12873567997491409
2798.6644407345575	-0.13852962830777565	-0.13737053256133272
2801.6694490818027	-0.13875414703350397	-0.12954671872377016
2804.6744574290483	-0.13747471379077925	-0.13208840850985415
2807.6794657762935	-0.13573550319337302	-0.12908586610277448
2810.6844741235386	-0.13038355790066036	-0.13049313085424308
2813.6894824707847	-0.13449689242703064	-0.12773874679389996
2816.6944908180303	-0.13571831052015426	-0.12089788634988761
2819.6994991652755	-0.13219258989745047	-0.1312795132828946
2822.7045075125206	-0.13187676670501458	-0.12723597652619512
2825.7095158597663	-0.12837899250864845	-0.12968318284748795
2828.7145242070123	-0.12445150773390412	-0.12753678091866594
2831.7195325542575	-0.13357410101625533	-0.13048132059067785
2834.7245409015027	-0.13057157348562662	-0.1288838910899667
2837.729549248748	-0.12655169592512383	-0.13217218188081062
2840.7345575959935	-0.12118148794108893	-0.13415636142711687
2843.7395659432386	-0.1252410922287217	-0.13670235658819596
2846.744574290484	-0.1333452776657904	-0.13307029527407013
2849.7495826377294	-0.13658416680080554	-0.1369118206810602
2852.7545909849746	-0.1361050561814069	-0.1301332536266394
2855.7595993322198	-0.13483956334919164	-0.13162000589726514
2858.764607679466	-0.13347094941326107	-0.1255440198574658
2861.7696160267114	-0.1348384806563714	-0.13255569755610708
2864.7746243739566	-0.13230433052395346	-0.12668273086949774
2867.779632721202	-0.1295929273430011	-0.1257556598185548
2870.7846410684474	-0.1364047803288951	-0.12265321197617245
2873.7896494156935	-0.13548734587458475	-0.12764099787344996
2876.7946577629386	-0.1318681662667799	-0.12718979224393412
2879.799666110184	-0.12844666685775954	-0.13227425457609768
2882.804674457429	-0.12891289242572104	-0.1257245448599141
2885.8096828046746	-0.1363467582427304	-0.1390861112619748
2888.8146911519198	-0.13059947359033613	-0.12806424830430224
2891.819699499165	-0.12649903277027807	-0.13834059096575924
2894.8247078464105	-0.12094514829065293	-0.13049744711549432
2897.8297161936557	-0.14366887535480782	-0.12358245339359926
2900.834724540901	-0.13054147800724153	-0.125858807840102
2903.839732888147	-0.13924726835040152	-0.134163891643622
2906.8447412353926	-0.14300609686673504	-0.1309067332247036
2909.8497495826377	-0.12874748323914095	-0.1238660402818896
2912.854757929883	-0.13830084049830024	-0.12429251821386295
2915.8597662771285	-0.12986368275269777	-0.121783042482985
2918.8647746243746	-0.1281072339356672	-0.1264947534879071
2921.8697829716198	-0.13494702272591624	-0.12013084907768731
2924.874791318865	-0.13320242163949497	-0.11949060105636347
2927.87979966611	-0.13055117812332423	-0.11866560478733576
2930.8848080133557	-0.12713824513399924	-0.13134829347395438
2933.889816360601	-0.1310603569427653	-0.1310753728983694
2936.8948247078465	-0.12673754965315248	-0.12848427245735822
2939.8998330550917	-0.13451087805627193	-0.13420685452102762
2942.904841402337	-0.1250982309503167	-0.12329668137394037
2945.909849749582	-0.1292158525789455	-0.12319140068985981
2948.914858096828	-0.1356012258323214	-0.12731658006216615
2951.9198664440737	-0.13210665329801632	-0.1356883161249089
2954.924874791319	-0.1307541568121673	-0.12981420349945327
2957.929883138564	-0.13353112547937152	-0.13045232166487744
2960.9348914858097	-0.13378465730192401	-0.12287455611573359
2963.9398998330557	-0.13034058844520646	-0.13618248884549478
2966.944908180301	-0.1305780062461233	-0.1402302776347004
2969.949916527546	-0.12716293639396647	-0.12458043933892157
2972.9549248747912	-0.1234202232570557	-0.13349355215846087
2975.959933222037	-0.1364434481070803	-0.12045527065343731
2978.964941569282	-0.1325933035659141	-0.12252213285351574
2981.9699499165276	-0.13041577827640102	-0.1374736463863755
2984.974958263773	-0.13657986744965891	-0.13068008203494574
2987.979966611018	-0.13284146958150272	-0.1387692680489471
2990.984974958263	-0.12719624183055778	-0.1274562310713565
2993.989983305509	-0.12716293407847262	-0.11496264579120027
2996.994991652755	-0.1284337821959419	-0.1246019607615933
3000.0	-0.13345486394219808	-0.12774522599250288
