# time (ps)	 data minus loopwise
200.0	-0.0020131564533670265	nan
201.00100100100101	0.0008003217802695292	nan
202.002002002002	-6.445964117016145e-06	nan
203.00300300300304	0.0013847166748802153	nan
204.00400400400403	0.0025567304769752164	nan
205.00500500500502	0.0051682469622633675	nan
206.006006006006	0.0028575214829590356	nan
207.00700700700702	-0.00253417028647146	nan
208.008008008008	0.0018154928374349288	nan
209.00900900900902	0.006856977263273528	nan
210.01001001001	0.007097610878745331	nan
211.011011011011	0.0012300232865087302	nan
212.01201201201198	0.001554449725219273	nan
213.01301301301302	0.003902774185369995	nan
214.014014014014	0.004039203414032244	nan
215.01501501501502	-0.0031131943734804546	nan
216.016016016016	-2.9004922319941784e-05	nan
217.01701701701703	-0.002500868346859808	nan
218.018018018018	-0.0004930839461903258	nan
219.01901901901905	-0.0010731824487950348	nan
220.02002002002004	-0.0008594052519932671	nan
221.02102102102103	0.0014352063124982994	nan
222.022022022022	0.0011097065741465933	nan
223.02302302302303	0.0028811558147646176	nan
224.02402402402402	0.004052095767669852	nan
225.02502502502503	0.0013224099647930927	nan
226.02602602602602	0.0014352066354918745	nan
227.027027027027	-0.0033828336512390783	nan
228.028028028028	-0.0009206379059380765	nan
229.02902902902906	-0.004211085627104084	nan
230.03003003003005	0.006186643438801119	nan
231.03103103103103	-0.002934867910077077	nan
232.03203203203202	-0.0026566358262931633	nan
233.03303303303304	0.00023741081073332115	nan
234.03403403403408	-0.0007423111691166329	nan
235.03503503503507	-0.0033054868846571703	nan
236.03603603603605	0.00012676252298663565	nan
237.03703703703704	0.0017359979789201493	nan
238.03803803803808	0.003880214957022579	nan
239.03903903903904	-0.002084058753931235	nan
240.04004004004003	-0.006791452491108643	nan
241.04104104104104	0.0015598203114044404	nan
242.04204204204203	0.00269638471317879	nan
243.043043043043	0.003607354217924864	nan
244.044044044044	0.0031185672135397424	nan
245.04504504504507	0.003690071778629095	nan
246.04604604604606	-0.0026061475009351923	nan
247.04704704704704	-0.0020582750369616404	nan
248.04804804804806	-0.0032582194932231634	nan
249.04904904904905	0.008224507364731015	nan
250.0500500500501	0.006317702049418172	nan
251.05105105105108	-0.001421241253417603	nan
252.05205205205206	0.009529730564662612	nan
253.05305305305305	0.005566796459455597	nan
254.0540540540541	0.00813319457818358	nan
255.05505505505505	0.006768890651321698	nan
256.05605605605604	0.00036095018487604727	nan
257.0570570570571	0.0017263301129513409	nan
258.05805805805807	0.00409291600962397	nan
259.05905905905905	0.0015297412225822593	nan
260.0600600600601	-0.0034666255460549453	nan
261.0610610610611	0.004404451978826253	nan
262.06206206206207	0.0006800048927550137	nan
263.06306306306305	-0.005635549192202001	nan
264.06406406406404	0.002512686714016412	nan
265.0650650650651	-0.0014631373930608649	nan
266.06606606606607	0.007213634715153475	nan
267.06706706706706	0.004458166248377426	nan
268.0680680680681	0.007193222544400258	nan
269.06906906906903	0.006013687693838851	nan
270.07007007007013	0.004482872166988686	nan
271.07107107107106	-0.000652073772876266	nan
272.07207207207205	-0.005336904857446728	nan
273.0730730730731	-0.0009797215193839415	nan
274.0740740740741	0.00329689266384188	nan
275.07507507507506	0.002622259741349192	nan
276.0760760760761	-0.0018165679545171093	nan
277.0770770770771	-0.003672882677359837	nan
278.0780780780781	-0.0014899935530390124	nan
279.07907907907907	-0.005583986653337578	nan
280.08008008008005	0.001109707436242377	nan
281.0810810810811	0.0009915385271355576	nan
282.0820820820821	-0.001032360178526398	nan
283.0830830830831	0.0021001711632434375	nan
284.0840840840841	0.0016296471110545246	nan
285.08508508508504	-0.0019014342134251253	nan
286.08608608608614	0.0032539239995767813	nan
287.08708708708707	-0.003317304910591741	nan
288.0880880880881	0.010648031225865806	nan
289.0890890890891	0.002766210112690466	nan
290.0900900900901	0.00238699701536238	nan
291.09109109109113	0.0008303997442169475	nan
292.0920920920921	-0.00020733150548991885	nan
293.0930930930931	0.0037792335967856694	nan
294.0940940940941	-0.0022161909720650463	nan
295.0950950950951	-0.0022183390632353195	nan
296.0960960960961	-0.0031013773318999682	nan
297.0970970970971	0.0009098952554237039	nan
298.0980980980981	-0.00173062682961031	nan
299.09909909909913	6.767839970459044e-05	nan
300.1001001001001	-0.0007294198460687795	nan
301.10110110110105	0.005010331104732368	nan
302.10210210210215	-0.0013363753824308655	nan
303.1031031031031	-0.003498853363457663	nan
304.1041041041041	0.001482473740445106	nan
305.1051051051051	-0.0044796511595575975	nan
306.1061061061061	0.005068344044919584	nan
307.10710710710714	-0.023679834265157726	nan
308.1081081081081	-0.06702714954741976	nan
309.1091091091091	-0.0731654559799052	nan
310.1101101101101	-0.12129430063221414	nan
311.1111111111111	-0.18184906753092903	nan
312.11211211211213	-0.22869740410474282	nan
313.1131131131131	-0.26744272077485953	nan
314.11411411411416	-0.27493996219527955	nan
315.11511511511515	-0.2523290104533078	nan
316.11611611611613	-0.21821272261242747	nan
317.11711711711706	-0.180033627934922	nan
318.11811811811816	-0.1681985031849712	nan
319.11911911911915	-0.16053688202688085	nan
320.12012012012013	-0.15279578257794477	nan
321.1211211211211	-0.14275255000386805	nan
322.12212212212216	-0.13616736065666718	nan
323.12312312312315	-0.14546291019750732	nan
324.12412412412414	-0.16072486201746217	nan
325.1251251251251	-0.18852554866095295	nan
326.1261261261261	-0.22610411612519304	nan
327.12712712712715	-0.23076206736864818	nan
328.12812812812814	-0.2483959932523078	nan
329.12912912912924	-0.2296405215994083	nan
330.13013013013017	-0.2137813081696961	nan
331.13113113113116	-0.19374105365036678	nan
332.13213213213214	-0.18911960019189128	nan
333.1331331331331	-0.1869764995136886	nan
334.1341341341342	-0.17515108019125608	nan
335.13513513513516	-0.16456532894685175	nan
336.13613613613614	-0.1573667624614921	nan
337.1371371371372	-0.16348899330222758	nan
338.1381381381382	-0.18194580241733188	nan
339.13913913913916	-0.19417083445743438	nan
340.14014014014015	-0.20178727111777556	nan
341.14114114114113	-0.21744133569411433	nan
342.1421421421421	-0.22528879618005138	nan
343.14314314314316	-0.22666166681774702	nan
344.14414414414415	-0.21930621686052745	nan
345.14514514514514	-0.21412616017989358	nan
346.1461461461461	-0.20217829943705443	nan
347.1471471471471	-0.1996688536715241	nan
348.1481481481481	-0.1974107681201987	nan
349.1491491491491	-0.18424575483187083	nan
350.15015015015007	-0.17549055633705102	nan
351.15115115115117	-0.17475361334556444	nan
352.15215215215215	-0.1848849663789508	nan
353.1531531531532	-0.18504829402419706	nan
354.1541541541542	-0.18795949245277238	nan
355.15515515515517	-0.19904692166072055	nan
356.15615615615616	-0.20271764712364468	nan
357.15715715715714	-0.20180780248470157	nan
358.15815815815813	-0.20388755841616008	nan
359.1591591591592	-0.2083102611462777	nan
360.16016016016016	-0.20524000262490213	nan
361.16116116116126	-0.19629466818828123	nan
362.16216216216225	-0.19471974626411803	nan
363.16316316316323	-0.1892162938576162	nan
364.1641641641642	-0.1821766721682042	nan
365.1651651651652	-0.18955464847707307	nan
366.1661661661662	-0.1890669551555708	nan
367.1671671671672	-0.19353805896083862	nan
368.1681681681682	-0.19805751728236703	nan
369.1691691691692	-0.19653525545792966	nan
370.1701701701702	-0.20186248471818746	nan
371.1711711711712	-0.20552679589003986	nan
372.17217217217217	-0.2088677077788355	nan
373.17317317317315	-0.20136075330869113	nan
374.1741741741742	-0.19802413576715444	nan
375.1751751751752	-0.18837727219722128	nan
376.17617617617617	-0.19980305614537974	nan
377.17717717717716	-0.1888800390914142	nan
378.17817817817814	-0.18821831486791296	nan
379.17917917917913	-0.18218210304479843	nan
380.1801801801801	-0.18422318536229354	nan
381.1811811811811	-0.186295449271417	nan
382.1821821821822	-0.19435986812189032	nan
383.1831831831832	-0.19598737448362302	nan
384.18418418418423	-0.2026294965303071	nan
385.1851851851852	-0.197603034589117	nan
386.1861861861862	-0.19604102316105773	nan
387.1871871871872	-0.2017346081810602	nan
388.1881881881882	-0.20181622333350085	nan
389.18918918918916	-0.20530007384868984	nan
390.1901901901902	-0.2009278456782097	nan
391.1911911911912	-0.19710349340012748	nan
392.1921921921923	-0.2028260847885957	nan
393.1931931931933	-0.20263598884949785	nan
394.19419419419427	-0.19643427849022527	nan
395.19519519519525	-0.18367961524552986	nan
396.19619619619624	-0.18831718716102347	nan
397.1971971971972	-0.19142823625317118	nan
398.1981981981982	-0.18884894820973105	nan
399.19919919919926	-0.1974773829463908	nan
400.20020020020024	-0.1952118170420055	nan
401.20120120120123	-0.19583382399268326	nan
402.2022022022022	-0.19698649786762232	nan
403.2032032032032	-0.18917337422603686	nan
404.2042042042042	-0.1837977946625461	nan
405.20520520520523	-0.19254119402121123	nan
406.2062062062062	-0.18178571898275864	nan
407.2072072072072	-0.19097385848029458	nan
408.2082082082082	-0.19113930134793475	nan
409.2092092092092	-0.20711890621541654	nan
410.21021021021016	-0.1942428517236976	nan
411.21121121121115	-0.19399578251296726	nan
412.21221221221214	-0.19334797136198428	nan
413.21321321321324	-0.19406440932493013	nan
414.2142142142142	-0.20258004966903792	nan
415.21521521521527	-0.20259078496073757	nan
416.21621621621625	-0.1955544326683032	nan
417.21721721721724	-0.1940891768478114	nan
418.2182182182182	-0.19691016798183847	nan
419.2192192192192	-0.1907352942551197	nan
420.2202202202202	-0.18506858543903953	nan
421.22122122122124	-0.18773060745423148	nan
422.22222222222223	-0.1937496981556408	nan
423.22322322322333	-0.18535866342957508	nan
424.2242242242243	-0.18696788624972702	nan
425.2252252252253	-0.19023789641305933	nan
426.2262262262263	-0.18809260982143225	nan
427.2272272272273	-0.18952570872145408	nan
428.22822822822826	-0.20310429215851067	nan
429.22922922922925	-0.19676404671046566	nan
430.2302302302303	-0.19508390808340623	nan
431.23123123123133	-0.20087738467986585	nan
432.23223223223226	-0.20117602808472265	nan
433.23323323323325	-0.19875573389424755	nan
434.2342342342342	-0.19326091996528383	nan
435.2352352352352	-0.1980574435523868	nan
436.23623623623627	-0.19946578482118452	nan
437.23723723723725	-0.20094829240893153	nan
438.23823823823824	-0.1946241918410884	nan
439.2392392392392	-0.19748598952199425	nan
440.2402402402402	-0.1970896322800057	nan
441.2412412412412	-0.194400762171109	nan
442.2422422422422	-0.19814992220754013	nan
443.24324324324317	-0.20247703454484034	nan
444.24424424424427	-0.20189265313948818	nan
445.2452452452453	-0.19571673916163024	nan
446.2462462462463	-0.18575406902146943	nan
447.2472472472473	-0.19083854378133983	nan
448.2482482482483	-0.18581209293915268	nan
449.24924924924926	-0.19155397417798448	nan
450.25025025025025	-0.1951570235576115	nan
451.25125125125123	-0.19700151379342576	nan
452.2522522522522	-0.1957908194851529	nan
453.25325325325326	-0.19066665432198804	nan
454.25425425425436	-0.19771701712608114	nan
455.25525525525535	-0.2054548233112194	nan
456.25625625625634	-0.1949840429955853	nan
457.2572572572573	-0.19461664592676553	nan
458.2582582582583	-0.19877509446506453	nan
459.2592592592593	-0.1996409088760498	nan
460.2602602602603	-0.1983098710070101	nan
461.26126126126127	-0.19292571887234958	nan
462.2622622622623	-0.19390328472735532	nan
463.26326326326335	-0.19363147813597475	nan
464.2642642642643	-0.1932382714818012	nan
465.26526526526527	-0.18943969515894543	nan
466.2662662662663	-0.19152380748969033	nan
467.2672672672673	-0.18730090833445195	nan
468.2682682682683	-0.1927947107789521	nan
469.2692692692693	-0.1905699483181425	nan
470.27027027027026	-0.1888961837741399	nan
471.27127127127125	-0.19424596978819106	nan
472.27227227227223	-0.19196533215054137	nan
473.2732732732732	-0.19088245812568005	nan
474.2742742742743	-0.19042910970978028	nan
475.2752752752752	-0.2012662221459547	nan
476.2762762762763	-0.20265198323603761	nan
477.27727727727734	-0.2002682144799539	nan
478.2782782782783	-0.19563817832805647	nan
479.2792792792793	-0.19854944687812098	nan
480.2802802802803	-0.19867082648461182	nan
481.2812812812813	-0.19428571510331208	nan
482.2822822822823	-0.18948806507886568	nan
483.2832832832833	-0.1958884873683534	nan
484.28428428428424	-0.19991909654914897	nan
485.2852852852853	-0.19730434393512158	nan
486.2862862862864	-0.189015379777348	nan
487.28728728728737	-0.1836913569425622	nan
488.28828828828836	-0.18686796915043274	nan
489.28928928928934	-0.1853661650387427	nan
490.29029029029033	-0.17967689036484263	nan
491.2912912912913	-0.18551871307981374	nan
492.2922922922923	-0.18147841318748253	nan
493.2932932932933	-0.1795565660015532	nan
494.29429429429433	-0.17721576388813756	nan
495.2952952952954	-0.1861503891663499	nan
496.2962962962963	-0.1803762746777679	nan
497.29729729729735	-0.1804063534423308	nan
498.29829829829833	-0.18046005019741937	nan
499.2992992992993	-0.18450354950261488	nan
500.3003003003003	-0.1820671198161625	nan
501.3013013013013	-0.18832144435963002	nan
502.3023023023023	-0.18307369190379016	nan
503.30330330330327	-0.1814784190580692	nan
504.30430430430425	-0.18409747695649753	nan
505.30530530530535	-0.19402040276062837	nan
506.30630630630634	-0.1874459372879513	nan
507.3073073073072	-0.18761780690065794	nan
508.3083083083083	-0.18934526210905964	nan
509.30930930930936	-0.19271082300731757	nan
510.31031031031034	-0.19225424735694788	nan
511.31131131131133	-0.18752108309112456	nan
512.3123123123123	-0.185787253752099	nan
513.3133133133133	-0.1777485783294536	nan
514.3143143143143	-0.1781739721113105	nan
515.3153153153153	-0.18271057332167995	nan
516.3163163163163	-0.17942984468235856	nan
517.3173173173174	-0.17823095159311628	nan
518.3183183183183	-0.17616408456932645	nan
519.3193193193193	-0.1695595643976128	nan
520.3203203203203	-0.17829003099767912	nan
521.3213213213214	-0.18766186422697362	nan
522.3223223223225	-0.18517926825857162	nan
523.3233233233234	-0.19167102149888748	nan
524.3243243243244	-0.19515807745693936	nan
525.3253253253253	-0.19329421691510607	nan
526.3263263263264	-0.19004991279916186	nan
527.3273273273275	-0.19043557372827397	nan
528.3283283283283	-0.18815923415546024	nan
529.3293293293293	-0.18888111529367038	nan
530.3303303303302	-0.18664558590582764	nan
531.3313313313313	-0.18506213241236208	nan
532.3323323323324	-0.19066655390631976	nan
533.3333333333334	-0.1887920463497839	nan
534.3343343343344	-0.19062788996117788	nan
535.3353353353353	-0.18273962127190035	nan
536.3363363363364	-0.17963717230801127	nan
537.3373373373374	-0.18773170009983609	nan
538.3383383383384	-0.17757349627780894	nan
539.3393393393394	-0.18067812281143955	nan
540.3403403403404	-0.18828499401622675	nan
541.3413413413414	-0.18013563360804272	nan
542.3423423423424	-0.17173922505644656	nan
543.3433433433433	-0.18248502480186318	nan
544.3443443443443	-0.181656726421411	nan
545.3453453453453	-0.17629510902351755	nan
546.3463463463463	-0.18484835357430493	nan
547.3473473473473	-0.1776218205356091	nan
548.3483483483484	-0.18849009438198824	nan
549.3493493493494	-0.1861697299012646	nan
550.3503503503504	-0.1913723659401701	nan
551.3513513513514	-0.18689164091000227	nan
552.3523523523523	-0.1839503026703873	nan
553.3533533533534	-0.1821992398875567	nan
554.3543543543545	-0.18109169764442654	nan
555.3553553553554	-0.1851481205785463	nan
556.3563563563564	-0.18165892860200314	nan
557.3573573573573	-0.1803633674481712	nan
558.3583583583584	-0.17770353541374231	nan
559.3593593593595	-0.1818426345162672	nan
560.3603603603603	-0.1726394313813311	nan
561.3613613613613	-0.17394355463370736	nan
562.3623623623622	-0.1763992986691951	nan
563.3633633633634	-0.1795543971254207	nan
564.3643643643644	-0.18014635489967734	nan
565.3653653653654	-0.18172442777091521	nan
566.3663663663664	-0.17259643850911902	nan
567.3673673673675	-0.17454514643480698	nan
568.3683683683685	-0.1724653880825947	nan
569.3693693693695	-0.1697238814655298	nan
570.3703703703704	-0.17715558139617818	nan
571.3713713713714	-0.1812012234388884	nan
572.3723723723724	-0.17718244366302288	nan
573.3733733733734	-0.176067384512911	nan
574.3743743743744	-0.17306695815984072	nan
575.3753753753754	-0.17606627947370354	nan
576.3763763763764	-0.17952433183785282	nan
577.3773773773773	-0.17897329055345435	nan
578.3783783783783	-0.174287393669184	nan
579.3793793793794	-0.17532833329656	nan
580.3803803803804	-0.17236015335225513	nan
581.3813813813814	-0.17135790166291973	nan
582.3823823823824	-0.17150078244305894	nan
583.3833833833835	-0.16340517594769932	nan
584.3843843843844	-0.162032253975605	nan
585.3853853853855	-0.171840221065249	nan
586.3863863863866	-0.1684122628900736	nan
587.3873873873874	-0.17318091614990339	nan
588.3883883883884	-0.17996271300981254	nan
589.3893893893893	-0.17419288173195802	nan
590.3903903903904	-0.1788509149964407	nan
591.3913913913915	-0.1706016452282856	nan
592.3923923923924	-0.17761436978136108	nan
593.3933933933934	-0.18072863560246674	nan
594.3943943943945	-0.18367749661225827	nan
595.3953953953954	-0.17317878281936414	nan
596.3963963963964	-0.18319295957945808	nan
597.3973973973974	-0.17447213635058678	nan
598.3983983983985	-0.17324639220015256	nan
599.3993993993995	-0.1813312592504307	nan
600.4004004004005	-0.17424651375656797	nan
601.4014014014015	-0.1708024419293446	nan
602.4024024024025	-0.17448391338861768	nan
603.4034034034034	-0.17705893920607257	nan
604.4044044044044	-0.1823582964820653	nan
605.4054054054054	-0.17124721032905016	nan
606.4064064064064	-0.17519297410118545	nan
607.4074074074074	-0.1755614239450795	nan
608.4084084084084	-0.1710355857759734	nan
609.4094094094094	-0.17533801371318325	nan
610.4104104104105	-0.17011819503916942	nan
611.4114114114114	-0.17841257106744143	nan
612.4124124124124	-0.17745858263877012	nan
613.4134134134134	-0.17946745386028562	nan
614.4144144144145	-0.17887769989820723	nan
615.4154154154155	-0.18114863413217	nan
616.4164164164164	-0.18215521110115557	nan
617.4174174174175	-0.17693216188192123	nan
618.4184184184186	-0.18057173111207944	nan
619.4194194194195	-0.18768761941918416	nan
620.4204204204204	-0.17963393268472083	nan
621.4214214214213	-0.17427767912753347	nan
622.4224224224224	-0.17818154039023154	nan
623.4234234234235	-0.17364172812616632	nan
624.4244244244244	-0.17868211544873644	nan
625.4254254254255	-0.17761966799601228	nan
626.4264264264265	-0.16702213474206018	nan
627.4274274274275	-0.17100015075021058	nan
628.4284284284284	-0.1697142554629505	nan
629.4294294294295	-0.17395973454894134	nan
630.4304304304305	-0.16761946070684408	nan
631.4314314314315	-0.1702223905707019	nan
632.4324324324325	-0.17440985603794434	nan
633.4334334334335	-0.17685916887236	nan
634.4344344344345	-0.17421008271045962	nan
635.4354354354355	-0.18033442640508127	nan
636.4364364364365	-0.17074994020190343	nan
637.4374374374374	-0.18256991478328646	nan
638.4384384384384	-0.18472487905321178	nan
639.4394394394394	-0.19256379740123636	nan
640.4404404404404	-0.18340246763795337	nan
641.4414414414415	-0.17710406530594244	nan
642.4424424424425	-0.17553132792022846	nan
643.4434434434435	-0.17544322129968493	nan
644.4444444444445	-0.1743883103472063	nan
645.4454454454457	-0.1743678925321346	nan
646.4464464464465	-0.17702883679159256	nan
647.4474474474475	-0.17072188448120684	nan
648.4484484484484	-0.17542713373378332	nan
649.4494494494495	-0.1726910302251099	nan
650.4504504504506	-0.1695778181513501	nan
651.4514514514515	-0.1715297633553633	nan
652.4524524524525	-0.16080436325091735	nan
653.4534534534533	-0.17201957171411442	nan
654.4544544544544	-0.16734440200666595	nan
655.4554554554555	-0.16865392201504	nan
656.4564564564565	-0.17520368797336686	nan
657.4574574574575	-0.1785446381167125	nan
658.4584584584585	-0.1750167861796321	nan
659.4594594594595	-0.17400701633825172	nan
660.4604604604606	-0.1745258592610381	nan
661.4614614614616	-0.16881076673941128	nan
662.4624624624626	-0.1746815697001731	nan
663.4634634634635	-0.18255587894266795	nan
664.4644644644645	-0.1746515031311496	nan
665.4654654654655	-0.18184365313628903	nan
666.4664664664665	-0.18623845477585138	nan
667.4674674674675	-0.18000561575744284	nan
668.4684684684685	-0.1731271627055278	nan
669.4694694694695	-0.1754067521735702	nan
670.4704704704704	-0.1779978437013753	nan
671.4714714714714	-0.17733289325292464	nan
672.4724724724725	-0.17553028540160562	nan
673.4734734734735	-0.17835877618759313	nan
674.4744744744745	-0.18007333580696283	nan
675.4754754754755	-0.1844552870341982	nan
676.4764764764766	-0.17773359250152573	nan
677.4774774774777	-0.17243425690416633	nan
678.4784784784786	-0.1697926706821211	nan
679.4794794794796	-0.17480410911353914	nan
680.4804804804804	-0.18305871308175858	nan
681.4814814814815	-0.16362755029330667	nan
682.4824824824826	-0.17083151283369863	nan
683.4834834834834	-0.17832013583651996	nan
684.4844844844844	-0.1791440837807437	nan
685.4854854854854	-0.1771395505836924	nan
686.4864864864863	-0.178997993166769	nan
687.4874874874876	-0.18016893969371436	nan
688.4884884884885	-0.1703921559088311	nan
689.4894894894895	-0.1579823110237511	nan
690.4904904904905	-0.16601666752710786	nan
691.4914914914916	-0.1630731683605982	nan
692.4924924924926	-0.16285292609751584	nan
693.4934934934936	-0.16008027039709505	nan
694.4944944944946	-0.16583936269170252	nan
695.4954954954956	-0.16200965755994062	nan
696.4964964964965	-0.16722090084377383	nan
697.4974974974975	-0.16325367063518342	nan
698.4984984984985	-0.17141159145319151	nan
699.4994994994995	-0.16540325189588126	nan
700.5005005005005	-0.1711247444193378	nan
701.5015015015015	-0.17175746570832606	nan
702.5025025025025	-0.17768092734573623	nan
703.5035035035036	-0.16314301129963368	nan
704.5045045045046	-0.1647791209083277	nan
705.5055055055055	-0.16384663475387318	nan
706.5065065065065	-0.1672982347597581	nan
707.5075075075077	-0.177501530632853	nan
708.5085085085087	-0.18017641439352877	nan
709.5095095095097	-0.18085645586232302	nan
710.5105105105107	-0.18130980798608895	nan
711.5115115115117	-0.1827224642619053	nan
712.5125125125127	-0.17793236490620318	nan
713.5135135135137	-0.17909466844601926	nan
714.5145145145146	-0.17216354868544675	nan
715.5155155155156	-0.17251052459174473	nan
716.5165165165166	-0.17432065442991534	nan
717.5175175175176	-0.17589552680405723	nan
718.5185185185186	-0.17674417817427965	nan
719.5195195195196	-0.17748112780944206	nan
720.5205205205206	-0.16983779212355385	nan
721.5215215215215	-0.17071546955259637	nan
722.5225225225225	-0.16752275391521912	nan
723.5235235235235	-0.17663244700845238	nan
724.5245245245246	-0.16853577823195695	nan
725.5255255255256	-0.16250707727152927	nan
726.5265265265266	-0.16690184864364424	nan
727.5275275275276	-0.1691653095321397	nan
728.5285285285286	-0.17862843835072975	nan
729.5295295295296	-0.17588803505945774	nan
730.5305305305305	-0.1751188577346181	nan
731.5315315315315	-0.17623824287271622	nan
732.5325325325326	-0.17155984633243349	nan
733.5335335335336	-0.17793022701592098	nan
734.5345345345346	-0.17249016142140175	nan
735.5355355355356	-0.17634994509893276	nan
736.5365365365366	-0.16975080004118906	nan
737.5375375375376	-0.17806452706801662	nan
738.5385385385385	-0.18163963405589445	nan
739.5395395395395	-0.17186599263966768	nan
740.5405405405405	-0.1681523159030689	nan
741.5415415415415	-0.1582175731444808	nan
742.5425425425425	-0.17401342293077246	nan
743.5435435435435	-0.1713138262148271	nan
744.5445445445445	-0.16734232396726534	nan
745.5455455455455	-0.17074555360396199	-0.18045684583939942
746.5465465465464	-0.16203227301392475	-0.177490794595161
747.5475475475477	-0.1592112384796594	-0.17776044574944433
748.5485485485486	-0.16318923009796693	-0.1787584013526159
749.5495495495496	-0.16910622710107764	-0.18768549506240667
750.5505505505506	-0.168870943508033	-0.182014457203253
751.5515515515516	-0.17476754591718358	-0.18358074562770915
752.5525525525526	-0.16812969501043284	-0.18046860216289295
753.5535535535536	-0.17995726247301158	-0.17973704668396162
754.5545545545546	-0.18045893339484137	-0.1805653208102776
755.5555555555557	-0.1792923197427929	-0.17842112703272517
756.5565565565566	-0.18007552164457763	-0.17711161481550805
757.5575575575576	-0.18545332198950792	-0.18150208065811155
758.5585585585586	-0.18324888990339178	-0.1794019429375513
759.5595595595596	-0.17889488474403742	-0.1750479924082513
760.5605605605606	-0.17769278883539727	-0.18726658085633854
761.5615615615616	-0.17122465272104898	-0.1829448029360412
762.5625625625626	-0.17259433758239112	-0.17763045433347072
763.5635635635637	-0.15711320532556702	-0.18184801462155314
764.5645645645646	-0.159603321648514	-0.18590868706569794
765.5655655655656	-0.16005560129005728	-0.18393740907385064
766.5665665665666	-0.16431502013489524	-0.1793943691686073
767.5675675675676	-0.16481133772360462	-0.1776852174620179
768.5685685685686	-0.16434410239984634	-0.18423710959659748
769.5695695695696	-0.16882590570827902	-0.17828463427856667
770.5705705705706	-0.17780879269254607	-0.1829480182862334
771.5715715715718	-0.17250518492972555	-0.1751832985412492
772.5725725725728	-0.17596753728801776	-0.18069854426620205
773.5735735735738	-0.1830834303949903	-0.17885623169089268
774.5745745745747	-0.18035908359389324	-0.18146022239092519
775.5755755755757	-0.17704608313044454	-0.18276974141634922
776.5765765765767	-0.16850141561501375	-0.17984127349072823
777.5775775775777	-0.17117847225817845	-0.18366026373625755
778.5785785785787	-0.17651326645549154	-0.1787154338719949
779.5795795795797	-0.17272974125729554	-0.1760093923025076
780.5805805805807	-0.17501033475685743	-0.17829003229228715
781.5815815815816	-0.17813538117867694	-0.17591914044680246
782.5825825825826	-0.16585662550452207	-0.17650676770365095
783.5835835835836	-0.17030188659134254	-0.17575264035399213
784.5845845845846	-0.16496395256426324	-0.18178137735400884
785.5855855855856	-0.17487502464698085	-0.18301892864825892
786.5865865865867	-0.1663926914171882	-0.1757805995297483
787.5875875875877	-0.16810937442610216	-0.1776218552457956
788.5885885885887	-0.1711580688833303	-0.17654652485007682
789.5895895895897	-0.1719852376006079	-0.17201746723111166
790.5905905905906	-0.17349778363426913	-0.17620488151595848
791.5915915915916	-0.16968525908351598	-0.1746966106959099
792.5925925925926	-0.17376418840194793	-0.17077772449952552
793.5935935935936	-0.17038779052695707	-0.16915239074291558
794.5945945945947	-0.16465233490962988	-0.17391994983132814
795.5955955955957	-0.17513492777491482	-0.17492654840014552
796.5965965965967	-0.174268007622012	-0.17330333612485513
797.5975975975977	-0.1662089598299178	-0.17421216709985643
798.5985985985986	-0.16421189675672776	-0.1785865020669935
799.5995995995996	-0.17023415876381487	-0.1799830681431741
800.6006006006006	-0.17634667874997978	-0.1791741552667755
801.6016016016016	-0.1664517047926386	-0.17878956961333958
802.6026026026026	-0.16785791542608966	-0.18078336551474505
803.6036036036036	-0.17805372718785775	-0.17673770358213825
804.6046046046046	-0.17471384403116916	-0.17986596175353012
805.6056056056055	-0.17236551209792023	-0.17927293915678658
806.6066066066065	-0.16876245188448366	-0.1775541374469095
807.6076076076075	-0.17042649774986887	-0.17338064317493795
808.6086086086085	-0.16893005531322863	-0.1735407161615841
809.6096096096097	-0.16820385054226963	-0.17629511881301418
810.6106106106107	-0.17022023209679552	-0.17639720785188373
811.6116116116117	-0.17168335410649738	-0.17537234436320928
812.6126126126127	-0.16563958774908372	-0.16785575539094372
813.6136136136137	-0.16881186384773483	-0.16931243880338817
814.6146146146147	-0.1718778156683044	-0.16599942325236236
815.6156156156156	-0.17346771258414923	-0.17799564095254305
816.6166166166166	-0.166343229803991	-0.17663025977647
817.6176176176177	-0.17323136124817964	-0.17195295347522965
818.6186186186187	-0.17614150717700722	-0.1751843508814565
819.6196196196197	-0.17185740361862953	-0.1790463193674459
820.6206206206207	-0.17056185903498872	-0.17877236416708614
821.6216216216217	-0.17551205934423691	-0.1817706078150478
822.6226226226227	-0.17071335236342586	-0.1882279929768861
823.6236236236236	-0.1729316898278091	-0.18432307677078105
824.6246246246246	-0.17958348699227655	-0.17941482974885672
825.6256256256257	-0.17482342370011336	-0.1863352158367153
826.6266266266267	-0.17695364815659292	-0.18788427704529215
827.6276276276277	-0.17092278522804497	-0.17962217465151084
828.6286286286287	-0.1739983906125578	-0.17566672600505104
829.6296296296297	-0.17729744850440884	-0.17186495573504249
830.6306306306307	-0.16139413050656556	-0.17385669069971615
831.6316316316316	-0.1623169211429582	-0.17439377159082792
832.6326326326326	-0.15998685796449758	-0.17088843790808336
833.6336336336338	-0.15936165274889302	-0.17461181272123777
834.6346346346348	-0.16248991524364237	-0.17641871281630328
835.6356356356358	-0.1606121005374899	-0.17769926485942672
836.6366366366368	-0.16740459806597766	-0.17323573889039484
837.6376376376378	-0.17201425296066578	-0.17965120239014667
838.6386386386388	-0.16360712141518807	-0.17686668909510475
839.6396396396398	-0.1653570558022848	-0.17865638571199643
840.6406406406408	-0.17040823840939984	-0.17975961980283034
841.6416416416417	-0.17075414788312412	-0.17714162633003755
842.6426426426427	-0.1653753587459969	-0.17448819882545083
843.6436436436437	-0.172665256762748	-0.1776390177640797
844.6446446446447	-0.16825544402199902	-0.181870515133847
845.6456456456457	-0.1664399493575222	-0.18568627080263495
846.6466466466467	-0.17220007257471606	-0.18714187374186111
847.6476476476477	-0.1682575470043378	-0.1782438053147939
848.6486486486488	-0.17182299668693238	-0.1761135618485476
849.6496496496497	-0.1723837806405776	-0.1690084504365294
850.6506506506507	-0.1689171506361211	-0.1835957865380116
851.6516516516517	-0.16854545692586756	-0.18269985039143755
852.6526526526527	-0.17135894223877896	-0.1763596024584703
853.6536536536537	-0.16223637977318686	-0.17453444851399025
854.6546546546548	-0.16429142031489793	-0.1759374305993872
855.6556556556556	-0.16238890779567083	-0.1744280898297718
856.6566566566568	-0.16606821330700294	-0.17680862467387393
857.6576576576578	-0.16809748799378094	-0.17021914675738964
858.6586586586587	-0.16049606809645847	-0.1768193678240284
859.6596596596597	-0.17073160180937236	-0.1751886971302791
860.6606606606607	-0.1682607992778687	-0.16604353418764004
861.6616616616617	-0.16875707556582017	-0.17438082581184391
862.6626626626627	-0.1640829884044132	-0.168888214905705
863.6636636636637	-0.16834779564532792	-0.17182200895529845
864.6646646646647	-0.1775627597074432	-0.17354834962567967
865.6656656656656	-0.16639693201769054	-0.17823850040752215
866.6666666666666	-0.1696078621840066	-0.18249146357141932
867.6676676676676	-0.17280270316074053	-0.18130979725198462
868.6686686686686	-0.17009558210103898	-0.18066095430056686
869.6696696696696	-0.170313676350003	-0.18168685876100324
870.6706706706706	-0.1711709541596798	-0.1728833412837742
871.6716716716716	-0.16917925346183926	-0.17905173014163855
872.6726726726729	-0.17696222473325923	-0.17980370408087384
873.6736736736735	-0.17330117455850977	-0.17569680320492467
874.6746746746747	-0.16112554263091738	-0.17445715489054037
875.6756756756757	-0.1711569678381085	-0.17933638957373405
876.6766766766767	-0.16381547416669273	-0.17029761017803005
877.6776776776778	-0.1567984359710002	-0.17946422602562748
878.6786786786785	-0.15280758089804003	-0.17953944431711263
879.6796796796798	-0.1628304010585694	-0.17163503341771058
880.6806806806808	-0.16259190301387394	-0.17095283797969488
881.6816816816818	-0.1669855933512824	-0.1740166035743888
882.6826826826828	-0.1678504046868612	-0.17182835717804873
883.6836836836837	-0.16291529021097956	-0.16635935597217608
884.6846846846847	-0.16586948134266505	-0.16826077599060668
885.6856856856857	-0.15855596757351012	-0.17490828087682853
886.6866866866867	-0.16205486639421787	-0.1820445717890389
887.6876876876878	-0.1617626372046832	-0.17956838024980673
888.6886886886888	-0.17107104777385945	-0.18214227938765368
889.6896896896898	-0.16601237351308423	-0.17610067028513346
890.690690690691	-0.16993450718478775	-0.17945884247298666
891.6916916916916	-0.16743148133109748	-0.17064345697688263
892.6926926926927	-0.16102674959984037	-0.1771813752572069
893.6936936936937	-0.16512071870243658	-0.180874689655164
894.6946946946947	-0.15405803708629145	-0.17951255634005467
895.6956956956959	-0.16114599215863462	-0.18060722815436292
896.6966966966969	-0.16265316346388756	-0.18194572585864013
897.6976976976979	-0.15916181691070008	-0.1866230495032938
898.6986986986989	-0.15523003420529335	-0.18026131711399218
899.6996996996999	-0.1518783617695661	-0.17244501814139093
900.7007007007008	-0.15876973495264315	-0.176319920044315
901.7017017017018	-0.1649424291734803	-0.17912906034736203
902.7027027027028	-0.1659113914003216	-0.17192616032480756
903.7037037037038	-0.16344486275023595	-0.1685282965702228
904.7047047047048	-0.16186356990226136	-0.17412303525762357
905.7057057057058	-0.16418719915855748	-0.1778797277725547
906.7067067067068	-0.16146716370433484	-0.16647645945944803
907.7077077077078	-0.167078016056907	-0.1762533216398955
908.7087087087087	-0.16822211548208046	-0.17156740018059863
909.7097097097097	-0.17176614360696701	-0.16937158977567096
910.7107107107108	-0.17565605898192482	-0.16996563291379735
911.7117117117118	-0.1707144599213359	-0.1734580522709533
912.7127127127128	-0.16640557949382911	-0.1725729168041559
913.7137137137139	-0.17434539029040744	-0.18093281019760804
914.7147147147147	-0.17444959032950647	-0.1761577387445424
915.7157157157158	-0.17057800959644787	-0.17071125945177024
916.7167167167167	-0.17505226403327268	-0.16940277828666747
917.7177177177177	-0.17273829673502925	-0.17748974032497072
918.7187187187188	-0.17333235938563732	-0.1715727168629922
919.7197197197198	-0.17618130228779674	-0.1764369495278782
920.7207207207208	-0.1699183843940821	-0.17798284121334212
921.7217217217218	-0.17080892751067214	-0.17598041946785833
922.7227227227228	-0.17356115537925398	-0.1734591347089954
923.7237237237238	-0.173420461626417	-0.17175643725421047
924.7247247247248	-0.17494589634410804	-0.17377928482100058
925.7257257257257	-0.1649531657164491	-0.16821995708824025
926.7267267267267	-0.16169064551695497	-0.16750453837048912
927.7277277277277	-0.16364257265008547	-0.17263517202055023
928.7287287287287	-0.17009992477666097	-0.1696444210583963
929.7297297297297	-0.1719347739259873	-0.169810929329054
930.7307307307307	-0.1711806537716012	-0.17122680492749845
931.7317317317317	-0.16489411379388424	-0.17429812127495875
932.7327327327326	-0.1743250240074376	-0.17727488737382902
933.7337337337336	-0.17204646998751516	-0.1737878214528836
934.7347347347348	-0.17388987380720117	-0.17113012622708978
935.7357357357358	-0.16854117220700662	-0.17121070105935043
936.7367367367369	-0.16746690547439072	-0.17792048635393737
937.7377377377376	-0.16953272525630397	-0.18180935134519166
938.7387387387388	-0.17900549004721	-0.17267812665313242
939.7397397397398	-0.1746300505148994	-0.18240230743598926
940.7407407407408	-0.17558075055536143	-0.1801710869705768
941.7417417417419	-0.16896118157031206	-0.1811744327232664
942.7427427427428	-0.16527218900422447	-0.17751552952577665
943.7437437437438	-0.14254014489772215	-0.17826216673508155
944.7447447447448	-0.11869232180728022	-0.18627085588754716
945.7457457457458	-0.12729320526417598	-0.18142488018831499
946.7467467467468	-0.14742647388960237	-0.17639090992581663
947.7477477477478	-0.1439612569295141	-0.17206049357148367
948.7487487487488	-0.13648072766516048	-0.17765198645238459
949.7497497497501	-0.12736928029928682	-0.16956385391203752
950.7507507507507	-0.13218897760541704	-0.17283708966389016
951.7517517517518	-0.1617109925071858	-0.17229675813123072
952.7527527527528	-0.15804187277355858	-0.1674873543049719
953.7537537537538	-0.17200890506745536	-0.16642164897558234
954.754754754755	-0.1690632771529353	-0.16731437597583834
955.7557557557557	-0.1661112250528493	-0.18060839356745603
956.7567567567568	-0.16931355899758865	-0.17507382724486328
957.757757757758	-0.17611254970376944	-0.17225172236887706
958.758758758759	-0.17640589081079364	-0.1710324148015589
959.75975975976	-0.16822327268557122	-0.16863681529765628
960.760760760761	-0.16481246450141732	-0.17256535132978867
961.7617617617619	-0.16630670863715052	-0.17641224982032586
962.7627627627629	-0.16325152240452648	-0.1740370755814113
963.7637637637639	-0.15672004516452037	-0.18142045267247187
964.7647647647649	-0.17539602548557798	-0.17834589414774318
965.7657657657659	-0.17074446668287863	-0.18015600274419988
966.7667667667669	-0.17168872792943438	-0.1718562852490732
967.7677677677679	-0.17756598541593702	-0.1763531275231398
968.7687687687688	-0.17258681408495308	-0.1733742428261891
969.7697697697698	-0.1677172387897612	-0.1654988616952478
970.7707707707708	-0.16790843318709098	-0.1634964508097928
971.7717717717718	-0.16643350828552594	-0.16716290971066855
972.772772772773	-0.1717156681569584	-0.1715985085598292
973.7737737737738	-0.171441684313885	-0.17113662697028184
974.7747747747749	-0.16899558131170336	-0.1664366801865803
975.7757757757759	-0.17572796189658513	-0.1700064581087709
976.7767767767768	-0.1746730771227443	-0.16937585467186883
977.7777777777779	-0.16906006226353198	-0.16574594317417593
978.7787787787787	-0.16352978411719707	-0.17845546682550037
979.7797797797798	-0.15714973907391894	-0.1718509123806065
980.7807807807809	-0.17156841364876257	-0.1771351879007038
981.7817817817819	-0.17302296428336691	-0.1772952933526827
982.7827827827829	-0.1732679129954706	-0.17003762336409847
983.7837837837839	-0.17570110565594715	-0.17742421643785394
984.7847847847848	-0.1643516001921019	-0.17368256737666016
985.7857857857858	-0.16866264993213137	-0.17484059664130222
986.7867867867868	-0.1668632756855049	-0.17610929814331974
987.7877877877878	-0.1711828749735257	-0.1759481828933347
988.7887887887888	-0.17536600995840512	-0.17870370404144276
989.7897897897898	-0.18026569065551118	-0.17482024372971014
990.7907907907908	-0.17903245298996484	-0.1692362420816469
991.7917917917918	-0.17438948759462564	-0.17657666189866544
992.7927927927927	-0.17487285049315046	-0.17984667619393863
993.7937937937937	-0.16967131112654815	-0.17820416911098758
994.7947947947947	-0.17083046120467243	-0.1681663222174747
995.7957957957957	-0.1670544271660301	-0.16676545259481268
996.7967967967967	-0.17151259027044544	-0.17154051541272436
997.7977977977979	-0.16420761715281107	-0.16435053401235342
998.7987987987989	-0.16570299255828255	-0.16429682764762032
999.7997997997999	-0.17337746954416614	-0.1637070662320964
1000.800800800801	-0.17351605043753235	-0.16692553878814084
1001.8018018018016	-0.17112906421597257	-0.16434301290505127
1002.8028028028028	-0.17325714973650316	-0.16890751025231207
1003.8038038038039	-0.17130841983250733	-0.168737753559218
1004.8048048048049	-0.161511224055436	-0.16275092249840656
1005.8058058058059	-0.16316880823972496	-0.16181094129090373
1006.8068068068069	-0.1632998693428699	-0.16657314745647317
1007.8078078078079	-0.15664484770070652	-0.17385442758972122
1008.8088088088089	-0.15585742748811457	-0.1693296524459194
1009.8098098098098	-0.15626024864873997	-0.16875492659524516
1010.8108108108108	-0.15958939872933509	-0.1692007440011675
1011.8118118118119	-0.16183783625692894	-0.17116019777628455
1012.8128128128129	-0.16812977812245794	-0.17568819242352177
1013.8138138138141	-0.16421842628296277	-0.18557245570699576
1014.8148148148148	-0.16484469356315726	-0.17570541240493606
1015.8158158158159	-0.16305067668654488	-0.16276813051646447
1016.8168168168169	-0.15584134347963546	-0.1734290526174669
1017.8178178178179	-0.1692545371160378	-0.16756578987257795
1018.8188188188191	-0.1683016954133989	-0.16682993942890573
1019.81981981982	-0.17118281553729514	-0.16840478839175055
1020.820820820821	-0.16540118945090773	-0.16226433989367495
1021.821821821822	-0.17398664348111112	-0.16715445040361449
1022.822822822823	-0.17357200272201145	-0.16462565386170114
1023.823823823824	-0.1680631914880606	-0.1696982447848917
1024.8248248248249	-0.15699724136515872	-0.17057165670984872
1025.8258258258259	-0.15293545944642245	-0.17046957938813947
1026.8268268268268	-0.15872140702986137	-0.16825550250140847
1027.8278278278278	-0.15757950974968757	-0.17334963091111494
1028.828828828829	-0.15738396996247445	-0.17107859879252335
1029.82982982983	-0.1597419487464048	-0.17275984281048629
1030.830830830831	-0.17171881038937092	-0.17374385741273524
1031.8318318318322	-0.16937156702265693	-0.17694302832134554
1032.8328328328328	-0.1673036070322585	-0.17044379233018797
1033.833833833834	-0.16798471597209616	-0.1781741353194133
1034.834834834835	-0.162271789208034	-0.18114119944452384
1035.835835835836	-0.1735074535694208	-0.1811347247221975
1036.8368368368372	-0.16656024126280514	-0.16957784186974648
1037.8378378378377	-0.1655332372661009	-0.16567291785787122
1038.838838838839	-0.1670919817550021	-0.1650187081217085
1039.83983983984	-0.16947145837548205	-0.16035641604839102
1040.8408408408409	-0.1670995351162502	-0.17185316487500735
1041.841841841842	-0.16000729876184233	-0.16511330248405479
1042.8428428428426	-0.1734086834719338	-0.16065834424789846
1043.8438438438438	-0.16983138799857034	-0.15665993372788203
1044.8448448448448	-0.1617798018506846	-0.16402610224433395
1045.8458458458458	-0.16750132209304638	-0.16406263489806744
1046.846846846847	-0.16598017577279744	-0.16746481363904542
1047.8478478478476	-0.1671800878696945	-0.1734430590405818
1048.8488488488488	-0.1722000751224178	-0.17418643293191102
1049.8498498498498	-0.16695984936540603	-0.17001511639678
1050.850850850851	-0.1555361863400903	-0.17476333010275008
1051.851851851852	-0.15671142597273302	-0.1704136437817521
1052.852852852853	-0.1539516576402429	-0.17134391435426782
1053.853853853854	-0.16116099320986707	-0.17126010911989004
1054.854854854855	-0.15696710231614652	-0.17010313352442968
1055.855855855856	-0.16268751709714943	-0.17496953937174248
1056.856856856857	-0.1579973289512701	-0.1699022940523728
1057.8578578578579	-0.15929504007787396	-0.17035779867553263
1058.858858858859	-0.16200433389428082	-0.1714792802044241
1059.85985985986	-0.17365035807534135	-0.1747321300657474
1060.860860860861	-0.16550532578404303	-0.16506811267739083
1061.861861861862	-0.17060584679575808	-0.17066174861074376
1062.862862862863	-0.16142418879013787	-0.1634620636655449
1063.863863863864	-0.17213990653497704	-0.1638305314642277
1064.864864864865	-0.16382195625578574	-0.17031258886278883
1065.865865865866	-0.16654412932103382	-0.17196267098295376
1066.866866866867	-0.1565428030617652	-0.1698173683119232
1067.867867867868	-0.15827556472310708	-0.16475766292264613
1068.868868868869	-0.16008999429858006	-0.16106117477146242
1069.86986986987	-0.15773199853884848	-0.1730165997712883
1070.870870870871	-0.15467680499484937	-0.1713128745254969
1071.871871871872	-0.1587536100336014	-0.16207529244472219
1072.872872872873	-0.15551366994433888	-0.16880442959980219
1073.873873873874	-0.16087210470783983	-0.16950591437097615
1074.8748748748749	-0.16185821913334417	-0.1727404678621362
1075.8758758758759	-0.16519052568865306	-0.16996668488456165
1076.8768768768768	-0.1609730025342549	-0.1682188807205173
1077.8778778778778	-0.16195058285608238	-0.16751849305663427
1078.8788788788788	-0.16269291387933088	-0.16651514298171327
1079.8798798798798	-0.1622868515078743	-0.16527436584841645
1080.8808808808808	-0.16279172523969043	-0.17257930768280125
1081.881881881882	-0.1590414789523536	-0.17036741675969788
1082.882882882883	-0.16475007707112094	-0.1776240154706525
1083.883883883884	-0.17280060772640116	-0.1751994173076189
1084.884884884885	-0.16226969695653598	-0.16846062600559933
1085.885885885886	-0.165874884655041	-0.16305280686936582
1086.886886886887	-0.16610154213810777	-0.17530145115946436
1087.887887887888	-0.1566491380029732	-0.1760459192973184
1088.888888888889	-0.15440395097954088	-0.17228280850771494
1089.8898898898901	-0.1594335959062273	-0.16436232951060287
1090.8908908908913	-0.16158102963736035	-0.1689870420299623
1091.8918918918919	-0.16199033350321482	-0.17590632971237996
1092.892892892893	-0.15418478311213607	-0.18037524783782527
1093.893893893894	-0.1613619192185663	-0.17040722448045179
1094.894894894895	-0.17242569232684168	-0.1773232379232298
1095.8958958958963	-0.17526167592340341	-0.16974540503870034
1096.8968968968968	-0.15935409588885985	-0.17029222083951617
1097.897897897898	-0.16476837384841272	-0.1731357796820603
1098.898898898899	-0.15815954442124244	-0.17209483200479803
1099.8998998999	-0.15392909410300168	-0.16840476106538574
1100.9009009009012	-0.15980743972691205	-0.17758426952400092
1101.9019019019017	-0.1621364693668326	-0.17293271891496556
1102.902902902903	-0.16530983667622529	-0.17615547454195962
1103.903903903904	-0.16025435036491836	-0.1683241556555157
1104.904904904905	-0.16589851639040426	-0.17621459295924385
1105.9059059059061	-0.16495640255175925	-0.17781629969133889
1106.9069069069067	-0.1682779919142134	-0.16887418702497914
1107.9079079079079	-0.16383915837153307	-0.1763048782708508
1108.9089089089089	-0.1603231473824597	-0.16993345879321775
1109.9099099099099	-0.17185749638603842	-0.16609190948609232
1110.910910910911	-0.15947238531587365	-0.17132782378317474
1111.9119119119116	-0.16206561612860726	-0.16977121299138082
1112.912912912913	-0.16743045722347374	-0.17820950604410196
1113.913913913914	-0.1666720235401921	-0.16987866963933337
1114.914914914915	-0.16247169067543699	-0.1705102794180895
1115.915915915916	-0.16386182468427324	-0.1665752762800217
1116.916916916917	-0.16316132251448295	-0.17420683319146218
1117.917917917918	-0.1613017628612618	-0.1719691288897401
1118.918918918919	-0.1677515989996199	-0.16515081608639537
1119.91991991992	-0.1660413729861446	-0.1699452323092848
1120.9209209209212	-0.1634835686146069	-0.1725545947806714
1121.9219219219221	-0.15927462890076308	-0.17514137792165138
1122.9229229229231	-0.1561754268291699	-0.16927381639594316
1123.9239239239241	-0.16602849376452006	-0.1683241954607948
1124.924924924925	-0.1652915754413624	-0.17661423337356041
1125.925925925926	-0.16243831962072955	-0.16117395249978445
1126.926926926927	-0.16380048582346157	-0.17723191727940632
1127.927927927928	-0.1667106514257778	-0.16669454226297353
1128.928928928929	-0.16894829059695562	-0.16660221092071287
1129.92992992993	-0.15767825310621902	-0.1599321059618145
1130.930930930931	-0.1521684204254002	-0.1643053972362959
1131.931931931932	-0.16212784936861843	-0.17389635437647114
1132.932932932933	-0.1675002163062915	-0.17831583358589748
1133.933933933934	-0.16403250217919835	-0.16881834674070595
1134.934934934935	-0.1693747652702922	-0.17121394037571683
1135.935935935936	-0.15654815693750723	-0.1697712242352286
1136.936936936937	-0.16459110553221443	-0.1651379876522602
1137.937937937938	-0.15696387539165477	-0.17381688479251664
1138.938938938939	-0.1635673212333161	-0.17021809141148705
1139.93993993994	-0.1601490375029518	-0.1716887394715188
1140.940940940941	-0.16266603021063397	-0.16695770158746387
1141.9419419419419	-0.15672217451189482	-0.1747568135966029
1142.9429429429429	-0.1643504686038043	-0.1687506512972709
1143.943943943944	-0.15909843839618362	-0.16824035578002072
1144.944944944945	-0.1564729705727237	-0.16957247985611018
1145.945945945946	-0.16168633709982902	-0.16957678388563396
1146.946946946947	-0.1601361873435891	-0.16678801333674922
1147.947947947948	-0.1648532852104585	-0.16983887467480693
1148.948948948949	-0.16743471114628578	-0.1663539756454469
1149.94994994995	-0.1632805795560483	-0.16925343289258732
1150.950950950951	-0.16165740546859253	-0.16873672108386886
1151.9519519519522	-0.16671937232916173	-0.16921262159948675
1152.9529529529532	-0.1680481781106398	-0.1679450511446316
1153.9539539539542	-0.16785906242110235	-0.16454717899778043
1154.9549549549554	-0.1733054946813119	-0.172398884318402
1155.955955955956	-0.16807820889765193	-0.1703846231726142
1156.9569569569571	-0.16801912081813966	-0.16938125249532338
1157.9579579579581	-0.16028121200759723	-0.16950907437396617
1158.958958958959	-0.16197853222707767	-0.172872568399473
1159.9599599599603	-0.16720051984023826	-0.16885053556646876
1160.9609609609608	-0.1582906045624112	-0.16375104957379724
1161.961961961962	-0.16224711588506263	-0.15974514248174113
1162.962962962963	-0.16441923567591335	-0.1671456931207278
1163.963963963964	-0.16589204475696664	-0.17930522238336524
1164.9649649649652	-0.16243080525268047	-0.17489969401420877
1165.9659659659658	-0.1609752156867923	-0.17240424881352528
1166.966966966967	-0.16953916693535498	-0.17074232935439498
1167.967967967968	-0.1646201508492377	-0.17576874185175392
1168.968968968969	-0.16311190137600695	-0.17613936439134728
1169.9699699699702	-0.16570304026524316	-0.17278338949148594
1170.9709709709707	-0.17132031133905612	-0.16257041499903252
1171.971971971972	-0.167717306594102	-0.16386489662937684
1172.972972972973	-0.16666129209021505	-0.1638004273363813
1173.973973973974	-0.16602420855548175	-0.16205905891602837
1174.974974974975	-0.16392190312674307	-0.16582970046658863
1175.975975975976	-0.16800624247726362	-0.1635705574657655
1176.976976976977	-0.1661617628537582	-0.16326439840660448
1177.977977977978	-0.15046895799805265	-0.16337078149409065
1178.978978978979	-0.16066901530692396	-0.16280891669141015
1179.97997997998	-0.14860940294828862	-0.16852397330786023
1180.980980980981	-0.15923275280162727	-0.16560094044927853
1181.981981981982	-0.1656568340272564	-0.16295072784425685
1182.9829829829832	-0.15992675558166874	-0.16193340668253348
1183.9839839839842	-0.1676184046514355	-0.15531060491096094
1184.9849849849852	-0.161892628839217	-0.15562750912304474
1185.9859859859862	-0.15891583664311315	-0.15762670763771192
1186.9869869869872	-0.1580822125769105	-0.15496574753484751
1187.9879879879882	-0.1541192694999748	-0.16291096341414912
1188.9889889889891	-0.15770513251328552	-0.1651550813491337
1189.9899899899901	-0.1556146073529399	-0.16667192631965316
1190.9909909909911	-0.15940887693220082	-0.17293697499997288
1191.991991991992	-0.16127488462165024	-0.16541398098250037
1192.992992992993	-0.1597376215314036	-0.16685996204415282
1193.993993993994	-0.15862471215646723	-0.17016651461883353
1194.994994994995	-0.16318923540235847	-0.16991085398120936
1195.995995995996	-0.15548247286186737	-0.16948227289790518
1196.996996996997	-0.1523735684343738	-0.16112021873375998
1197.997997997998	-0.15306324894942577	-0.1613544103427414
1198.998998998999	-0.15286235989979283	-0.1671725748885604
1200.0	-0.14792614962933487	-0.15977258611470962
1203.0050083472454	-0.15551041019226897	-0.16258229707466837
1206.0100166944906	-0.16170673899173907	-0.15953249082506202
1209.0150250417362	-0.16670528676370525	-0.16183785670898318
1212.0200333889816	-0.16046384528184404	-0.17036848102014832
1215.025041736227	-0.16169819396435411	-0.16845525160226085
1218.0300500834724	-0.16098062050890694	-0.17068863550014013
1221.0350584307178	-0.1679890723425328	-0.16734768700000732
1224.0400667779634	-0.16437629137774198	-0.1679868620207901
1227.0450751252088	-0.16290025245469492	-0.16516912004621706
1230.0500834724542	-0.15790498029721012	-0.16321611004650882
1233.0550918196996	-0.16072599261270654	-0.16597265193422384
1236.060100166945	-0.1657932826472863	-0.16707378015504915
1239.0651085141903	-0.16878507399220205	-0.17738554140318516
1242.0701168614357	-0.16145003600697644	-0.16017055750296796
1245.0751252086811	-0.15158191756960188	-0.16636364148191846
1248.0801335559265	-0.16436979833797563	-0.16648503248781527
1251.0851419031721	-0.15120801003936205	-0.16663218993384776
1254.0901502504173	-0.1597891933119505	-0.16823502846883429
1257.0951585976627	-0.1598257270590887	-0.16797502368590672
1260.100166944908	-0.16892040108825196	-0.1639680506177044
1263.1051752921533	-0.16025332747871682	-0.16435688406119026
1266.110183639399	-0.17275659760727982	-0.16311934715585852
1269.1151919866445	-0.1606228971554377	-0.1715157495222691
1272.12020033389	-0.1551388001966162	-0.16791804647779968
1275.1252086811353	-0.15204923268594855	-0.16381223820947965
1278.1302170283807	-0.1602157189629393	-0.163093576613247
1281.135225375626	-0.16095801855278485	-0.17051888125850292
1284.1402337228715	-0.16623800862541085	-0.17387059720124104
1287.1452420701169	-0.1729219954587105	-0.1660306821104848
1290.1502504173623	-0.16403466821349105	-0.16735091046969888
1293.1552587646077	-0.16319570456931193	-0.16491989012976238
1296.160267111853	-0.16298191099349518	-0.16601353262920293
1299.1652754590984	-0.16300555663395383	-0.16269840791547222
1302.1702838063438	-0.16042090099381034	-0.16538940366597032
1305.1752921535892	-0.1619441763480145	-0.17274373524395292
1308.1803005008348	-0.15452316743143674	-0.16711674510834656
1311.1853088480802	-0.1546273618559599	-0.17457322677295925
1314.1903171953256	-0.15892012058820632	-0.17068328435630914
1317.1953255425708	-0.1683026634428972	-0.1697593681179119
1320.2003338898164	-0.15481537849342214	-0.16586090803832174
1323.2053422370618	-0.15801235783377682	-0.16285190884210854
1326.2103505843072	-0.15810582099785328	-0.1546058877007273
1329.2153589315526	-0.15153565478426267	-0.1600330288632901
1332.220367278798	-0.1531255708646771	-0.16529152531750702
1335.2253756260434	-0.15062469408164653	-0.16159932558608858
1338.2303839732888	-0.15139067294648756	-0.16763990979319487
1341.2353923205342	-0.15254118105877099	-0.16186685645561508
1344.2404006677796	-0.1605648229156166	-0.16109661433551886
1347.245409015025	-0.15688228930206768	-0.16136948131106627
1350.2504173622704	-0.1537433208209284	-0.1572432110030354
1353.2554257095157	-0.1548358759780432	-0.1609321820602112
1356.2604340567614	-0.15549435745330736	-0.16072486976269929
1359.2654424040068	-0.15972904094454315	-0.1624974057356336
1362.2704507512524	-0.15861613998261515	-0.1641517903504054
1365.2754590984975	-0.15543739409870425	-0.16291959430603628
1368.280467445743	-0.15767727635331172	-0.1659479229825382
1371.2854757929883	-0.15923601737559862	-0.1677623217873656
1374.2904841402335	-0.16299481024504273	-0.1640475195099666
1377.2954924874791	-0.15589394677675572	-0.16644526350492855
1380.3005008347245	-0.15571779133108016	-0.16075387015360545
1383.30550918197	-0.15319655809288807	-0.16495638711741617
1386.3105175292155	-0.15473275130073585	-0.16754215661827254
1389.3155258764607	-0.15277970546242903	-0.1742895542537142
1392.320534223706	-0.16693527441326908	-0.16641199629102002
1395.3255425709515	-0.16365127849426553	-0.16357061482646268
1398.3305509181966	-0.1645246396877247	-0.16934154592542994
1401.3355592654425	-0.1574022117323477	-0.16763023955855766
1404.340567612688	-0.14678961762911932	-0.15990955991490682
1407.3455759599335	-0.15087393829736795	-0.1676173415916774
1410.3505843071787	-0.14309631603981818	-0.16450412176393606
1413.355592654424	-0.14776288825931208	-0.1629120474522856
1416.3606010016695	-0.148312900720871	-0.1548465503416854
1419.3656093489146	-0.1514035236224454	-0.15568769267311947
1422.3706176961603	-0.1476382799399953	-0.1601007471545666
1425.3756260434056	-0.15225541227577125	-0.1581724675654314
1428.380634390651	-0.15855485535232067	-0.15794147246495294
1431.3856427378967	-0.15381956572495525	-0.16119431386265168
1434.3906510851418	-0.14626321516752594	-0.15721743427596188
1437.3956594323872	-0.15856669060168158	-0.1538743605448899
1440.4006677796326	-0.15290104879707142	-0.1674046736663515
1443.4056761268778	-0.15475521612740678	-0.1666237109711871
1446.4106844741236	-0.15338017554100694	-0.15690056868062321
1449.415692821369	-0.14679497220066207	-0.15907487543167287
1452.4207011686146	-0.1531932548893633	-0.15967859375035393
1455.4257095158598	-0.15422561469617455	-0.1614607566793752
1458.4307178631052	-0.14790254816475712	-0.15905120556852081
1461.4357262103506	-0.14865882995798857	-0.16019209460512898
1464.4407345575958	-0.15225760059055782	-0.16165094205134167
1467.4457429048414	-0.1614801020497075	-0.15758810429592673
1470.4507512520868	-0.15155289578722422	-0.16491022533208646
1473.4557595993322	-0.14904127091653646	-0.16005135506447055
1476.4607679465778	-0.14326068579279522	-0.1644697749970527
1479.465776293823	-0.15927575002503563	-0.15479069773187104
1482.4707846410683	-0.15623779844404892	-0.16193559692896703
1485.4757929883137	-0.1627252209358368	-0.17011603040417284
1488.480801335559	-0.15580050894351521	-0.16020817731651893
1491.4858096828048	-0.14583998882890975	-0.1610085102186537
1494.4908180300501	-0.15357677475819634	-0.16506922637688964
1497.4958263772958	-0.1570487792463414	-0.16550755516246957
1500.500834724541	-0.14243460214010967	-0.16345349507408827
1503.5058430717863	-0.1568103437274765	-0.16669460035444675
1506.5108514190317	-0.16105790952869958	-0.1667633606802545
1509.515859766277	-0.14683369700295965	-0.16245667837534794
1512.5208681135225	-0.14942696774261896	-0.1669029772812052
1515.525876460768	-0.15036587232589688	-0.16300447961312686
1518.5308848080133	-0.1608108843849771	-0.16441712711882894
1521.535893155259	-0.1567877868733498	-0.16914491491760553
1524.5409015025043	-0.16082158630756743	-0.16257161433662226
1527.5459098497495	-0.15449097688608635	-0.1684198195595127
1530.5509181969949	-0.15491419771674703	-0.16121158039929126
1533.55592654424	-0.1590382702059011	-0.1677322828884636
1536.5609348914859	-0.15190306522919372	-0.1646427077060313
1539.5659432387313	-0.15574461399994485	-0.16281540931138488
1542.570951585977	-0.15403335285742603	-0.17104537922092306
1545.575959933222	-0.15529568442302513	-0.16296056613964435
1548.5809682804675	-0.16795791244368136	-0.15546542264059587
1551.5859766277129	-0.15921667442792925	-0.1571026347617659
1554.590984974958	-0.16294755633900196	-0.16322052384254368
1557.5959933222036	-0.1553836818992792	-0.16436668190792766
1560.601001669449	-0.1584689650154013	-0.14240025148788338
1563.6060100166944	-0.15186119454218344	-0.141057419258116
1566.61101836394	-0.1518590606103721	-0.14360987120497282
1569.6160267111854	-0.15294617953222417	-0.14076951557129386
1572.6210350584306	-0.14800137708798844	-0.1454489703358639
1575.626043405676	-0.1538657659068132	-0.14765016357418792
1578.6310517529212	-0.1541848253827954	-0.14752237406806307
1581.636060100167	-0.14983192276962343	-0.15317193854272407
1584.6410684474124	-0.15096201326069553	-0.14131744462518106
1587.646076794658	-0.14829787657191632	-0.14233797720664276
1590.6510851419032	-0.15138635870276082	-0.1463588931768955
1593.6560934891486	-0.1479669962164206	-0.1598515220795848
1596.661101836394	-0.1479272310744968	-0.15847001281685352
1599.6661101836391	-0.15783298747619962	-0.15339415070835546
1602.6711185308848	-0.15388621209460568	-0.15030243914070646
1605.6761268781302	-0.16514550607903405	-0.14627720643021488
1608.6811352253756	-0.15001670720591115	-0.13494163195348363
1611.6861435726212	-0.14091556616994583	-0.1433348238101267
1614.6911519198666	-0.15261315643093898	-0.14816146016501366
1617.6961602671117	-0.14956229396571044	-0.1557521424635904
1620.7011686143571	-0.14563481332094355	-0.1492099365333049
1623.7061769616028	-0.1421649722096194	-0.1540870748829432
1626.7111853088481	-0.1486513891335607	-0.1483591253761971
1629.7161936560935	-0.14362059458582443	-0.15088468230975638
1632.7212020033392	-0.14271385919359256	-0.1515464309820693
1635.7262103505843	-0.14246140683090264	-0.14372906314274372
1638.7312186978297	-0.1410122437774789	-0.14451112877934558
1641.736227045075	-0.14793691083254143	-0.14512883197375256
1644.7412353923203	-0.1504775481035719	-0.14169440607298806
1647.746243739566	-0.14525453977204494	-0.13938152569091916
1650.7512520868113	-0.15680069552148407	-0.14538985048030864
1653.7562604340567	-0.15343821973924493	-0.14600864117886983
1656.7612687813023	-0.1534983571068534	-0.14720643768963987
1659.7662771285477	-0.1573022915275102	-0.1417663794267454
1662.7712854757929	-0.150211150225128	-0.14189101823971184
1665.7762938230383	-0.15414723722450763	-0.14421141306543844
1668.7813021702839	-0.15082991115652022	-0.16182173699108468
1671.7863105175293	-0.15020896829396446	-0.1629228596036411
1674.7913188647747	-0.15454464646209534	-0.16066693831737588
1677.7963272120203	-0.147261223031841	-0.1536563224669241
1680.8013355592655	-0.1500640045447746	-0.1268011240976715
1683.8063439065108	-0.156838231392171	-0.12560270744495547
1686.8113522537562	-0.14950534422127337	-0.12761531176241558
1689.8163606010014	-0.1512553296286655	-0.13447854579307522
1692.821368948247	-0.15688657739296774	-0.1297444056198901
1695.8263772954924	-0.14980934036969484	-0.11769531171798635
1698.8313856427378	-0.14007334812164737	-0.10303445943007286
1701.8363939899834	-0.14876194323031044	-0.11326073731754188
1704.8414023372288	-0.14236258227626505	-0.13871629157769608
1707.846410684474	-0.15135950747867843	-0.1267760534066876
1710.8514190317194	-0.155029159284879	-0.11902977491611404
1713.8564273789646	-0.15384638235853965	-0.11203009713499297
1716.8614357262104	-0.15087283746569444	-0.111655527439507
1719.8664440734558	-0.14735465248362678	-0.11067117052845654
1722.8714524207014	-0.1517548066606848	-0.1369040929468408
1725.8764607679466	-0.15257339562047695	-0.11921028845090559
1728.881469115192	-0.15006178615929688	-0.15186547643448906
1731.8864774624374	-0.16081081166976235	-0.13215596639986804
1734.8914858096825	-0.15459516180959126	-0.12387533763767246
1737.8964941569277	-0.14833975413429018	-0.10719530976384484
1740.9015025041735	-0.14756413144400204	-0.1362298951636693
1743.9065108514194	-0.14515565813615477	-0.1385529061665588
1746.9115191986646	-0.14227130548214137	-0.14501494627910405
1749.9165275459102	-0.14804864887866653	-0.16479952989053706
1752.9215358931554	-0.15024444604332818	-0.16577925780125208
1755.9265442404005	-0.1445465551682762	-0.1655149764681367
1758.9315525876457	-0.1463534390651761	-0.15525258545728876
1761.9365609348915	-0.1402269549238226	-0.15515697978175497
1764.941569282137	-0.14744165751810173	-0.16395620676485329
1767.9465776293825	-0.14928940525511974	-0.15811438289244678
1770.9515859766277	-0.1526432498402016	-0.15720343192515152
1773.9565943238729	-0.1466983323640283	-0.1555007565560943
1776.9616026711185	-0.1460795731877455	-0.15840983507989423
1779.9666110183637	-0.15014775280526743	-0.15528159505606762
1782.9716193656095	-0.1495214545812063	-0.1633256169269029
1785.9766277128547	-0.14838058959048178	-0.15712500888118386
1788.9816360601005	-0.14756201718263862	-0.15391194526277377
1791.9866444073457	-0.1558273533961898	-0.1640508397943118
1794.991652754591	-0.1465812043837712	-0.1613371961393851
1797.9966611018363	-0.1544351218913	-0.1605282927609143
1801.0016694490816	-0.15009727919161797	-0.16451055222561412
1804.0066777963268	-0.1543008328370074	-0.15529343875977944
1807.0116861435727	-0.14831504242887716	-0.15884599198120444
1810.0166944908178	-0.15366378252561883	-0.15750208119505787
1813.0217028380637	-0.15366162738219655	-0.16003625715213898
1816.0267111853088	-0.14313928614287053	-0.1582959577425437
1819.0317195325542	-0.13910974594797784	-0.15809937332183904
1822.0367278797996	-0.14746421785686561	-0.15716691203808716
1825.0417362270448	-0.15306217461180494	-0.153851766745136
1828.0467445742906	-0.1523113072155836	-0.1619291015618926
1831.0517529215358	-0.14850956396899262	-0.155136578783295
1834.0567612687817	-0.1535102295503219	-0.15338231487525883
1837.0617696160268	-0.15046467017603277	-0.16256613413591628
1840.0667779632722	-0.14572504424350374	-0.15235425430270072
1843.0717863105174	-0.15393347285226977	-0.1613694375049422
1846.0767946577628	-0.14974063855539338	-0.15785341354481858
1849.081803005008	-0.1499275178661214	-0.16207630074488383
1852.0868113522538	-0.1533458118644622	-0.16087417759881986
1855.0918196994992	-0.15879442305720692	-0.16608754102000353
1858.0968280467448	-0.1546639341440327	-0.16821994753452552
1861.10183639399	-0.1543685450800688	-0.15832498410141072
1864.1068447412356	-0.15413222333067955	-0.1612952852690931
1867.1118530884808	-0.1512500051344753	-0.1609483195641058
1870.116861435726	-0.14970308610481078	-0.16398199931506907
1873.1218697829718	-0.15026161040913547	-0.16204187888161062
1876.126878130217	-0.15495720820949277	-0.15655030264831482
1879.1318864774628	-0.1544050365491903	-0.1560206970983245
1882.136894824708	-0.14733425817898646	-0.15437814395806648
1885.1419031719531	-0.14701413729821963	-0.15745264832583183
1888.1469115191983	-0.14315432543250817	-0.1556962373291471
1891.151919866444	-0.1468927221102453	-0.16267139588562118
1894.1569282136895	-0.15785120788623136	-0.15974944401383198
1897.161936560935	-0.15413001002358914	-0.14760929933690048
1900.1669449081808	-0.16107079024091794	-0.13132357164355576
1903.171953255426	-0.15474339616187321	-0.13376747736196457
1906.176961602671	-0.13840609407429888	-0.13524134956197575
1909.1819699499165	-0.12849393485786909	-0.15363156801336733
1912.1869782971619	-0.11936384655814986	-0.16754426495615896
1915.191986644407	-0.13832019122759223	-0.15567586324695873
1918.196994991653	-0.14857933268745369	-0.15252074030528376
1921.202003338898	-0.1496020221334858	-0.1597182469863307
1924.207011686144	-0.15189451120735004	-0.15024761466060174
1927.212020033389	-0.15096634213355228	-0.1554652965880821
1930.2170283806345	-0.15214911401157466	-0.1480421724672683
1933.2220367278796	-0.15923277878615116	-0.14312210408585577
1936.227045075125	-0.15913714217866815	-0.1350866813120953
1939.2320534223709	-0.15450708311023378	-0.13689357584895734
1942.237061769616	-0.1568930310781479	-0.16102034459139178
1945.2420701168614	-0.15114897833119473	-0.15555566572332674
1948.247078464107	-0.1521716531079831	-0.16235567420989017
1951.2520868113522	-0.16146827963005123	-0.1669062652050899
1954.2570951585976	-0.15381526304422138	-0.16684499110339582
1957.262103505843	-0.15293330670769312	-0.16043699733638406
1960.2671118530882	-0.14937642858730793	-0.15666206212608688
1963.272120200334	-0.1566555948615197	-0.15463176803476888
1966.2771285475792	-0.16115675336946536	-0.1545909486470823
1969.282136894825	-0.15301387023984492	-0.16482001365009
1972.2871452420702	-0.15939815900725854	-0.15376588964205196
1975.2921535893158	-0.15566403881755494	-0.15326952717112546
1978.297161936561	-0.15668135452084364	-0.16057340997701244
1981.3021702838062	-0.16387671920633762	-0.14942049495446824
1984.3071786310518	-0.1578824134653704	-0.1538067110230195
1987.3121869782972	-0.14907670207422552	-0.1546929470296617
1990.3171953255426	-0.14973844417022475	-0.15685218135609236
1993.3222036727882	-0.1567114816772347	-0.15895240022924212
1996.3272120200334	-0.16060991738925948	-0.16125129402542596
1999.3322203672785	-0.1578619412304923	-0.16806313265309553
2002.3372287145241	-0.15422561372387314	-0.1577910836467119
2005.3422370617693	-0.1555587819744864	-0.16306997816412339
2008.3472454090152	-0.15838728310561997	-0.15184938764408296
2011.3522537562603	-0.16670955456457243	-0.16544949566531975
2014.3572621035062	-0.15879335308299927	-0.1619946755175706
2017.3622704507513	-0.15448237159519265	-0.1531030130837555
2020.3672787979967	-0.15211041165172598	-0.15968497864157888
2023.372287145242	-0.1591199256615297	-0.1529633501752252
2026.3772954924873	-0.15904687603317708	-0.150032788163253
2029.382303839733	-0.15495610242222257	-0.1616874073111092
2032.3873121869783	-0.1565846938067198	-0.1509287232010495
2035.3923205342235	-0.16143713306989838	-0.1572303104022173
2038.3973288814693	-0.16037898633271067	-0.15373036311712646
2041.4023372287145	-0.15411497654865752	-0.1619978385719749
2044.4073455759599	-0.16092037030201062	-0.16597257224543416
2047.4123539232053	-0.15617002304931965	-0.15985146987890608
2050.4173622704507	-0.1474997009656388	-0.1593895319941194
2053.4223706176963	-0.1385736901979185	-0.13393180257144033
2056.4273789649415	-0.14536623983801994	-0.13790440514448304
2059.432387312187	-0.1364681782740118	-0.14116694164337457
2062.4373956594322	-0.13836535136720954	-0.14410827107338664
2065.442404006678	-0.1355379356856231	-0.14198873956661925
2068.447412353923	-0.1479198433382247	-0.1427697237849924
2071.4524207011686	-0.1436517553404585	-0.14416197964654492
2074.4574290484143	-0.140275379761447	-0.14631693376094249
2077.4624373956594	-0.12108504190101851	-0.1465317896852546
2080.4674457429046	-0.09138184194128798	-0.1441565946737709
2083.47245409015	-0.12116280498348068	-0.1421992935221625
2086.4774624373963	-0.13946537961668973	-0.14337989322375314
2089.4824707846415	-0.13666530014469766	-0.15651268392169643
2092.4874791318866	-0.11451407102725317	-0.14803573589551852
2095.492487479132	-0.12866620850734659	-0.15917576141759948
2098.4974958263774	-0.13025009803874266	-0.15993740457129446
2101.5025041736226	-0.14069939790841388	-0.1553417434103886
2104.507512520868	-0.12900107529127833	-0.16183781113365073
2107.5125208681134	-0.12002993795068204	-0.16140810983613707
2110.5175292153585	-0.10401288696268154	-0.15743011126643333
2113.5225375626037	-0.13729963534826703	-0.13093356264849312
2116.52754590985	-0.13537728585759545	-0.13181230464834517
2119.5325542570954	-0.11397540234647652	-0.1377153502119549
2122.5375626043406	-0.112011501454091	-0.13764875906019003
2125.5425709515857	-0.11292284232003563	-0.13489223250475071
2128.5475792988314	-0.12354218726978022	-0.1356549487537518
2131.552587646077	-0.13585796656468188	-0.14215099799108075
2134.557595993322	-0.13198752196046956	-0.14371512853823473
2137.5626043405678	-0.1055923951643999	-0.14681863120450087
2140.567612687813	-0.09267644562426415	-0.145113801655488
2143.5726210350585	-0.13504865275260491	-0.1523081542528042
2146.5776293823037	-0.14488687323181565	-0.14413303693082724
2149.5826377295493	-0.12337690817672106	-0.14521808535854497
2152.5876460767945	-0.11300637468480523	-0.14468521599843864
2155.59265442404	-0.09855356347183002	-0.15190639961662103
2158.5976627712853	-0.09935843720051928	-0.14606026507485473
2161.602671118531	-0.13516625858589337	-0.1491025486883023
2164.6076794657765	-0.11937129196084831	-0.14331337724528811
2167.6126878130217	-0.16079465597487624	-0.14352070234481132
2170.617696160267	-0.1419264391761556	-0.13852221260927794
2173.6227045075125	-0.11463866342622023	-0.13631673827308427
2176.627712854758	-0.10333966520308069	-0.1436861256134293
2179.6327212020033	-0.13062950224619777	-0.14161602992652447
2182.637729549249	-0.13918880736247163	-0.141743829336353
2185.642737896494	-0.14211982211366836	-0.13754564011829823
2188.6477462437397	-0.14922601780701744	-0.14134316061833319
2191.652754590985	-0.14726547718369837	-0.1495505653170366
2194.6577629382305	-0.1495697514230039	-0.15821127205294244
2197.6627712854756	-0.1396651190110957	-0.15616365079301373
2200.6677796327217	-0.15402580955528894	-0.1608989430623355
2203.672787979967	-0.15073425825053097	-0.15531709418017137
2206.677796327212	-0.15125422064990715	-0.15903723558636554
2209.6828046744577	-0.14640394593954	-0.14998021103569695
2212.687813021703	-0.14253982198966786	-0.1505946762513114
2215.692821368948	-0.14083499360020424	-0.14412654068716182
2218.6978297161936	-0.14548867484769928	-0.14236689205670486
2221.702838063439	-0.1555018007667932	-0.1441673358368241
2224.707846410684	-0.14440044344454167	-0.14508800758251797
2227.712854757929	-0.14883928635647137	-0.14440156860775177
2230.717863105175	-0.1553986671674208	-0.1348073817638334
2233.722871452421	-0.14281697827610884	-0.14132382308704208
2236.727879799666	-0.13896469378454684	-0.14993827954183242
2239.7328881469116	-0.14449498381873585	-0.14458096394831116
2242.737896494157	-0.15376046352017295	-0.1443285151498357
2245.7429048414024	-0.160420873416396	-0.12634975994393743
2248.7479131886475	-0.15377232481413533	-0.14902415508718908
2251.752921535893	-0.149294816812062	-0.15324167744860753
2254.757929883139	-0.1608301507265572	-0.16195387029393293
2257.762938230384	-0.1492969189464861	-0.1594003781783287
2260.767946577629	-0.1401936616783172	-0.14737725509378685
2263.7729549248747	-0.14570888102798693	-0.16014371402614846
2266.7779632721204	-0.1572131040002642	-0.15853554722142638
2269.7829716193655	-0.14300711975135277	-0.15728188536336166
2272.7879799666107	-0.15170537509411694	-0.15479605164094676
2275.7929883138563	-0.1536422779523156	-0.1518826795336078
2278.797996661102	-0.14528885474574918	-0.15159259229481856
2281.803005008347	-0.15089217373059471	-0.15317392172349545
2284.8080133555927	-0.15201047776848556	-0.15433627710307235
2287.8130217028383	-0.14735897606099543	-0.16236419537063854
2290.8180300500835	-0.15100819809368649	-0.1464781382547434
2293.8230383973287	-0.14772528599439308	-0.15053992299394875
2296.8280467445743	-0.14576048665376362	-0.14588408553842996
2299.83305509182	-0.1490960637792917	-0.15232963798226784
2302.838063439065	-0.1516248835309864	-0.16079695248592799
2305.8430717863102	-0.1386564469584967	-0.15316646596159852
2308.848080133556	-0.14764150067739557	-0.154920712323385
2311.853088480802	-0.14748033178017905	-0.15527841870668757
2314.858096828047	-0.14618263246611193	-0.1480314792548375
2317.8631051752923	-0.14052668093824566	-0.15759344342806345
2320.8681135225374	-0.13804620960844485	-0.15302461795311398
2323.873121869783	-0.13577737800130127	-0.1545511421050202
2326.8781302170282	-0.14074259661847724	-0.15844856150178085
2329.883138564274	-0.15448234687929457	-0.14962032630849012
2332.888146911519	-0.1418297360815774	-0.14948173344507149
2335.893155258764	-0.14325635314071591	-0.14883179818329745
2338.8981636060093	-0.14427367589382853	-0.15000488451755856
2341.9031719532554	-0.14387512985987422	-0.14994042668654387
2344.908180300501	-0.1510135794167669	-0.15438676300867504
2347.913188647746	-0.14168903349410794	-0.15185692904998135
2350.9181969949914	-0.14723863414057864	-0.1471345057697269
2353.923205342237	-0.14324776694693903	-0.15725078996246022
2356.9282136894826	-0.14649311317539868	-0.14922931337089196
2359.933222036728	-0.15153245762630085	-0.149781485652354
2362.938230383973	-0.15071497081009325	-0.14744176654131066
2365.943238731219	-0.14191895049478148	-0.15237794129771287
2368.948247078464	-0.1462761253677528	-0.14931842262640344
2371.9532554257094	-0.14897249260529127	-0.151465867167287
2374.958263772955	-0.14729020609228655	-0.15693920017693827
2377.9632721202006	-0.1521083101359219	-0.15947550718998085
2380.9682804674458	-0.1421316859315199	-0.16050140801698098
2383.973288814691	-0.14646735411967665	-0.15553621326818728
2386.9782971619366	-0.14572824842880527	-0.1522930392376212
2389.983305509182	-0.14741376883314267	-0.15015956923767104
2392.9883138564273	-0.15352199058159932	-0.15608087701816076
2395.9933222036725	-0.15361658275014817	-0.15323514034330682
2398.998330550918	-0.14853850341969962	-0.15432442300880364
2402.0033388981637	-0.14310275631779676	-0.16465347691064042
2405.008347245409	-0.144300565592084	-0.15119729318479624
2408.013355592654	-0.1541418253216432	-0.14968687239151335
2411.0183639399	-0.15016925635288608	-0.15140029810701372
2414.0233722871453	-0.14929914571440783	-0.1580563906246431
2417.0283806343905	-0.14615259852906365	-0.15081804967468762
2420.033388981636	-0.1471183355154371	-0.14939358557928922
2423.038397328882	-0.15404517043411053	-0.15738719463043388
2426.0434056761273	-0.14539631256395644	-0.1533458141878741
2429.0484140233725	-0.1520245303054033	-0.15975803365227081
2432.0534223706177	-0.15120058858494953	-0.1611137265269952
2435.0584307178633	-0.14727091253630703	-0.1486351713915015
2438.0634390651085	-0.14034194510617043	-0.15581123755674858
2441.0684474123536	-0.15220709079587522	-0.16408729355230034
2444.0734557595993	-0.14936138107050329	-0.15798871892866534
2447.0784641068444	-0.1471204775143203	-0.1528366057600124
2450.0834724540896	-0.1509137014458262	-0.16293252573757466
2453.0884808013357	-0.14375377775523446	-0.15020367478761876
2456.0934891485813	-0.14040321294312014	-0.15684794421467682
2459.0984974958265	-0.14373338782188866	-0.15546642585882123
2462.1035058430716	-0.14639218014560323	-0.15107053399514764
2465.1085141903172	-0.13524138800351831	-0.13260837442350773
2468.113522537563	-0.1448323423711312	-0.1242313137365578
2471.118530884808	-0.14647272221523022	-0.1303191390949871
2474.123539232053	-0.14548546472906254	-0.13793131869320907
2477.128547579299	-0.13884012758039324	-0.13764770334244653
2480.1335559265444	-0.1438192861161408	-0.13332057366759567
2483.1385642737896	-0.1483430069991881	-0.14058686667983833
2486.1435726210348	-0.1462891004620666	-0.14514383641343653
2489.1485809682804	-0.15105336356453777	-0.14703452563660205
2492.153589315526	-0.1472429705414246	-0.13216787548248005
2495.158597662771	-0.1547273174928565	-0.1302814860443131
2498.163606010017	-0.15122096704524818	-0.13466551988053999
2501.1686143572624	-0.15465322583737773	-0.12792456505487282
2504.1736227045076	-0.14537055016888675	-0.13049741045065683
2507.1786310517527	-0.14658978755521526	-0.13717714808367076
2510.1836393989984	-0.14323166775733492	-0.12964230864302745
2513.188647746244	-0.14529746669259522	-0.13031480752564267
2516.193656093489	-0.14640932858918937	-0.13680976209795626
2519.1986644407343	-0.1395620269040144	-0.13532835022882883
2522.20367278798	-0.1460473091647701	-0.12734446686538245
2525.2086811352256	-0.14835052161787676	-0.13817515131306735
2528.2136894824707	-0.14674345707864345	-0.1376305198738554
2531.218697829716	-0.14549084939020374	-0.14631269449189255
2534.2237061769615	-0.15167531313428328	-0.14196191351580048
2537.2287145242076	-0.146711169116324	-0.14313928816151955
2540.2337228714528	-0.14762427986177898	-0.14878557621111832
2543.238731218698	-0.14421673366397647	-0.13754131260890545
2546.2437395659435	-0.1442801307863974	-0.13788616781319069
2549.2487479131887	-0.15612491855205257	-0.13273616812351283
2552.253756260434	-0.14829143473313433	-0.13358484818067498
2555.2587646076795	-0.14706784431142944	-0.14146885974831808
2558.2637729549247	-0.14811846476000468	-0.13909151181329393
2561.26878130217	-0.15621835425127248	-0.14436509278543216
2564.273789649415	-0.1477070355264411	-0.14805304280260373
2567.278797996661	-0.15153782980019	-0.14672740374694837
2570.2838063439067	-0.142634373400168	-0.13937085402428775
2573.288814691152	-0.1371524461348515	-0.14207366135487984
2576.293823038397	-0.14878023190559436	-0.1372233850985424
2579.2988313856426	-0.1444681302691924	-0.12951987930601302
2582.3038397328883	-0.14356789024847535	-0.13813755883836584
2585.3088480801334	-0.15744729524139395	-0.14398903484869796
2588.313856427379	-0.13748329586474167	-0.1423916236320993
2591.3188647746247	-0.13505762512292752	-0.13413379290811528
2594.32387312187	-0.14337023598653104	-0.12885273143506468
2597.328881469115	-0.13683982547175166	-0.1349609691044268
2600.3338898163606	-0.14339385591743067	-0.13635749900247357
2603.3388981636062	-0.14373009977873094	-0.12865725644835344
2606.3439065108514	-0.14758455716740249	-0.1326706971763243
2609.3489148580966	-0.1465780121207872	-0.1376584627099742
2612.353923205342	-0.1487597803661686	-0.14463580000856466
2615.358931552588	-0.1497395174573035	-0.14063950865109612
2618.363939899833	-0.1484471668782771	-0.13578169842364768
2621.368948247078	-0.1526314158018477	-0.13644774949280333
2624.3739565943238	-0.15087072983826297	-0.13154270778926688
2627.3789649415694	-0.1347289328900674	-0.14691102106381634
2630.3839732888146	-0.14319730872913158	-0.14282347936610673
2633.38898163606	-0.1409080759026171	-0.14463256641878428
2636.393989983306	-0.13869512970985481	-0.13598153748375957
2639.398998330551	-0.14332193637651727	-0.13489976222112027
2642.404006677796	-0.1412088601515589	-0.13309608493073294
2645.4090150250418	-0.14510196915100101	-0.1362469234640517
2648.414023372288	-0.14363992140526322	-0.1323591636031895
2651.419031719533	-0.14445854377475337	-0.13862958780130444
2654.424040066778	-0.15226513593936097	-0.13055549755725215
2657.4290484140233	-0.1493613762626658	-0.13913131198267248
2660.434056761269	-0.13901303906061988	-0.14017114423928226
2663.439065108514	-0.13944919536056727	-0.12835860627412787
2666.4440734557593	-0.13761222133684145	-0.1364251876428463
2669.449081803005	-0.1432048076906148	-0.13426594946765577
2672.45409015025	-0.14775428665333368	-0.13888846922712567
2675.4590984974952	-0.14371829576347367	-0.14330260833560893
2678.4641068447413	-0.14406314624174477	-0.1388229776255982
2681.469115191987	-0.14200271533765313	-0.1431532982717562
2684.474123539232	-0.13689033158410024	-0.13624689242705107
2687.4791318864773	-0.14269777295330519	-0.1286776666341028
2690.484140233723	-0.14723541639450377	-0.1386220389229853
2693.4891485809685	-0.1428782373424768	-0.1375854165293308
2696.4941569282137	-0.14745027991974285	-0.13953625290713978
2699.499165275459	-0.1489306066425509	-0.14120133651677816
2702.5041736227045	-0.1456917125180867	-0.13556794420082233
2705.50918196995	-0.14343366476147035	-0.1405643069008068
2708.5141903171952	-0.15300853572236042	-0.13579782412916264
2711.5191986644404	-0.1490338095732302	-0.13582787782921196
2714.524207011686	-0.14392784429438663	-0.14317903040182575
2717.5292153589317	-0.14719464708654095	-0.14194255917790657
2720.534223706177	-0.1528333935635769	-0.1363929590967034
2723.5392320534224	-0.1369075414395239	-0.1280846589003657
2726.544240400668	-0.14926044281190032	-0.1310281221496702
2729.549248747913	-0.13884660027367396	-0.13234192574851783
2732.5542570951584	-0.14415772095264157	-0.13292954549298658
2735.559265442404	-0.140710460787839	-0.12372317394557611
2738.56427378965	-0.13914208022991348	-0.13539927908723356
2741.5692821368953	-0.14274831084145434	-0.1362479737816449
2744.5742904841404	-0.1405954990743215	-0.1334204842274505
2747.5792988313856	-0.14194043517649413	-0.12784401363975223
2750.584307178631	-0.13922151447376183	-0.1354712512714319
2753.5893155258764	-0.13812680836267688	-0.13779593741275087
2756.5943238731215	-0.14173096633443016	-0.1379914438162318
2759.599332220367	-0.13889276980057413	-0.13922038248841576
2762.6043405676123	-0.14200381111454632	-0.12835965448845565
2765.6093489148575	-0.13403712395694625	-0.13603737368876123
2768.6143572621036	-0.13150508902236488	-0.1291514188751604
2771.619365609349	-0.14245390818140655	-0.12433766002992079
2774.6243739565944	-0.12966379532829853	-0.13033742559629644
2777.6293823038395	-0.13206690855893638	-0.13354403558884712
2780.634390651085	-0.13351285009088687	-0.13369121956706412
2783.639398998331	-0.13147822382540697	-0.13737163980173503
2786.6444073455764	-0.1324031512402432	-0.12041020253624563
2789.6494156928215	-0.13516076946769998	-0.11934560879096813
2792.6544240400667	-0.1445637648490129	-0.12767751713274755
2795.6594323873123	-0.14288577812061745	-0.13189077381169279
2798.6644407345575	-0.1386617784023377	-0.129255594490204
2801.6694490818027	-0.14044288052502446	-0.13355482102689156
2804.6744574290483	-0.1329639158681508	-0.13089607974549045
2807.6794657762935	-0.1373501018814971	-0.13705050562036408
2810.6844741235386	-0.1371288071616802	-0.13872845118856106
2813.6894824707847	-0.14023878192179656	-0.13519737154979228
2816.6944908180303	-0.13945458276666	-0.14756640982332758
2819.6994991652755	-0.13792591647267619	-0.13883800953255215
2822.7045075125206	-0.14676489428345063	-0.13785828713167964
2825.7095158597663	-0.13841579444340096	-0.14018514930497464
2828.7145242070123	-0.13667982397307693	-0.1290633232871966
2831.7195325542575	-0.14040751332168072	-0.130654310286566
2834.7245409015027	-0.13976188365412218	-0.1311173214397096
2837.729549248748	-0.14059013726588518	-0.13356877125147637
2840.7345575959935	-0.14048485087716361	-0.13195950890018923
2843.7395659432386	-0.13314443979220328	-0.12554405797924081
2846.744574290484	-0.13730503093453972	-0.1326191064075548
2849.7495826377294	-0.14053104174716813	-0.13227428437312544
2852.7545909849746	-0.14020122164726545	-0.1325772578295583
2855.7595993322198	-0.14023989885479266	-0.13219377832809065
2858.764607679466	-0.13623938868070282	-0.13918499005243615
2861.7696160267114	-0.13813113513756936	-0.14254202219863196
2864.7746243739566	-0.1409445888890161	-0.13668520238740287
2867.779632721202	-0.14027000287043323	-0.1373265230057275
2870.7846410684474	-0.1376810268896937	-0.1256815865906447
2873.7896494156935	-0.13185208234593876	-0.13353331786612666
2876.7946577629386	-0.14479257426524203	-0.12904292760362054
2879.799666110184	-0.1338920673819437	-0.13718255551830447
2882.804674457429	-0.13503399900000995	-0.12955425057384107
2885.8096828046746	-0.13636074011021018	-0.12876040423631974
2888.8146911519198	-0.13867682909992954	-0.13835139716143396
2891.819699499165	-0.13506625368442626	-0.14318453604472495
2894.8247078464105	-0.13915491356129955	-0.1393193270829355
2897.8297161936557	-0.13587302004109852	-0.1356678837529489
2900.834724540901	-0.12582335159482944	-0.14566815785207327
2903.839732888147	-0.13582470459907944	-0.13844917176695504
2906.8447412353926	-0.14136677650974258	-0.13551747700298658
2909.8497495826377	-0.13709766155964803	-0.13404254943449687
2912.854757929883	-0.13288120652755164	-0.13253535073494702
2915.8597662771285	-0.13441309917318964	-0.1357634841956344
2918.8647746243746	-0.13773363756807103	-0.13240751353040422
2921.8697829716198	-0.1422326201148142	-0.13927304964161288
2924.874791318865	-0.12981204374597602	-0.13618460710427538
2927.87979966611	-0.13931281014955077	-0.12628745399313335
2930.8848080133557	-0.1315405625970073	-0.12540331891701736
2933.889816360601	-0.12802235492974104	-0.13160498632685952
2936.8948247078465	-0.1311731585459416	-0.1221075020890186
2939.8998330550917	-0.13028366763762625	-0.1402689241619352
2942.904841402337	-0.13092607562744002	-0.13744038723263027
2945.909849749582	-0.1303330684880895	-0.1302955180991643
2948.914858096828	-0.13426701593854953	-0.13396732315134774
2951.9198664440737	-0.13490081173699803	-0.13810645380586978
2954.924874791319	-0.12289706471933584	-0.13674001424175036
2957.929883138564	-0.12119543804291938	-0.14153333627634537
2960.9348914858097	-0.13060164421890472	-0.134528144019941
2963.9398998330557	-0.13517044934288894	-0.12954785643238903
2966.944908180301	-0.1314331085797087	-0.12723387814960171
2969.949916527546	-0.12644747382345353	-0.13532623402911606
2972.9549248747912	-0.12946184023567547	-0.13268894573183057
2975.959933222037	-0.13496741189448458	-0.12772372948778432
2978.964941569282	-0.12844130002541576	-0.13049315158960328
2981.9699499165276	-0.12491345213344399	-0.13381369927396608
2984.974958263773	-0.1353595219486005	-0.12332895117732201
2987.979966611018	-0.13695371618595503	-0.13023212395853329
2990.984974958263	-0.1380322781806801	-0.13301658782801498
2993.989983305509	-0.13317877127145683	-0.1328500700416127
2996.994991652755	-0.12707162748774187	-0.1329156067250424
3000.0	-0.1225651390526554	-0.13699992616050136
