# time (ps)	 sum signal (V)	 MOKE (V)	 B plus signal (V) 	 B minus signal (V)
290.0	-0.007598609090380681	-0.00012891357347621923	-0.0038637613319284503	-0.003734847758452231
292.22222222222223	-0.00717624483099466	0.00021503117766319413	-0.003480606826665733	-0.003695638004328927
294.4444444444445	-0.0083948139450295	0.0014214273516061082	-0.003486693296711696	-0.004908120648317804
296.6666666666667	-0.009314382131256016	0.00027304265843408615	-0.004520669736410965	-0.004793712394845051
298.8888888888889	-0.008033862449803864	0.0008785676793353625	-0.0035776473852342505	-0.004456215064569613
301.1111111111111	-0.00820538783682101	-0.00035933993837733436	-0.004282363887599172	-0.003923023949221838
303.3333333333333	-0.007413657823874709	-0.00017277679764526876	-0.0037932173107599887	-0.00362044051311472
305.5555555555555	-0.00795293667274144	0.0007879720041402694	-0.003582482334300585	-0.0043704543384408545
307.77777777777777	-0.00962269874175914	0.0004793029338314714	-0.004571697903963834	-0.005051000837795305
310.0	-0.008546288581368522	-0.00037867828240312207	-0.004462483431885822	-0.0040838051494827
310.5044247787611	-0.00791014482061847	0.0006692638924001848	-0.0036204404641091426	-0.004289704356509327
311.0088495575221	-0.007790006828813145	-0.0006182383275289416	-0.004204122578171043	-0.003585884250642102
311.5132743362832	-0.009438103481460902	0.00038064424882022774	-0.004528729616320337	-0.004909373865140565
312.01769911504425	-0.003917474706234492	-0.000838282586498984	-0.002377878646366738	-0.0015395960598677538
312.5221238938053	-0.0011825828501044189	-0.001365208549986674	-0.0012738957000455464	9.131284994112754e-05
313.0265486725664	-0.002702663074246714	-0.0017129103514895716	-0.0022077867128681428	-0.0004948763613785712
313.53097345132744	-0.0018312581963899621	-0.00020231823280858485	-0.0010167882145992735	-0.0008144699817906886
314.0353982300885	-0.0027184187403056503	0.00011476589006742532	-0.0013018264251191125	-0.0014165923151865378
314.5398230088495	-0.002021580344025442	0.0016409346124116597	-0.00019032286580689117	-0.001831257478218551
315.04424778761063	-0.0006218181403091494	-0.0008714049835202298	-0.0007466115619146896	0.0001247934216055402
315.54867256637175	-0.0001219286207593262	0.00029022948855683683	8.415043389875532e-05	-0.00020607905465808152
316.05309734513276	0.0005553940599075657	0.0017012728859419068	0.0011283334729247363	-0.0005729394130171706
316.5575221238938	-0.0006993444219908218	0.001196368479606691	0.00024851202880793455	-0.0009478564507987564
317.0619469026549	0.0015560677656714095	-0.000678038293544958	0.0004390147360632257	0.0011170530296081838
317.56637168141594	0.0020985696195219283	0.0008080240183117038	0.001453296818916816	0.0006452728006051123
318.070796460177	0.0018178288580714685	-0.0002834257804025242	0.0007672015388344722	0.0010506273192369964
318.57522123893807	0.00373842956493331	-0.0009346069223835629	0.0014019113212748735	0.0023365182436584364
319.07964601769913	0.0030867103381654326	-0.0006087477155033438	0.0012389813113310444	0.0018477290268343882
319.58407079646014	0.003180351158134087	-0.00030025501628627715	0.001440048070923905	0.0017403030872101821
320.08849557522126	0.001542997649996991	0.0005704328540112602	0.0010567152520041256	0.00048628239799286543
320.5929203539824	0.0026650622508682664	0.0006064207168551272	0.0016357414838616968	0.0010293207670065696
321.0973451327434	0.004700071629847757	-6.623788824100529e-06	0.0023467239205118284	0.002353347709335929
321.60176991150445	0.003953640967286121	-0.0006151933833552503	0.0016692237919654351	0.0022844171753206854
322.1061946902655	0.0033092620711946408	-2.0232340497750023e-05	0.0016445148653484454	0.0016647472058461954
322.6106194690266	0.002877409346234372	-0.0001788645850832049	0.0013492723805755835	0.0015281369656587884
323.11504424778764	0.0022965921721955773	0.0023091243130699546	0.002302858242632766	-6.266070437188631e-06
323.6194690265487	0.0016352048864710644	0.00027554801808526985	0.0009553764522781671	0.0006798284341928973
324.12389380530976	0.001175959406021554	0.00029828581042223856	0.0007371226082218962	0.0004388367977996577
324.62831858407077	0.0026842199874821393	-0.0007462528465871365	0.0009689835704475014	0.001715236417034638
325.13274336283183	0.0018103095864236973	-0.0006608495008337822	0.0005747300427949575	0.0012355795436287398
325.6371681415929	0.0004762571697141116	0.002438930553276375	0.0014575938614952433	-0.0009813366917811317
326.14159292035396	0.001479616610759238	0.00022058217404674618	0.000850099392402992	0.0006295172183562459
326.646017699115	0.0016219556212599961	-0.000400161457388748	0.0006108970819356241	0.001011058539324372
327.1504424778761	0.00016955427614995244	0.0009269089378260986	0.0005482316069880255	-0.0003786773308380731
327.65486725663715	0.0008615574418195937	0.00014466678784019749	0.0005031121148298956	0.0003584453269896981
328.1592920353982	-0.0009609264577652432	0.0004986360689644975	-0.00023114519440037284	-0.0007297812633648704
328.6637168141593	-0.0016536457965945495	9.883255592813e-05	-0.0007774066203332097	-0.0008762391762613397
329.16814159292034	-0.00046927301106147734	0.0005401742930767339	3.545064100762829e-05	-0.0005047236520691056
329.6725663716814	-0.0012704939625985956	0.0011433718266672388	-6.35610679656784e-05	-0.0012069328946329172
330.17699115044246	-0.0011675429117011804	-0.0003844078307989607	-0.0007759753712500705	-0.00039156754045110986
330.6814159292035	-0.0017193550371346067	0.0010167885475216298	-0.0003512832448064884	-0.0013680717923281183
331.1858407079646	-0.0016389654836701517	0.0006717711286501338	-0.00048359717751000897	-0.0011553683061601427
331.69026548672565	-0.0010198327857363632	-0.0009589566736000199	-0.0009893947296681915	-3.0438056068171626e-05
332.1946902654867	-0.0004325696148415048	0.001439867807706774	0.0005036490964326346	-0.0009362187112741394
332.6991150442478	-0.001046150528199452	-0.0009491102469668666	-0.0009976303875831594	-4.852014061629273e-05
333.20353982300884	-0.0009666556235133905	0.0011972635817399935	0.00011530397911330148	-0.001081959602626692
333.7079646017699	-0.00013822170805533052	5.371938275433585e-06	-6.642488488994847e-05	-7.179682316538205e-05
334.21238938053096	0.0003405409332973841	-0.0005049035783787348	-8.218132254067534e-05	0.00042272225583805945
334.716814159292	-0.000665146884608947	-0.0004964881696746248	-0.0005808175271417859	-8.432935746716108e-05
335.2212389380531	9.722025476965879e-05	0.0011303029311772184	0.0006137615929734386	-0.0005165413382037798
335.72566371681415	0.000528179061685341	0.0011820459934470673	0.0008551125275662042	-0.00032693346588086314
336.2300884955752	0.001349630320030104	-0.00013678978749653847	0.0006064202662667828	0.0007432100537633213
336.7345132743363	0.0021395726052750863	-1.969484907227148e-05	0.0010599388781014074	0.001079633727173679
337.23893805309734	0.0014185625591276452	-1.3069502849960557e-05	0.0007027465281388423	0.0007158160309888029
337.7433628318584	0.0030070375525012016	-0.001602619384451498	0.0007022090840248518	0.00230482846847635
338.24778761061947	0.000899874360326125	-6.266476652894148e-05	0.00041860479689859176	0.00048126956342753324
338.75221238938053	0.002831754410187237	0.00026605958147651876	0.001548906995831878	0.0012828474143553592
339.2566371681416	0.0022226469427224504	0.000463364617680595	0.0013430057802015227	0.0008796411625209277
339.76106194690266	0.002678849850055398	-0.0010409594740721229	0.0008189451879916376	0.0018599046620637605
340.2654867256637	0.002779473153704748	0.0014602799888581153	0.0021198765712814316	0.0006595965824233163
340.7699115044248	0.001437182630679601	-0.0008653175959487669	0.00028593251736541703	0.001151250113314184
341.27433628318585	0.002295518601405422	0.0001401919047118172	0.0012178552530586195	0.0010776633483468023
341.7787610619469	0.003854631757194027	0.000969522312364357	0.002412077034779192	0.001442554722414835
342.283185840708	0.0031513465227597237	0.0016387875531964635	0.0023950670379780936	0.0007562794847816301
342.78761061946904	0.0033380887437169937	-0.0002470781692153201	0.0015455052872508368	0.001792583456466157
343.2920353982301	0.0020033182500143187	-0.0005863658986726694	0.0007084761756708247	0.001294842074343494
343.79646017699116	0.0033404160616906653	0.0019220318786051793	0.0026312239701479223	0.000709192091542743
344.3008849557522	0.0025869997829611746	-0.00013016559166090236	0.0012284170956501361	0.0013585826873110385
344.8053097345133	0.004579755886373826	-0.001020726690226459	0.0017795145980736837	0.0028002412883001426
345.30973451327435	0.0049330095570849775	0.0019637482303349607	0.003448378893709969	0.0014846306633750084
345.8141592920354	0.0054672740135481845	-0.00010241238145614062	0.002682430816046022	0.0027848431975021626
346.3185840707965	0.0031833952751830763	0.0010244884566469326	0.0021039418659150044	0.0010794534092680719
346.82300884955754	0.0055397868601785305	-0.0008083818422901512	0.0023657025089441897	0.003174084351234341
347.3274336283186	0.003916757134100668	-0.0007433889549045558	0.001586684089598056	0.002330073044502612
347.83185840707966	0.005833596368678862	-7.806244553898445e-05	0.0028777669615699386	0.002955829407108923
348.3362831858407	0.004735880952369431	-0.001519542899652837	0.001608169026358297	0.003127711926011134
348.8407079646018	0.006547087073005664	-0.00040947141545111254	0.0030688078287772758	0.0034782792442283883
349.34513274336285	0.006392216606615486	-0.0009618222639560248	0.0027151971713297307	0.0036770194352857555
349.8495575221239	0.005620178518559005	-8.379323518603599e-05	0.0027681926416864844	0.0028519858768725204
350.353982300885	0.006145494429500076	0.0004232609541290344	0.003284377691814555	0.0028611167376855207
350.85840707964604	0.005263344041299578	0.00046426125314280586	0.002863802647221192	0.002399541394078386
351.3628318584071	0.004959329200366902	0.0005967530887494021	0.002778041144558152	0.00218128805580875
351.8672566371681	0.005662611908654913	0.0019764609861905313	0.0038195364474227222	0.001843075461232191
352.3716814159291	0.006128482328883078	-0.0018264249092886375	0.0021510287097972203	0.003977453619085858
352.87610619469024	0.007372118209809875	0.0004807311849093221	0.003926424697359598	0.0034456935124502763
353.38053097345136	0.008139140532150368	0.001600470193889314	0.004869805363019841	0.0032693351691305272
353.88495575221236	0.008190350100388488	0.0006959423749862692	0.004443146237687379	0.0037472038627011095
354.38938053097337	0.007409719077320687	-0.0005226279128168754	0.0034435455822519057	0.003966173495068781
354.8938053097345	0.0073173312832202075	0.0006518981861345363	0.003984614734677372	0.0033327165485428356
355.3982300884956	0.008080952628659821	0.0010774845003402866	0.004579218564500054	0.003501734064159767
355.9026548672566	0.007492616782067807	-0.0009689832976070845	0.0032618167422303612	0.004230800039837446
356.4070796460176	0.008345579691092397	-0.0004486830033708644	0.0039484483438607665	0.004397131347231631
356.91150442477874	0.008705993577961202	0.0004388349304067507	0.004572414254183976	0.004133579323777226
357.41592920353986	0.009360396654309322	0.0016794271395800253	0.005519911896944674	0.0038404847573646483
357.92035398230087	0.008719242161108198	-0.0008549322510507107	0.003932154955028744	0.0047870872060794545
358.4247787610619	0.007886868790316526	0.0006560172977104761	0.004271443044013501	0.003615425746303025
358.929203539823	0.006059906890604427	-0.0007355096113925708	0.0026621986396059283	0.003397708250998499
359.4336283185841	0.007738442797698752	0.0011120411314931022	0.004425241964595927	0.003313200833102825
359.9380530973451	0.007316615347914612	-0.0008936044652997355	0.0032115054413074384	0.004105109906607174
360.4424778761061	0.0085944493437069	0.0002843233386042865	0.004439386341155593	0.004155063002551307
360.94690265486724	0.008294728594106848	0.0004354360114522393	0.004365082302779544	0.0039296462913273045
361.45132743362836	0.005874239208925602	0.00044599817009804976	0.003160118689511826	0.0027141205194137763
361.95575221238937	0.007478111728661863	-0.0003396449955804792	0.0035692333665406917	0.003908878362121171
362.4601769911504	0.008032967676323444	3.795819445395754e-05	0.004035462935388701	0.003997504740934743
362.9646017699115	0.0080528415629747	-0.001041136415829702	0.003505852573572499	0.004546988989402201
363.4690265486726	0.006569823713298728	0.00010205537281393617	0.003335939543056332	0.003233884170242396
363.9734513274336	0.006349780836615304	-0.001887298601054077	0.0022312411177806135	0.004118539718834691
364.4778761061946	0.007328253047346078	0.0006377544903234389	0.003983003768834759	0.0033452492785113197
364.98230088495575	0.006371086244847501	0.00033552923112278865	0.003353307737985145	0.0030177785068623564
365.48672566371687	0.007735399404461107	-0.0002499437117993164	0.0037427278463308955	0.003992671558130212
365.9911504424779	0.006227673649958909	0.0006726685589037995	0.0034501711044313543	0.002777502545527555
366.4955752212389	0.006366611933151689	-0.00015487101779287915	0.003105870457679405	0.003260741475472284
367.0	0.007249475158912055	-8.236050322318889e-05	0.0035835573278444333	0.003665917831067622
369.00400801603206	0.005143923377047166	0.0010713959250714389	0.0031076596510593024	0.0020362637259878635
371.0080160320642	0.006125977872755817	-5.1742819503708404e-05	0.003037117526626054	0.0030888603461297626
373.0120240480962	0.006088556652888655	0.0005389209239760051	0.00331373878843233	0.002774817864456325
375.01603206412824	0.008855137337109076	1.933641338025538e-05	0.004437236875244666	0.00441790046186441
377.0200400801603	0.004666950149606941	-0.001617122086409517	0.001524914031598712	0.003142036118008229
379.0240480961923	0.0036648426265880607	-0.0003525377208409841	0.0016561524528735383	0.0020086901737145224
381.0280561122245	0.003414181271183092	5.854896168966395e-05	0.001736365116436378	0.001677816154746714
383.03206412825654	0.0013292197728541622	-0.0010459729943127494	0.0001416233892707064	0.0011875963835834558
385.03607214428865	-0.00021556865118155244	-0.00029721152605133305	-0.00025639008861644275	4.0821437434890306e-05
387.04008016032066	0.001082139156807771	-0.0002234459961792945	0.0004293465803142382	0.0006527925764935327
389.0440881763527	-0.0010962838006036701	-0.0009616431360477407	-0.0010289634683257054	-6.732033227796475e-05
391.0480961923848	-0.0027144795680701383	-0.00019032329158219508	-0.0014524014298261667	-0.0012620781382439716
393.0521042084168	-0.005191368886650616	-0.0010064046692467299	-0.003098886777948673	-0.002092482108701943
395.0561122244489	-0.0047935339168512225	-0.0002776974846885327	-0.0025356157007698776	-0.002257918216081345
397.06012024048096	-0.004115495390822899	0.0009109730032281771	-0.0016022611937973608	-0.002513234197025538
399.064128256513	-0.0033012055947369	0.0011551899959011402	-0.00107300779941788	-0.00222819779531902
401.06813627254513	-0.0018373449808570808	-0.0014889263878243852	-0.001663135684340733	-0.00017420929651634776
403.07214428857714	-0.0033991417508838495	-0.0009050638295577951	-0.0021521027902208223	-0.0012470389606630272
405.0761523046092	-0.0010135648640389183	-0.00119046045332738	-0.0011020126586831491	8.84477946442308e-05
407.08016032064126	-0.00024851211775833715	0.0005471576088768026	0.00014932274555923275	-0.0003978348633175699
409.08416833667326	-0.0008021144561083382	0.0014029851218533285	0.00030043533287249513	-0.0011025497889808333
411.08817635270543	0.0012266295046911013	-0.0016885610267022289	-0.00023096576100556376	0.001457595265696665
413.0921843687375	0.0011150826645717204	3.07939950247027e-05	0.0005729383297982116	0.0005421443347735089
415.0961923847696	0.003220637221384437	0.0006653256253527084	0.0019429814233685727	0.0012776557980158643
417.1002004008016	0.004912956712897154	-0.0008053374007741532	0.0020538096560615005	0.0028591470568356536
419.10420841683367	0.0062292864539983395	0.0010617293125168015	0.0036455078832575705	0.002583778570740769
421.10821643286573	0.006277627084842696	6.0516206109251236e-05	0.0031690716454759738	0.0031085554393667225
423.11222444889773	0.006105922159851174	0.00038261638657566266	0.003244269273213418	0.0028616528866377555
425.11623246492985	0.00796833368497063	-0.0011593066195801915	0.003404513532695219	0.004563820152275411
427.1202404809619	0.0073098119690657715	-0.0010837503089606848	0.0031130308300525433	0.004196781139013228
429.12424849699397	0.008791037932776247	-0.0004536960281367186	0.004168670952319764	0.004622366980456483
431.1282565130261	0.008764360190174902	0.0005011444423489442	0.004632752316261923	0.004131607873912979
433.1322645290581	0.008714766225156545	0.0007584306214134529	0.004736598423284999	0.003978167801871546
435.13627254509015	0.009387970064695161	-5.4784113992734085e-05	0.004666592975351214	0.004721377089343948
437.1402805611222	0.008175665902355522	0.00016203582931084703	0.004168850865833185	0.004006815036522338
439.1442885771542	0.008341100997266815	0.00028915772845683474	0.004315129362861825	0.00402597163440499
441.1482965931864	0.006188998974474225	0.0005634518090068541	0.0033762253917405394	0.0028127735827336853
443.15230460921845	0.0061614264036541355	0.0014017330829424468	0.003781579743298291	0.0023798466603558444
445.15631262525056	0.004229368070243766	0.0007068659850796299	0.002468117027661698	0.0017612510425820682
447.16032064128257	0.004182637075357265	-0.0006851973428469993	0.0017487198662551329	0.002433917209102132
449.1643286573146	0.0027504671321640917	0.00020983859292722506	0.0014801528625456584	0.0012703142696184333
451.1683366733467	-1.8620394115598238e-05	-0.0005063352627626694	-0.0002624778284391338	0.00024385743432353557
453.1723446893787	0.0006334556683064152	-0.0006202066333412803	6.624517482567427e-06	0.0006268311508238478
455.17635270541086	-0.000339824133318789	0.0012311037271459657	0.00044563979691358835	-0.0007854639302323774
457.18036072144287	-0.00023454756419738487	-0.0008013992580595541	-0.0005179734111284695	0.00028342584693108464
459.18436873747487	-0.0008094562067550992	-0.0004796580669215178	-0.0006445571368383085	-0.0001648990699167907
461.18837675350704	-0.0015569628235435617	0.00042719758128584306	-0.0005648826211288593	-0.0009920802024147024
463.1923847695391	-0.0019513953925222038	0.001085540788651751	-0.00043292730193522644	-0.0015184680905869774
465.1963927855711	-0.0017537321803309247	0.0016785340205840438	-3.7599079873440466e-05	-0.0017161331004574842
467.20040080160317	-0.0010862575321625156	-0.0006350672440417204	-0.000860662388102118	-0.0002255951440603976
469.20440881763517	-0.0014712005598424005	0.0002612246860055345	-0.000604987936918433	-0.0008662126229239675
471.20841683366734	-0.0001772523346279531	0.0011566211442608498	0.0004896844048164484	-0.0006669367394444015
473.21242484969935	-0.0014975208172213206	0.0013560753730544883	-7.072272208341612e-05	-0.0014267980951379045
475.2164328657315	-0.0017288473850002317	-0.00036023611415558765	-0.0010445417495779097	-0.000684305635422322
477.2204408817635	-0.00029792849437948465	-0.00021019784480691417	-0.0002540631695931994	-4.386532478628524e-05
479.2244488977956	0.0014889262057934394	0.00015576890533253174	0.0008223475555629856	0.0006665786502304538
481.22845691382764	0.0010755165224334284	0.0002622997167651686	0.0006689081195992985	0.0004066084028341299
483.23246492985965	0.0007315727691603602	0.0018964299719159694	0.0013140013705381648	-0.0005824286013778046
485.23647294589176	0.002620660836163635	-0.0008381033205970834	0.0008912787577832759	0.0017293820783803593
487.2404809619238	0.00239649871268377	0.0007249475931788707	0.0015607231529313204	0.0008357755597524497
489.2444889779559	0.0059523038728421795	7.430273715236524e-05	0.0030133033049972724	0.002939000567844907
491.248496993988	0.005155380829153566	0.0005285375054371322	0.0028419591672953493	0.002313421661858217
493.25250501002006	0.007627078074889826	0.0005559328764411786	0.004091505475665502	0.0035355725992243237
495.256513026052	0.005010893724237908	0.0011457004623991462	0.003078297093318527	0.001932596630919381
497.2605210420841	0.0069574544288716345	0.001135673534768622	0.004046563981820128	0.0029108904470515062
499.2645290581161	0.006534373357084955	0.0007419562652980494	0.003638164811191502	0.0028962085458934528
501.2685370741483	0.0075549228659654855	0.0014165940352948159	0.004485758450630151	0.003069164415335335
503.27254509018036	0.00784336415369391	0.0021121788888727178	0.004977771521283314	0.0028655926324105963
505.2765531062125	0.006352110020787727	0.0008092776275765434	0.003580693824182135	0.0027714161966055917
507.2805611222445	0.006133317231147295	0.0006857361636292136	0.0034095266973882543	0.0027237905337590407
509.2845691382765	0.005837000008745541	0.0006322018620237291	0.003234600935384635	0.002602399073360906
511.2885771543086	0.0048771491099771636	-0.0005740134809723019	0.002151567814502431	0.0027255812954747327
513.2925851703407	0.004114244105788756	-0.0010468683287788716	0.001533687888504942	0.0025805562172838137
515.2965931863728	0.0051677352434599255	0.00023651577819172598	0.0027021255108258257	0.0024656097326340998
517.3006012024048	0.003224398054177957	0.0017437066705012771	0.002484052362339617	0.00074034569183834
519.3046092184369	0.003539874037179813	-0.0005813524798617964	0.0014792607786590084	0.002060613258520805
521.3086172344689	0.0022758217324393426	-0.0013322628877728837	0.00047177942233322945	0.0018040423101061132
523.3126252505009	0.0012439954100185169	0.0012669130630120762	0.0012554542365152965	-1.145882649677965e-05
525.316633266533	-0.0008395372905416476	0.00011476682602395982	-0.0003623852322588439	-0.0004771520582828037
527.3206412825651	3.222800186641894e-05	8.880683305012571e-05	6.051741745827233e-05	-2.8289415591853384e-05
529.3246492985971	0.0004664088609732664	-0.00024367709211670086	0.00011136588442828277	0.0003550429765449836
531.3286573146293	0.0004461777339981321	-0.001045613867808104	-0.0002997180669049859	0.000745895800903118
533.3326653306613	-0.0005849343503351312	0.0009455296298354066	0.00018029763975013768	-0.0007652319900852689
535.3366733466934	-0.0009816946240840396	0.0010894818294738817	5.389360269492105e-05	-0.0010355882267789607
537.3406813627254	-0.0007000604899030094	-0.00038243859363529253	-0.000541249541769151	-0.00015881094813385843
539.3446893787575	-0.0006252197567961915	-0.0001640037458856547	-0.0003946117513409231	-0.00023060800545526838
541.3486973947896	-0.0005140345673686486	-0.0012559906866280723	-0.0008850126269983605	0.00037097805962971186
543.3527054108216	-0.0004298832573182976	0.002098928164773528	0.0008345224537276152	-0.0012644057110459128
545.3567134268537	8.594192079769414e-06	0.0005754452988724346	0.000292019745476102	-0.0002834255533963326
547.3607214428857	0.0020135258968527747	0.0009578830537781968	0.0014857044753154858	0.000527821421537289
549.3647294589179	0.0010814231584606038	0.0016267913421492697	0.0013541072503049367	-0.00027268409184433295
551.3687374749499	0.0022088612807639185	0.0019753884387977427	0.0020921248597808306	0.0001167364209830879
553.372745490982	0.0031067644650043524	0.0012690614781426524	0.0021879129715735024	0.00091885149343085
555.3767535070141	0.0024475256391375266	0.002367313625343148	0.0024074196322403374	4.010600689718924e-05
557.3807615230461	0.0020285639111934373	0.0007387340440756507	0.001383648977634544	0.0006449149335588933
559.3847695390782	0.004340552652085661	0.00023400946512608378	0.0022872810586058723	0.0020532715934797885
561.3887775551102	0.0038061082260235635	0.0020328605819838197	0.0029194844040036916	0.0008866238220198719
563.3927855711422	0.006227493871154288	0.0014574130877943459	0.003842453479474317	0.002385040391679971
565.3967935871743	0.006441808657138837	-0.0005444736897898261	0.0029486674836745053	0.0034931411734643314
567.4008016032064	0.005954272987640619	-0.0010441835023972112	0.0024550447426217037	0.003499228245018915
569.4048096192386	0.00434198569390265	0.0009927964093310315	0.002667391051616841	0.0016745946422858093
571.4088176352705	0.004958073524982676	-0.0002990028044999038	0.002329535360241386	0.0026285381647412898
573.4128256513026	0.005250452899239866	3.0258980855624174e-05	0.002640355940047745	0.002610096959192121
575.4168336673347	0.005286620603609515	0.0004467152750036174	0.0028666679393065664	0.002419952664302949
577.4208416833667	0.005611763714207907	-0.0010264557752241998	0.0022926539694918535	0.0033191097447160534
579.4248496993988	0.005139982221470163	-0.0005933505596837918	0.0022733158308931856	0.0028666663905769774
581.4288577154308	0.005489476401310589	-0.0004175306548338531	0.002535972873238368	0.002953503528072221
583.432865731463	0.003356710059182255	-0.001304868688769334	0.0010259206852064606	0.0023307893739757946
585.4368737474949	0.003493140165018449	0.0009858125421775554	0.0022394763535980022	0.0012536638114204468
587.440881763527	0.00355866881606437	0.00024278142936517977	0.0019007251227147748	0.001657943693349595
589.4448897795592	0.0020464691005595004	0.0003888826504232501	0.0012176758754913752	0.0008287932250681251
591.4488977955912	0.0030913668215387657	-0.0003179825883047327	0.0013866921166170165	0.0017046747049217492
593.4529058116232	0.0020500496941207036	0.0010123113030353625	0.001531180498578033	0.0005188691955426705
595.4569138276553	0.003161731156635761	0.0009201048088299801	0.0020409179827328705	0.0011208131739028904
597.4609218436875	0.0005543193236843269	0.0009242230018273734	0.0007392711627558501	-0.00018495183907152324
599.4649298597194	0.0011378213088146794	-0.0006196699834104535	0.0002590756627021129	0.0008787456461125664
601.4689378757514	0.001434677188909439	-0.0005269249471341331	0.00045387612088765295	0.000980801068021786
603.4729458917835	0.0027177033979889353	0.001853996787706147	0.002285850092847541	0.0004318533051413942
605.4769539078156	0.0007666657843932168	-0.0005102743594276316	0.0001281957124827926	0.0006384700719104242
607.4809619238476	0.0006399029440967707	-0.0018491620558261923	-0.0006046295558647108	0.0012445324999614815
609.4849699398798	0.0018337653129320008	0.0008085610547480249	0.0013211631838400129	0.000512602129091988
611.4889779559118	0.002448600056365713	0.00023490468516040863	0.0013417523707630608	0.0011068476856026521
613.4929859719439	0.0015979637642417055	0.0008334483879687271	0.0012157060761052163	0.0003822576881364892
615.4969939879759	0.0025399119207811793	-8.951797096923286e-06	0.001265480061842128	0.0012744318589390513
617.501002004008	-0.0010558201091634967	0.0003876297942442264	-0.00033409515745963514	-0.0007217249517038615
619.5050100200401	0.0005865471645444265	-0.0005947835711986871	-4.11820332713031e-06	0.0005906653678715568
621.5090180360721	0.0014720974042626844	0.0008701524681294925	0.0011711249361960885	0.00030097246806659594
623.5130260521041	0.0013131057982946892	0.000268924484537969	0.0007910151414163291	0.0005220906568783601
625.5170340681362	0.0018403891631998404	0.0015417444309050454	0.001691066797052443	0.00014932236614739747
627.5210420841684	0.0019349240107682242	0.0004248707148140074	0.0011798973627911158	0.0007550266479771084
629.5250501002004	0.0022104726300211652	0.0011380005141179428	0.001674236572069554	0.0005362360579516112
631.5290581162322	0.0021103866309191144	0.0007643372462198261	0.0014373619385694703	0.0006730246923496441
633.5330661322645	0.0029803595349050527	0.0016325196005099185	0.0023064395677074856	0.0006739199671975671
635.5370741482966	0.004013082257232292	0.00030186645832552816	0.00215747435777891	0.001855607899453382
637.5410821643286	0.003741293929947709	0.0014391526888166695	0.002590223309382189	0.0011510706205655197
639.5450901803607	0.004015052349280568	0.0005781317572393085	0.002296592053259938	0.0017184602960206297
641.5490981963928	0.0038415575028700744	0.000281098209566899	0.0020613278562184867	0.0017802296466515877
643.5531062124248	0.004427030071522564	0.0006338137459975801	0.002530421908760072	0.001896608162762492
645.5571142284567	0.005558228092368722	0.0005765199061957826	0.0030673739992822524	0.0024908540930864698
647.561122244489	0.0027855593179101357	0.0004912955192469814	0.0016384274185785586	0.0011471318993315771
649.5651302605211	0.003468073081777323	0.0009589577392463688	0.002213515410511846	0.0012545576712654771
651.5691382765531	0.003117685668837522	-0.0004001621424929436	0.0013587617631722892	0.0017589239056652328
653.5731462925851	0.0030389071811602886	-0.0001133347885253766	0.001462786196317456	0.0015761209848428326
655.5771543086172	0.004818418672945302	0.0011455206083389458	0.0029819696406421237	0.001836449032303178
657.5811623246493	0.0009419470316757161	0.00142608308115999	0.001184015056417853	-0.00024206802474213696
659.5851703406812	0.00375776707841069	0.00027966749849517303	0.0020187172884529314	0.0017390497899577584
661.5891783567133	0.0041564960742176416	0.0008549335396660362	0.002505714806941839	0.0016507812672758027
663.5931863727454	0.0011113240710092231	0.002390409335792487	0.0017508667034008552	-0.000639542632391632
665.5971943887776	0.0012208989943341964	0.002212442499955558	0.0017166707471448772	-0.0004957717528106809
667.6012024048096	0.0015048612537040817	-9.578790576836305e-05	0.0007045366739678594	0.0008003245797362224
669.6052104208417	0.0025719608493700585	0.002694426874617739	0.002633193861993899	-6.123301262384029e-05
671.6092184368738	0.0009414111326425667	-0.0009575238814095721	-8.056374383502707e-06	0.0009494675070260694
673.6132264529057	0.002538120876531269	-0.0004927284159595979	0.0010226962302858356	0.0015154246462454335
675.6172344689378	0.0022786867688313617	-0.0012520511083566888	0.0005133178302373365	0.0017653689385940252
677.6212424849699	0.0015471150885398854	-0.00045101021516347206	0.0005480524366882067	0.0009990626518516788
679.625250501002	0.0015261675257417506	-0.00041824532409651116	0.0005539611008226197	0.0009722064249191309
681.629258517034	-0.0007999671184004686	0.0010226964673247796	0.00011136467446215548	-0.0009113317928626241
683.633266533066	0.0006477807512230704	-0.0017231160123893918	-0.0005376676305831607	0.0011854483818062311
685.6372745490982	0.00148498856993029	-0.00037599093947970896	0.0005544988152252905	0.0009304897547049995
687.6412825651302	0.0012635100265004917	-0.0007514460770793319	0.0002560319747105799	0.0010074780517899118
689.6452905811624	0.00034090049346857665	-0.0005263878077191864	-9.274365712530486e-05	0.0004336441505938815
691.6492985971942	0.0007992492738038148	-0.00042934604780309193	0.00018495161300036145	0.0006142976608034534
693.6533066132264	0.0007274545127693433	-0.0004993527236181183	0.00011405089457561246	0.0006134036181937308
695.6573146292585	0.0007865385849861184	0.00055807977934208	0.0006723091821640992	0.00011422940282201921
697.6613226452905	0.0010520596371073054	-0.0012801626385781084	-0.00011405150073540149	0.001166111137842707
699.6653306613226	0.002816714127957143	-0.00026677549750964147	0.0012749693152237507	0.0015417448127333921
701.6693386773546	0.002585031245473157	0.0023336555798665337	0.0024593434126698455	0.00012568783280331175
703.6733466933869	0.0033495480013663315	0.0017259801398108454	0.0025377640705885884	0.000811783930777743
705.6773547094186	0.003239077497471432	0.0007525194709344651	0.0019957984842029486	0.0012432790132684834
707.6813627254509	0.003119475965928209	0.0007167104575004357	0.0019180932117143223	0.0012013827542138866
709.685370741483	0.0028908381101376834	-0.0008962922074310375	0.000997272951353323	0.0018935651587843605
711.689378757515	0.0031526004065495217	-0.0006506444699326819	0.00125097796830842	0.0019016224382411018
713.693386773547	0.0033758672615469276	-0.0006028389759986652	0.0013865141427741312	0.0019893531187727964
715.6973947895791	0.003714079903033407	0.0003813634176536018	0.0020477216603435044	0.0016663582426899026
717.7014028056113	0.004265175954561884	-0.00031081901694840486	0.0019771784688067395	0.0022879974857551444
719.7054108216431	0.0027289821506051304	0.0004780464488045588	0.0016035142997048446	0.0011254678509002858
721.7094188376753	0.0035939419413248963	-0.0010418532327649555	0.0012760443542799704	0.002317897587044926
723.7134268537075	0.0018427171542935161	-0.00012318210404227425	0.0008597675251256209	0.0009829496291678952
725.7174348697395	0.0030748942322025297	0.00046622885939084924	0.0017705615457966895	0.0013043326864058402
727.7214428857715	0.002713226456604767	-0.002292115272183315	0.00021055559221072606	0.002502670864394041
729.7254509018036	0.0038173884551926385	0.00011727368500480395	0.001967331070098721	0.0018500573850939173
731.7294589178358	0.0031647759473079073	-0.0010653088902872199	0.0010497335285103437	0.0021150424187975636
733.7334669338676	0.0029776746433971546	0.0005269251782948903	0.0017522999108460224	0.0012253747325511322
735.7374749498998	0.0016880233425526914	-0.0008178707726853585	0.00043507628493366646	0.001252947057619025
737.7414829659318	0.002071175424862015	0.00029219953632908524	0.0011816874805955502	0.0008894879442664649
739.7454909819639	0.0017965226034409865	0.001006940517317978	0.0014017315603794822	0.00039479104306150425
741.7494989979959	0.002858072558050928	4.81628567683412e-05	0.0014531177074096346	0.0014049548506412934
743.753507014028	0.0021008969691573842	0.00022666917549440946	0.0011637830723258968	0.0009371138968314874
745.7575150300601	0.0022228259984525822	-0.00014771036703387086	0.0010375578157093557	0.0011852681827432265
747.7615230460921	0.0036113085074435114	-0.0003570124191863977	0.0016271480441285568	0.0019841604633149545
749.7655310621243	-0.000277517449043474	0.0006169844859056361	0.0001697335184310811	-0.00044725096747455506
751.7695390781563	0.0017544480352340575	0.0008599462004497127	0.001307197117841885	0.0004472509173921724
753.7735470941884	0.001160382150155903	-0.0008062328830290566	0.00017707463356342323	0.0009833075165924798
755.7775551102204	0.002603294854654714	-0.002060075884818491	0.00027160948491811165	0.0023316853697366025
757.7815631262524	0.0015951002967488082	-0.0005358796291682344	0.0005296103337902869	0.0010654899629585213
759.7855711422845	0.0009351439659451843	0.001591159576459833	0.0012631517712025087	-0.0003280078052573243
761.7895791583165	0.0009351441797886828	0.0011979801083490393	0.001066562144068861	-0.00013141796428017827
763.7935871743488	0.0009124063231098489	0.0008314766215640201	0.0008719414723369345	4.0464850772914396e-05
765.7975951903805	0.001264226474318897	0.0004821648228116038	0.0008731956485652503	0.00039103082575364656
767.8016032064128	0.0022629320376180706	0.0012907240583380775	0.001776828047978074	0.00048610398963999657
769.8056112224449	0.0017361865456472225	-0.00037330574857807886	0.0006814403985345718	0.0010547461471126507
771.8096192384769	0.0008271818135306974	0.00027823266894000387	0.0005527072412353506	0.0002744745722953468
773.8136272545089	0.0011544734020194625	0.00033695945146905437	0.0007457164267442584	0.00040875697527520405
775.817635270541	0.002742410607918244	0.0012853537466258613	0.0020138821772720528	0.0007285284306461914
777.8216432865732	0.001812816714847565	-0.0022131570058004923	-0.00020017014547646372	0.0020129868603240286
779.825651302605	0.0012162431002026297	-0.0011725569387416312	2.184308073049923e-05	0.0011944000194721305
781.8296593186373	0.0018788819507964405	-6.0157947018080193e-05	0.0009093620018891801	0.0009695199489072603
783.8336673346694	0.0010441821684095132	-0.0014674416082132158	-0.0002116297199018513	0.0012558118883113645
785.8376753507014	0.0028824225508919943	-0.0008101719624221682	0.001036125294234913	0.0018462972566570812
787.8416833667334	0.002093377753551229	-0.0015745083166311957	0.00025943471846001653	0.0018339430350912123
789.8456913827655	0.003094229935640569	-0.001379709231930648	0.0008572603518549604	0.0022369695837856085
791.8496993987977	0.000576163447500333	0.0007584285235422428	0.0006672959855212879	-9.113253802095489e-05
793.8537074148295	0.0034517812002524684	-9.829331738686609e-05	0.0016767439414328011	0.0017750372588196672
795.8577154308617	0.0023073352191228524	0.002154431769905485	0.0022308834945141687	7.645172460868377e-05
797.8617234468937	0.003780326428725278	-0.0006817980953561786	0.0015492641666845497	0.0022310622620407283
799.8657314629259	0.0021068054039191653	-0.0006404387953332646	0.0007331833042929503	0.001373622099626215
801.8697394789579	0.0032378235736142402	-0.0006194914923381978	0.0013091660406380212	0.001928657532976219
803.8737474949899	0.0015073673327702375	-4.637240364913087e-05	0.0007304974645605533	0.0007768698682096842
805.877755511022	0.002314316482405432	-0.0007935209868649151	0.0007603977477702584	0.0015539187346351735
807.881763527054	0.004558628202846027	0.00021539001828063675	0.0023870091105633318	0.002171619092282695
809.8857715430862	0.0028140288490285936	-0.0005956772404134281	0.0011091758043075828	0.0017048530447210108
811.8897795591182	0.0025780489292066555	0.00013983287396923672	0.0013589409015879461	0.0012191080276187094
813.8937875751503	0.00048574506839937914	-0.00023938090808905965	0.00012318208015515975	0.0003625629882442194
815.8977955911823	0.001231103144837875	-0.0008261074663383772	0.00020249783924974896	0.0010286053055881261
817.9018036072143	0.0014242914732813805	-0.0016642095815886382	-0.00011995905415362884	0.0015442505274350093
819.9058116232464	0.0018436113791781006	-0.00028056159745537546	0.0007815248908613626	0.001062086488316738
821.9098196392785	0.002265617035098755	-0.0003924635248313546	0.0009365767551337001	0.0013290402799650547
823.9138276553107	0.0013850813610984947	-0.0010420337268186586	0.00017152381713991804	0.0012135575439585766
825.9178356713425	0.0013476615715890539	-0.0009344282895398237	0.00020661664102461508	0.0011410449305644388
827.9218436873747	0.0019757458374312087	-0.0016753104464282131	0.00015021769550149777	0.001825528141929711
829.9258517034068	0.0020754734689547583	-0.0006395434517720844	0.0007179650085913369	0.0013575084603634213
831.9298597194388	0.0025329292119309343	0.0012398770255204195	0.001886403118725677	0.0006465260932052574
833.9338677354708	0.00027268371102151523	0.00035969843471572727	0.00031619107286862125	-4.350736184710602e-05
835.9378757515029	0.0008141110822157405	0.000649749572817715	0.0007319303275167277	8.218075469901276e-05
837.9418837675352	0.0026374917214397886	0.0010042563759706802	0.0018208740487052344	0.0008166176727345542
839.9458917835669	0.0020256992063089063	0.000546799364402939	0.0012862492853559226	0.0007394499209529837
841.9498997995992	0.0027803694738620655	0.002714837656294322	0.002747603565078194	3.2765908783871645e-05
843.9539078156313	0.002056136345325421	-0.00016436137699848974	0.0009458874841634657	0.0011102488611619554
845.9579158316633	0.001787213813936317	2.7572189879920828e-05	0.0009073930019081189	0.0008798208120281981
847.9619238476953	0.001549800813944735	-0.0011050580345750571	0.00022237138968483894	0.001327429424259896
849.9659318637274	0.002590580987770208	0.00036936674854648466	0.0014799738681583463	0.0011106071196118616
851.9699398797596	0.00219399827255784	0.0018255274958234313	0.0020097628841906356	0.00018423538836720432
853.9739478957914	0.0016651043525489628	0.001082854610150119	0.001373979481349541	0.0002911248711994219
855.9779559118236	0.0021882716561928417	7.698921661780656e-05	0.0011326304364053241	0.0010556412197875176
857.9819639278556	0.0011736307316840833	-0.0003127883879219251	0.0004304211718810791	0.0007432095598030042
859.9859719438879	0.0020190734599776494	0.0008517110806436357	0.0014353922703106425	0.0005836811896670069
861.9899799599198	0.003413464898579077	0.0015542766257705676	0.0024838707621748224	0.0009295941364042548
863.9939879759518	0.0027125092006227147	-0.00111615663266329	0.0007981762839797124	0.0019143329166430023
865.9979959919841	0.002258455474094978	-0.00014753149516910646	0.0010554619894629358	0.0012029934846320423
868.0020040080159	0.0014939390316728307	0.0005392799690293604	0.0010166095003510955	0.00047732953132173517
870.0060120240481	0.0024315919127247954	0.0011757796309251889	0.0018036857718249921	0.0006279061408998032
872.0100200400801	0.0026160068503181533	-0.0012302102736431175	0.0006928982883375179	0.0019231085619806354
874.0140280561124	0.0028143869162059465	-0.0012133795115890633	0.0008005037023084416	0.002013883213897505
876.0180360721442	0.003047680806195774	0.000976862404790002	0.002012271605492888	0.0010354092007028859
878.0220440881762	0.0013353079559101921	0.0012801617387243613	0.0013077348473172767	2.7573108592915396e-05
880.0260521042084	0.0017290226378744444	-0.0017906144583793582	-3.079591025245687e-05	0.0017598185481269013
882.0300601202404	0.0018232001739166837	0.0002701774919853239	0.0010466888329510038	0.0007765113409656799
884.0340681362726	0.0027724919256369995	-7.322739225223973e-05	0.00134963226669238	0.0014228596589446196
886.0380761523046	0.0018267815386912023	1.4504409456161937e-05	0.0009206429740736821	0.0009061385646175202
888.0420841683366	0.0027008734396241074	-0.0005842186947642158	0.0010583273724299458	0.0016425460671941616
890.0460921843687	0.002862550088224669	-0.0007161739924170796	0.0010731880479037947	0.0017893620403208743
892.0501002004007	0.0030330004952092704	-0.00036739822573017555	0.0013328011347395474	0.001700199360469723
894.0541082164328	0.00361220541483831	-0.0008291517632136314	0.0013915268258123392	0.0022206785890259706
896.0581162324648	0.0008765977533963243	-0.00030330076321150035	0.00028664849509241197	0.0005899492583039123
898.0621242484971	0.0015619771986234987	-3.75991490721983e-05	0.0007621890247756502	0.0007997881738478485
900.0661322645288	0.002266513456413488	0.0002798459917554563	0.0012731797240844722	0.000993333732329016
902.0701402805611	0.0008692566727053208	-0.00026910263753809893	0.00030007701758361094	0.0005691796551217099
904.0741482965932	0.0010790955187184315	-0.0001255090057873387	0.0004767932564655464	0.0006023022622528851
906.0781563126252	0.0022264072347374375	0.0005688217250873207	0.001397614479912379	0.0008287927548250584
908.0821643286572	0.0018470149169007577	0.0005081269062361393	0.0011775709115684485	0.0006694440053323092
910.0861723446893	0.0022253341305789043	-0.0003249636404341061	0.0009501852450723991	0.0012751488855065052
912.0901803607215	0.0019453088420785525	0.0001788663250735789	0.0010620875835760657	0.0008832212585024868
914.0941883767533	0.0010586857971691677	0.001191176476897371	0.0011249311370332693	-6.624533986410164e-05
916.0981963927856	0.0036875820229970158	4.7626235181064125e-05	0.00186760412908904	0.0018199778939079758
918.1022044088177	-0.0010343344460119752	0.0008144683120212548	-0.00010993306699536021	-0.000924401379016615
920.1062124248497	0.0004545910613571458	0.00040768269279745084	0.0004311368770772983	2.3454184279847468e-05
922.1102204408817	0.001939758475583253	-0.0012010237845202498	0.00036936734553150163	0.0015703911300517515
924.1142284569138	0.0011499970542039328	0.0012398772611175168	0.0011949371576607248	-4.4940103456792e-05
926.1182364729457	0.002320227145130249	0.0013276093127519983	0.0018239182289411238	0.0004963089161891254
928.1222444889778	0.002971586404763027	0.0006443776229014819	0.0018079820138322544	0.0011636043909307725
930.12625250501	0.001871901723157765	-0.0008216311188752323	0.0005251353021412664	0.0013467664210164987
932.1302605210421	0.002464714853619876	-0.0011820457737694579	0.0006413345399252091	0.001823380313694667
934.134268537074	0.0027363225132488456	0.0003296193397848146	0.00153297092651683	0.0012033515867320155
936.1382765531062	0.0037515005505802668	0.0011589503269578971	0.002455225438769082	0.0012962751118111848
938.1422845691383	0.0025823446187072108	-0.001968583552044212	0.00030688053333149945	0.0022754640853757113
940.1462925851702	0.004263744101826283	-0.00015863176385244593	0.0020525561689869187	0.0022111879328393647
942.1503006012023	0.0030996036610643207	0.0009829487080331711	0.002041276184548746	0.0010583274765155748
944.1543086172345	0.002817251407748911	-0.0002476175067933628	0.001284816950477774	0.0015324344572711368
946.1583166332666	0.0024464517170490474	-0.0001761787875793619	0.0011351364647348428	0.0013113152523142046
948.1623246492985	0.00226651311862891	-0.0012731787418786	0.000496667188375155	0.001769845930253755
950.1663326653306	0.0013467664069485297	-0.0005152865764462833	0.0004157399152511232	0.0009310264916974065
952.1703406813626	0.001081065361456135	-0.00017940157830853565	0.00045083189157379966	0.0006302334698823353
954.1743486973946	0.001563230307281227	-0.0005745500235565526	0.0004943401418623372	0.0010688901654188898
956.1783567134268	0.003481860844469553	0.0008699735038442125	0.002175917174156883	0.0013059436703126703
958.182364729459	0.0009702369377139197	0.00013553506474772714	0.0005528860012308234	0.0004173509364830963
960.1863727454908	0.0023415311466176147	-0.0017503313664944953	0.00029559989006155973	0.002045931256556055
962.190380761523	0.0007288876556204027	0.000600689625546158	0.0006647886405832804	6.409901503712234e-05
964.194388777555	0.0011713033749952695	-0.0007111604232531432	0.00023007147587106314	0.0009412318991242064
966.1983967935871	0.0010737242429703642	-0.00040302906156797214	0.000335347590701196	0.0007383766522691682
968.2024048096191	0.0014481053870983862	-0.0008389970425149995	0.00030455417229169335	0.0011435512148066929
970.2064128256512	0.0021521044581654936	0.0003104608956744359	0.0012312826769199647	0.0009208217812455288
972.2104208416835	0.0006642511816458141	0.0009636127590385568	0.0008139319703421855	-0.00014968078869637136
974.2144288577152	0.0017694882173159288	0.0006117929011516532	0.001190640559233791	0.0005788476580821378
976.2184368737475	0.001975924856709832	-0.0012583194528444919	0.00035880270193267005	0.001617122154777162
978.2224448897795	0.0015399545290100125	-0.00045960572984427017	0.0005401743995828712	0.0009997801294271413
980.2264529058116	-2.6861346392736962e-06	-0.00030097186666255826	-0.00015182900065091598	0.00014914286601164228
982.2304609218436	0.002054525379140637	-0.0016899929760185728	0.00018226620156103213	0.001872259177579605
984.2344689378757	0.002817609475584293	0.0013691480823014857	0.0020933787789428893	0.0007242306966414036
986.2384769539077	0.0012499031993913334	-0.0009251187995991117	0.00016239219989611087	0.0010875109994952226
988.2424849699397	0.002685295327564896	0.00017224114647662603	0.001428768237020761	0.001256527090544135
990.2464929859719	0.0008984407372135683	7.985330236437438e-05	0.0004891470197889713	0.00040929371742459697
992.250501002004	0.002185943631691556	-0.0007818833388837376	0.0007020301464039091	0.0014839134852876468
994.2545090180361	0.0024870942455579303	0.0012567068440538787	0.0018719005448059045	0.0006151937007520258
996.2585170340681	0.00020804827210874066	0.0002793084342944674	0.00024367835320160403	-3.5630081092863364e-05
998.2625250501002	0.0019213167453880908	-0.00015057458004508195	0.0008853710826715044	0.0010359456627165864
1000.2665330661322	0.00023705351311320566	0.00047231663488778164	0.00035468507400049365	-0.00011763156088728799
1002.2705410821642	0.002312704791008424	0.0010590430268716533	0.0016858739089400387	0.0006268308820683854
1004.2745490981964	0.0025236182119716677	-0.00016060156569763784	0.001181508323137015	0.0013421098888346528
1006.2785571142284	0.0008595886453663937	0.00012407758420085457	0.0004918331147836241	0.00036775553058276955
1008.2825651302604	0.002697472107958565	-0.0013256398882725007	0.0006859161098430322	0.002011555998115533
1010.2865731462925	0.0003371387052001351	0.0010196535784600114	0.0006783961418300732	-0.0003412574366299381
1012.2905811623244	0.0019331340916260986	-0.0007851061929148306	0.000574013949355634	0.0013591201422704646
1014.2945891783567	0.0015338673172702322	-0.001603336208931383	-3.473444583057539e-05	0.0015686017631008076
1016.2985971943887	0.001529569558289423	0.00033606387357576484	0.000932816715932594	0.0005967528423568291
1018.3026052104209	0.001547653509950564	0.001031648053752665	0.0012896507818516145	0.0002580027280989494
1020.3066132264527	0.0027995248102407055	-0.0016221348559267712	0.0005886949771569672	0.0022108298330837384
1022.3106212424849	0.002633015488616497	-0.00144703140450253	0.0005929920420569834	0.0020400234465595135
1024.314629258517	0.0020554203113891667	-0.0014717379040702916	0.00029184120365943755	0.0017635791077297291
1026.3186372745488	0.0031884090563215617	-0.0009768618798192685	0.0011057735882511466	0.002082635468070415
1028.322645290581	0.002084426619161528	4.619414617668127e-05	0.0010653103826691046	0.0010191162364924233
1030.326653306613	0.0013415738565001334	0.0005974688110494952	0.0009695213337748143	0.0003720525227253191
1032.3306613226453	0.0007154577198787981	0.000593709168661749	0.0006545834442702736	6.087427560852454e-05
1034.3346693386773	0.002332221556765157	-0.0005271043741323922	0.0009025585913163825	0.0014296629654487747
1036.3386773547095	0.0018797782240816963	-2.77518253503084e-05	0.0009260131993656939	0.0009537650247160023
1038.3426853707415	0.00038870361794152153	-0.0010332618854114184	-0.00032227913373494843	0.00071098275167647
1040.3466933867733	0.0005122435703774908	-0.0012241216123707321	-0.00035593902099662067	0.0008681825913741115
1042.3507014028055	0.0024869162094710573	0.0018384205525140418	0.0021626683809925495	0.00032424782847850775
1044.3547094188375	0.0006347110321921479	0.0002039320216496998	0.00041932152692092384	0.00021538950527122402
1046.3587174348695	0.002094092837090722	-0.0003161905281829913	0.0008889511544538653	0.0012051416826368566
1048.3627254509017	0.0038413794485802066	-0.0006253993998391882	0.0016079900243705092	0.0022333894242096974
1050.3667334669337	0.0011159780273928277	-0.0016541838303094636	-0.00026910290145831794	0.0013850809288511456
1052.370741482966	0.0024776044652711215	0.0008705093118589469	0.0016740568885650342	0.0008035475767060873
1054.3747494989977	0.002241268414757025	-0.0008493827713313973	0.0006959428217128139	0.0015453255930442111
1056.37875751503	0.0010307540035596752	-0.0001018750742407537	0.00046443946465946073	0.0005663145389002144
1058.382765531062	0.002950638187213528	0.0011684384258987546	0.0020595383065561412	0.0008910998806573867
1060.386773547094	0.0027898577554090753	0.001994186581643076	0.0023920221685260756	0.0003978355868829997
1062.3907815631262	0.001417667239844489	-0.000500963171229829	0.00045835203430732996	0.000959315205537159
1064.3947895791582	0.0005759834307937917	-0.00014771098477817102	0.00021413622300781032	0.00036184720778598134
1066.3987975951904	0.0019544397441294548	-0.0010474051681160779	0.00045351728800668845	0.0015009224561227663
1068.4028056112222	0.0017906138854143494	-0.0006279073748919339	0.0005813532552612077	0.0012092606301531417
1070.4068136272545	0.002289072285074689	0.00043310720573941364	0.0013610897454070514	0.0009279825396676378
1072.4108216432865	0.002643042715892885	0.0005919182569303905	0.0016174804864116377	0.0010255622294812472
1074.4148296593185	0.0025784066810221606	-0.0003460897490570325	0.001116158465982564	0.0014622482150395966
1076.4188376753507	0.0015823881432948106	0.0014173085049218326	0.0014998483241083216	8.2539819186489e-05
1078.4228456913827	0.0027878873819362493	-0.00014305539574999138	0.001322415993093129	0.0014654713888431203
1080.426853707415	0.0010669200243274002	-7.788450115575607e-05	0.0004945177615858221	0.0005724022627415781
1082.4308617234467	0.003170146662172413	8.128682294394896e-05	0.0016257167425581809	0.001544429919614232
1084.434869739479	0.0021864809716442	0.00047625614294710683	0.0013313685572956535	0.0008551124143485467
1086.438877755511	0.0017571340184198148	-0.0009260137814625091	0.0004155601184786528	0.001341573899941162
1088.442885771543	0.002229093082521616	-0.0003140422618276295	0.0009575254103469932	0.0012715676721746227
1090.4468937875752	0.0029715867448290023	0.00011942287688126996	0.0015455048108551361	0.0014260819339738662
1092.4509018036072	0.0019393998263658174	0.001151966952325778	0.0015456833893457977	0.0003937164370200197
1094.4549098196392	0.0014337803455254372	-0.0015261660491138196	-4.619285179419119e-05	0.0014799731973196284
1096.4589178356712	0.004108153548322169	0.0006834096849440696	0.002395781616633119	0.0017123719316890496
1098.4629258517034	0.0009632531911557551	0.000933533835654976	0.0009483935134053656	1.4859677750389544e-05
1100.4669338677354	0.002042171508490953	0.001488210451079719	0.001765190979785336	0.00027698052870561707
1102.4709418837674	0.001691960232404477	-2.7929093737610877e-05	0.000832015569333433	0.0008599446630710439
1104.4749498997996	0.003138096786375111	0.0009014845303666474	0.002019790658370879	0.0011183061280042317
1106.4789579158314	0.0013489145933780478	-0.0010312915792121125	0.00015881150708296765	0.00119010308629508
1108.4829659318636	0.0016711919222662797	0.000613761191870843	0.0011424765570685613	0.0005287153651977183
1110.4869739478956	0.0015807752221401739	0.0003034798124617044	0.0009421275173009391	0.0006386477048392347
1112.4909819639279	0.00040034171565495047	-0.0012422043151055773	-0.0004209312997253134	0.0008212730153802639
1114.4949899799599	0.002245027693314805	-7.537775328336771e-05	0.0010848249700157186	0.0011602027232990864
1116.4989979959919	0.0011354935075723604	-0.000926013875377163	0.00010473981609759875	0.0010307536914747617
1118.5030060120241	0.0010463306978457654	-0.00045477092509005335	0.000295779886377856	0.0007505508114679094
1120.507014028056	0.0027710578948805242	-0.00038225733452890154	0.0011944002801758113	0.0015766576147047129
1122.5110220440881	0.0014919706284747258	0.0012327148882601557	0.0013623427583674408	0.00012962787010728505
1124.5150300601201	0.002329358553109895	0.00036274290388482733	0.001346050728497361	0.0009833078246125337
1126.5190380761524	0.0030118708620699985	0.0012507987504465357	0.002131334806258267	0.0008805360558117314
1128.5230460921844	0.0019309846054682556	0.0022983831566425472	0.0021146838810554014	-0.00018369927558714583
1130.5270541082164	-0.00023383000070187343	-0.0002954208377998757	-0.00026462541925087457	3.079541854900114e-05
1132.5310621242486	0.0019472784568653756	0.00038959939760674356	0.0011684389272360596	0.000778839529629316
1134.5350701402804	0.0027488559963925185	0.001191534716673881	0.0019701953565331998	0.0007786606398593188
1136.5390781563126	0.003166744683888112	-2.631951211107264e-05	0.0015702125858885196	0.0015965320979995923
1138.5430861723446	0.002041813976918827	0.0002728618439374886	0.0011573379104281578	0.0008844760664906692
1140.5470941883768	0.002636237855459189	-0.0003548643209927427	0.0011406867672332233	0.001495551088225966
1142.5511022044088	0.0024532544846960214	0.0013299357811620283	0.0018915951329290248	0.0005616593517669966
1144.5551102204408	-0.00010670959313430206	0.0007154580128089227	0.00030437420983731034	-0.0004110838029716124
1146.559118236473	0.0034947505637735743	0.001418919700077459	0.0024568351319255166	0.0010379154318480577
1148.5631262525048	0.0028442857713539826	0.0003075965818979398	0.0015759411766259612	0.0012683445947280214
1150.5671342685368	0.0008040848750014984	1.9872726866987378e-05	0.0004119788009342429	0.0003921060740672555
1152.571142284569	0.00033391724564413305	0.00022648928145818648	0.00028020326355115976	5.371398209297329e-05
1154.575150300601	0.0014486415234135075	-0.0011256483099199022	0.00016149660674680266	0.0012871449166667048
1156.5791583166333	0.0028885115449392984	-0.0013032587363375203	0.000792626404300889	0.0020958851406384094
1158.5831663326653	0.0011616350335142966	-0.0008318368360357153	0.00016489909873929065	0.000996735934775006
1160.5871743486975	0.001039886225164377	0.0003280066375739299	0.0006839464313691535	0.00035593979379522356
1162.5911823647293	0.0018600844409731865	2.9540913839665173e-05	0.0009448126774064258	0.0009152717635667607
1164.5951903807613	0.0015807761483553895	0.0016219555788575812	0.0016013658636064854	-2.0589715251095875e-05
1166.5991983967936	0.0014312724438091395	0.0006148370533004544	0.001023054748554797	0.0004082176952543426
1168.6032064128256	0.0016853363816873301	-0.0012710304238197079	0.00020715297893381113	0.001478183402753519
1170.6072144288578	0.003232452454470347	-0.0008984414094520554	0.0011670055225091458	0.002065446931961201
1172.6112224448898	0.0029415066039776283	-0.0005108113160158245	0.001215347643980902	0.0017261589599967264
1174.615230460922	0.0031622654427723162	-0.0016518545337649293	0.0007552054545036935	0.0024070599882686228
1176.6192384769538	0.0015598272399436341	0.00014789024591810307	0.0008538587429308686	0.0007059684970127655
1178.6232464929858	0.0010359470561526196	-0.0011358523071881566	-4.995262551776847e-05	0.001085899681670388
1180.6272545090178	0.0018505934916038802	-0.00046873596380347937	0.0006909287639002004	0.0011596647277036798
1182.63126252505	-0.0014128331950588047	2.130544236267351e-05	-0.0006957638763480656	-0.0007170693187107391
1184.635270541082	0.0014225012544536453	-0.0007299598563109688	0.00034627069907133823	0.001076230555382307
1186.6392785571143	0.0008355959373665955	-0.000265879768583166	0.0002848580843917148	0.0005507378529748808
1188.6432865731465	0.0020452156767194474	0.0013082723089907766	0.001676743992855112	0.0003684716838643354
1190.6472945891783	0.0018874779192632474	0.0007136672577396919	0.0013005725885014696	0.0005869053307617778
1192.6513026052103	0.0010169683423699727	0.0008862652950329952	0.000951616818701484	6.535152366848873e-05
1194.6553106212423	-0.0005607644687327662	1.7903567211985383e-05	-0.0002714304507603904	-0.0002893340179723758
1196.6593186372745	-8.41566483877898e-06	0.0033318220702174273	0.0016617032026893241	-0.0016701188675281031
1198.6633266533065	0.0016984073774612973	0.0019676889192610236	0.0018330481483611605	-0.00013464077089986315
1200.6673346693387	5.711342842307232e-05	0.0006393641180777454	0.00034823877325040886	-0.00029112534482733654
1202.671342685371	0.0007786612073517052	0.001756237399251459	0.0012674493033015821	-0.0004887880959498769
1204.6753507014027	0.0007133081161089239	-0.0007007778579831703	6.265129062876795e-06	0.0007070429870460471
1206.6793587174348	0.00025370591027040756	0.0005247779494427229	0.00038924192985656525	-0.00013553601958615769
1208.6833667334668	0.0003179828372887883	0.0014853446067215614	0.0009016637220051749	-0.0005836808847163866
1210.6873747494988	0.0028048967132775493	0.00022631035748543749	0.0015156035353814934	0.001289293177896056
1212.691382765531	0.0007108048513254639	0.00034304674559904047	0.0005269257984622522	0.0001838790528632117
1214.695390781563	-0.0009077500089017532	-0.0009514381417180529	-0.000929594075309903	2.1844066408149843e-05
1216.6993987975954	0.0008092773386164653	-0.001288756702374605	-0.0002397396818790698	0.0010490170204955351
1218.7034068136272	0.002198297485267675	-0.0006721298697378586	0.0007630838077649083	0.0014352136775027668
1220.7074148296592	0.002364808244339267	2.1485291223477532e-05	0.0011931467677813723	0.0011716614765578948
1222.7114228456912	0.00203554790146776	-0.00015558821280259316	0.0009399798443325835	0.0010955680571351767
1224.7154308617232	0.0009709541164806268	8.955359274143149e-07	0.00048592482620402055	0.00048502929027660624
1226.7194388777555	0.0032748866817865485	-0.0014110427145971327	0.0009319219835947079	0.0023429646981918406
1228.7234468937875	0.0006706966483074339	-3.795834683262278e-05	0.00031636915073740557	0.00035432749757002835
1230.72745490982	0.002834082014035899	-0.001637352771179379	0.0005983646214282601	0.002235717392607639
1232.7314629258517	0.00253185523448074	-0.00031135589360153926	0.0011102496704396003	0.0014216055640411396
1234.7354709418837	0.001056895157098836	-0.0001713445525188817	0.0004427753022899772	0.0006141198548088589
1236.7394789579157	0.0016643899468999912	-0.0008325529419550559	0.00041591850247246764	0.0012484714444275236
1238.7434869739477	0.0005129597589318413	0.0010737226798952504	0.0007933412194135459	-0.00028038146048170454
1240.7474949899797	0.0011231395540749478	-0.0020731446021455824	-0.0004750025240353173	0.001598142078110265
1242.751503006012	0.001734395245863385	-0.0002698171733374055	0.0007322890362629897	0.0010021062096003952
1244.755511022044	0.002453255536232657	0.00023168282484298253	0.0013424691805378197	0.0011107863556948372
1246.7595190380762	0.0025144871598923313	0.0008740894489227546	0.001694288304407543	0.0008201988554847883
1248.7635270541082	0.0010685322551767795	0.0011888489454415785	0.001128690600309179	-6.015834513239948e-05
1250.7675350701402	0.001632340668425214	-0.0008968293108863046	0.0003677556787694547	0.0012645849896557593
1252.7715430861722	0.0017834534175551475	0.0003607730039065782	0.0010721132107308629	0.0007113402068242847
1254.7755511022042	0.0015129169932067699	0.0018344800952921902	0.00167369854424948	-0.0001607815510427102
1256.7795591182364	0.0024555828304863025	0.0013784569022629034	0.001917019866374603	0.0005385629641116996
1258.7835671342684	0.0005185105347607077	-0.0008540372467042978	-0.00016776335597179504	0.0006862738907325028
1260.7875751503007	0.0021474481205248086	7.734595076280826e-05	0.0011123970356438084	0.0010350510848810002
1262.7915831663327	0.001989711442072828	-0.0018769139893441977	5.639872636431509e-05	0.0019333127157085128
1264.7955911823647	0.0019977685317129623	0.0013625214248491613	0.0016801449782810618	0.0003176235534319005
1266.7995991983967	0.0027492138900649943	-0.00031278858641570206	0.0012182126518246461	0.0015310012382403482
1268.8036072144287	0.0017417366822000124	0.0005654204750297209	0.0011535785786148667	0.0005881581035851458
1270.8076152304604	0.0034845467495890903	0.0005339088719288343	0.0020092278107589623	0.001475318938830128
1272.811623246493	0.0017453163657432658	0.0009371131304085623	0.001341214748075914	0.00040410161766735175
1274.815631262525	0.0009222547710737716	0.00155033820305428	0.0012362964870640258	-0.0003140417159902542
1276.8196392785571	0.0023141380619626783	0.0006651470750558275	0.001489642568509253	0.0008244954934534254
1278.8236472945891	0.001395285941059532	2.846896714459035e-05	0.0007118774541020612	0.0006834084869574708
1280.8276553106211	0.0027755323006455335	-0.0002513764892633219	0.0012620779056911058	0.0015134543949544277
1282.8316633266531	0.0012472182342991855	0.0002538837071853761	0.0007505509707422808	0.0004966672635569047
1284.835671342685	-0.00016686796346909727	0.0005117059709395244	0.00017241900373521357	-0.00033928696720431084
1286.8396793587174	0.0009170624817396167	0.0017782609557399631	0.00134766171873979	-0.0004305992370001732
1288.8436873747494	0.0036551734613957665	4.673039622471453e-05	0.0018509519288102405	0.001804221532585526
1290.8476953907816	0.0009550196371503894	0.00018548813824481591	0.0005702538876976027	0.00038476574945278674
1292.8517034068136	-0.0005168970816168406	-0.0015421039653381596	-0.0010295005234775	0.0005126034418606595
1294.8557114228456	0.0017469275562396192	0.0016760269866604727	0.001711477271450046	3.545028478957324e-05
1296.8597194388776	0.0022684816921688666	-0.0004540545483689984	0.0009072135718999341	0.0013612681202689325
1298.8637274549094	0.002770699936157861	-0.0011872375004635671	0.000791731217847147	0.001978968718310714
1300.8677354709416	0.001653646733920655	-0.00012174925064034614	0.0007659487416401545	0.0008876979922805006
1302.8717434869739	0.0009133005302824904	0.0003962233078113053	0.0006547619190468978	0.0002585386112355925
1304.8757515030059	0.0016258966513816864	-0.0006855568900282494	0.0004701698806767185	0.0011557267707049679
1306.879759519038	0.002447167848625087	0.00027787452194272255	0.0013625211852839048	0.0010846466633411822
1308.88376753507	0.0005367721062841113	0.0016382480970549285	0.0010875101016695199	-0.0005507379953854086
1310.887775551102	0.002009765478004133	-0.0011868806030800316	0.00041144243746205067	0.0015983230405420823
1312.8917835671339	0.0009086466979805197	0.000538025892692473	0.0007233362953364963	0.00018531040264402332
1314.895791583166	0.0013322630801810842	-0.00181209975189911	-0.0002399183358590129	0.001572181416040097
1316.8997995991983	0.0008692565508728878	0.001843969847208915	0.0013566131990409014	-0.0004873566481680136
1318.9038076152303	0.0006755321684172033	0.0004678402261945047	0.000571686197305854	0.0001038459711113493
1320.9078156312626	0.002737038407899184	-0.0006855578963708142	0.0010257402557641848	0.001711298152134999
1322.9118236472946	0.0013073757320177792	-0.0011122184807307312	9.757862564352404e-05	0.0012097971063742552
1324.9158316633266	0.0007607562827849357	-0.00020249746049905148	0.0002791294111429421	0.0004816268716419936
1326.9198396793583	0.0025427776863441443	9.990557708750014e-05	0.0013213416317158222	0.001221436054628322
1328.9238476953906	0.0028569985819202337	-0.00012479422348055103	0.0013661021792198413	0.0014908964027003924
1330.9278557114226	0.0021621300081540173	0.0002825310578422613	0.0012223305329981393	0.000939799475155878
1332.9318637274548	0.000518869413637435	0.00024206650302904809	0.00038046795833324154	0.00013840145530419345
1334.9358717434868	0.0012359383155666759	-0.0012173170696496705	9.310622958502712e-06	0.0012266276926081732
1336.939879759519	0.002522721991593868	0.0005192266285841685	0.0015209743100890183	0.0010017476815048498
1338.943887775551	0.0007525208473576628	-7.341457416321084e-06	0.00037258969497067085	0.00037993115238699193
1340.9478957915828	0.0013240276856900657	0.00014019083992966586	0.0007321092628098658	0.0005919184228801999
1342.951903807615	0.0012189293911176735	0.0011609192088620768	0.0011899242999898751	2.9005091127798366e-05
1344.955911823647	0.00013070183159924476	-0.000554676988956393	-0.0002119875786785741	0.00034268941027781885
1346.9599198396793	-0.00011244004593102819	-0.00024349882577567872	-0.00017796943585335345	6.552938992232527e-05
1348.9639278557113	0.00012998657291729554	0.0014516847825117862	0.0007908356777145409	-0.0006608491047972453
1350.9679358717435	0.0008991563115003931	-8.808911836077904e-05	0.00040553359656980703	0.0004936227149305861
1352.9719438877755	0.0021512072931689774	0.0011381793307142507	0.001644693311941614	0.0005065139812273634
1354.9759519038073	0.002298381440998809	-0.0003099237049545289	0.00099422886802214	0.001304152572976669
1356.9799599198395	0.0012302083008258746	0.0003503873431393023	0.0007902978219825885	0.00043991047884328616
1358.9839679358715	0.0023236288094534707	0.0004057129362735612	0.001364670872863516	0.0009589579365899548
1360.9879759519035	0.0008885945017004238	0.0007195764958757289	0.0008040854987880763	8.450900291234742e-05
1362.9919839679358	0.0020205066461119747	-0.0006128668541841575	0.0007038198959639086	0.0013166867501480661
1364.995991983968	0.0013587647217786492	0.0015524877195104425	0.0014556262206445458	-9.686149886589668e-05
1367.0	0.0011774810302663807	-0.0002983768596084291	0.00043955208532897583	0.0007379289449374049
1372.1777777777777	0.00037581307120437835	0.0017727095900466061	0.0010742613306254922	-0.0006984482594211139
1377.3555555555556	0.002132050774217187	0.0005034696897195934	0.00131776023196839	0.0008142905422487967
1382.5333333333335	0.0027463489457373313	3.9210758508545496e-05	0.0013927798521229384	0.001353569093614393
1387.711111111111	0.002540807299311054	0.0014228599349349613	0.0019818336171230078	0.0005589736821880464
1392.888888888889	0.00048520844140143016	-0.0005761632040514053	-4.5477381324987576e-05	0.0005306858227264177
1398.0666666666666	0.0018795976884035115	-0.0017678736641612014	5.586201212115505e-05	0.0018237356762823564
1403.2444444444445	0.000946423899118698	-0.00021019617800444035	0.0003681138605571288	0.0005783100385615692
1408.4222222222222	0.00028951398165466546	0.0014976990852247907	0.0008936065334397281	-0.0006040925517850626
1413.5999999999997	0.0019107520485246443	-5.729358427930542e-05	0.0009267292321226694	0.0009840228164019749
1418.777777777778	0.0002381272655290756	-0.0003788559394538593	-7.036433696239186e-05	0.00030849160249146745
1423.9555555555555	0.00205416672092551	-0.0003772452711576779	0.000838460724883916	0.001215705996041594
1429.1333333333334	0.0013675361730768332	0.000813931934697032	0.0010907340538869326	0.0002768021191899006
1434.3111111111111	0.001249545960888221	-0.00036793467560036763	0.00044080564264392663	0.0008087403182442943
1439.4888888888888	0.0010481210596918755	0.0008432946750621673	0.0009457078673770214	0.00010241319231485413
1444.6666666666667	-0.0001022336172107341	0.0011815077311490008	0.0005396370569691333	-0.0006418706741798674
1449.8444444444442	-0.0003167277230967658	0.0010869738243476368	0.0003851230506254355	-0.0007018507737222013
1455.0222222222221	0.0010853621303837935	-0.0002377703775361395	0.000423795876423827	0.0006615662539599665
1460.2	0.001937609914457794	0.0002796665188929959	0.001108638216675395	0.0008289716977823991
1465.3777777777777	-0.0023313256426257256	0.0013200879444036362	-0.0005056188491110447	-0.001825706793514681
1470.5555555555557	0.0007428518523174832	0.001123856146255986	0.0009333539992867346	-0.00019050214696925138
1475.7333333333333	0.0019145124868229502	5.281811132618053e-05	0.0009836652990745653	0.0009308471877483848
1480.9111111111113	0.0020131648438110883	0.00225487370264732	0.002134019273229204	-0.00012085442941811575
1486.0888888888887	0.0012567062114419159	0.0002887976116285884	0.0007727519115352521	0.0004839542999066637
1491.2666666666667	0.002048617261867336	0.0004766136856865222	0.001262615473776929	0.0007860017880904069
1496.4444444444443	0.0011227830734193978	0.0015295703165355556	0.0013261766949774767	-0.00020339362155807894
1501.6222222222223	0.0022871028422710715	-0.0003713375245424366	0.0009578826588643174	0.001329220183406754
1506.8	0.0002712502755395363	0.0015839984373438032	0.0009276243564416697	-0.0006563740809021334
1511.9777777777779	0.0009578832366687884	0.00020983912831229468	0.0005838611824905415	0.00037402205417824685
1517.1555555555558	0.001007120344101664	-3.562943055424039e-05	0.00048574545677371184	0.0005213748873279522
1522.3333333333333	0.00037133486064144794	0.0006130443513444606	0.0004921896059929542	-0.00012085474535150631
1527.5111111111112	0.0012975291353993779	-0.0012875024350400555	5.013350179661202e-06	0.0012925157852197167
1532.6888888888889	0.0007190407840285129	-0.0009016634224692233	-9.131131922035518e-05	0.0008103521032488681
1537.8666666666668	0.0007877914550620257	0.001450611234352639	0.0011192013447073323	-0.0003314098896453066
1543.0444444444445	4.2613179556005853e-05	-0.000883044201958838	-0.0004202155112014161	0.00046282869075742195
1548.222222222222	0.0018958915276828803	-0.0017164900830169971	8.970072233294157e-05	0.0018061908053499387
1553.4000000000003	0.001585969672387999	-0.0003308729229790641	0.0006275483747044674	0.0009584212976835316
1558.5777777777778	0.0014552667764134997	0.001271925649211636	0.0013635962128125678	9.167056360093184e-05
1563.7555555555555	0.0007133098182428022	0.0007151008640573497	0.0007142053411500759	-8.955229072737936e-07
1568.9333333333334	0.0004979217235262512	0.001847909429096295	0.001172915576311273	-0.0006749938527850219
1574.111111111111	0.0022111887245196415	-0.0005847570869365049	0.0008132158187915683	0.0013979729057280732
1579.288888888889	0.000864959855419567	-0.00027053439427282555	0.0002972127305733707	0.0005677471248461963
1584.4666666666665	0.0013412159277763624	0.000600691599364378	0.0009709537635703702	0.00037026216420599223
1589.6444444444444	-0.000359697660710645	0.0004030272686840197	2.1664803986687353e-05	-0.00038136246469733237
1594.8222222222223	0.0006844836481809669	-0.0002533473447561274	0.00021556815171241972	0.00046891549646854713
1600.0	3.437647355075679e-05	0.000127478411114601	8.09274423326789e-05	-4.655096878192211e-05
