2.000000000000000000e+02	2.087804714270905405e-03
2.010126582278481067e+02	3.049798676994885330e-03
2.020253164556962133e+02	2.784765477179308463e-03
2.030379746835442916e+02	-1.162816964617164684e-03
2.040506329113923982e+02	8.046851016395422393e-04
2.050632911392405049e+02	2.345858048148314907e-03
2.060759493670886116e+02	2.132224533006561468e-03
2.070886075949367182e+02	-1.675887110500929840e-03
2.081012658227847965e+02	1.350095806591280903e-03
2.091139240506329031e+02	5.124065632456140974e-03
2.101265822784810098e+02	-8.367953063874942468e-04
2.111392405063291164e+02	1.806949842608667920e-03
2.121518987341772231e+02	1.983729663972679457e-04
2.131645569620253298e+02	4.066021493997777105e-03
2.141772151898734080e+02	2.882249592971906308e-03
2.151898734177215147e+02	1.080988531978138148e-03
2.162025316455696213e+02	6.302366292080121375e-04
2.172151898734177280e+02	4.125692217299741708e-04
2.182278481012658347e+02	2.056581587731024906e-03
2.192405063291139413e+02	1.867971398897072229e-03
2.202531645569620196e+02	2.734640582595858262e-03
2.212658227848101262e+02	2.243677607552670410e-03
2.222784810126582329e+02	9.642855364855271736e-04
2.232911392405063395e+02	2.535066009707018491e-03
2.243037974683544462e+02	2.472844012876787719e-04
2.253164556962025245e+02	5.426355960439328656e-03
2.263291139240506311e+02	4.118899648759415631e-03
2.273417721518987378e+02	-1.267903354247094082e-04
2.283544303797468444e+02	1.448482152175102232e-03
2.293670886075949511e+02	-9.264467466224302625e-04
2.303797468354430293e+02	9.830414804776284234e-04
2.313924050632911360e+02	2.634433385599855692e-03
2.324050632911392427e+02	3.282546772557894729e-03
2.334177215189873493e+02	2.151891078101180810e-04
2.344303797468354560e+02	-6.925942214304233032e-04
2.354430379746835342e+02	1.212665121993667045e-03
2.364556962025316409e+02	3.469278647760661635e-03
2.374683544303797476e+02	3.144836744369896588e-04
2.384810126582278542e+02	3.513363608703285509e-03
2.394936708860759609e+02	-7.679046465262339425e-04
2.405063291139240391e+02	-2.334435293905480350e-04
2.415189873417721458e+02	-9.904135595389040262e-04
2.425316455696202524e+02	4.151484874539586030e-04
2.435443037974683591e+02	-1.450714747747311852e-03
2.445569620253164658e+02	6.787105095537115202e-04
2.455696202531645440e+02	3.263928137094330387e-03
2.465822784810126791e+02	2.736332874898158001e-03
2.475949367088607573e+02	-2.415959244111259006e-04
2.486075949367088640e+02	1.019059972400028014e-03
2.496202531645569707e+02	6.394842735749435743e-03
2.506329113924050489e+02	3.277437102544913331e-03
2.516455696202531840e+02	-5.439589036476633012e-04
2.526582278481012622e+02	7.183429395872387027e-04
2.536708860759493689e+02	3.564905931729788532e-03
2.546835443037974755e+02	1.337661140528813601e-03
2.556962025316455822e+02	1.108560058720344096e-03
2.567088607594936889e+02	-6.878144755839340216e-04
2.577215189873417671e+02	1.018665178047913543e-05
2.587341772151899022e+02	1.161651149264872470e-03
2.597468354430379804e+02	2.028794922710475677e-04
2.607594936708860587e+02	5.205588274747777839e-04
2.617721518987341938e+02	2.318902896933729401e-03
2.627848101265822720e+02	5.735735176149346463e-03
2.637974683544304071e+02	1.494943390058036693e-04
2.648101265822784853e+02	2.183971040812446567e-03
2.658227848101265636e+02	3.136015198952647135e-03
2.668354430379746987e+02	1.432313570668212717e-03
2.678481012658227769e+02	-1.228344503944085600e-03
2.688607594936709120e+02	2.321924841764619763e-03
2.698734177215189902e+02	3.305444285841773692e-03
2.708860759493670685e+02	1.277770105457465147e-03
2.718987341772152035e+02	4.130631164999869838e-04
2.729113924050632818e+02	4.614946547414470503e-03
2.739240506329114169e+02	3.160642173862674657e-03
2.749367088607594951e+02	-6.891323191831327929e-04
2.759493670886075734e+02	2.363734271937493071e-03
2.769620253164557084e+02	1.236337094414993515e-03
2.779746835443037867e+02	1.121228628035308159e-03
2.789873417721519218e+02	-4.601207035423001725e-03
2.800000000000000000e+02	1.718903003405146098e-03
2.800000000000000000e+02	2.357806321512712338e-03
2.805031446540880324e+02	-1.136661221702294075e-03
2.810062893081761217e+02	4.475160628142884657e-03
2.815094339622641542e+02	-1.718635898935863343e-04
2.820125786163521866e+02	-2.559058979198839106e-03
2.825157232704402759e+02	7.124049890340672148e-05
2.830188679245283083e+02	2.256117709286142598e-03
2.835220125786163408e+02	2.345623585684756141e-03
2.840251572327044300e+02	2.617037737996374524e-03
2.845283018867924625e+02	-3.725848881672149814e-04
2.850314465408804949e+02	4.611866532370793230e-04
2.855345911949685274e+02	3.632657374147336857e-05
2.860377358490566166e+02	1.465043739692468592e-03
2.865408805031446491e+02	-1.075650191832177662e-05
2.870440251572326815e+02	3.561244888110106591e-03
2.875471698113207708e+02	1.708014620663339837e-03
2.880503144654088032e+02	2.848202533603573527e-04
2.885534591194968357e+02	1.470631792265507777e-03
2.890566037735849250e+02	-3.498792189006816951e-04
2.895597484276729574e+02	1.222175832650933052e-03
2.900628930817609898e+02	2.726997624662333679e-03
2.905660377358490791e+02	2.206458854541632885e-03
2.910691823899371116e+02	5.738232975736064874e-04
2.915723270440251440e+02	1.346394803047877868e-03
2.920754716981132333e+02	2.043209607779493658e-03
2.925786163522012657e+02	-1.429612374171896185e-03
2.930817610062892982e+02	7.481934516882776795e-04
2.935849056603773306e+02	-9.747704636123571834e-04
2.940880503144654199e+02	3.183396106514529197e-03
2.945911949685534523e+02	3.812300896949792021e-03
2.950943396226414848e+02	2.343954342113534640e-03
2.955974842767295740e+02	1.913983042433712754e-03
2.961006289308176065e+02	3.544769993140993512e-04
2.966037735849056389e+02	2.729665637865889491e-02
2.971069182389937282e+02	1.434314694093319076e-01
2.976100628930817606e+02	1.619353510270406804e-01
2.981132075471697931e+02	1.500208223918330919e-01
2.986163522012578824e+02	1.398536289474034688e-01
2.991194968553459148e+02	1.369800251325263563e-01
2.996226415094339472e+02	1.353469539824491974e-01
3.001257861635220365e+02	1.291392861601392272e-01
3.006289308176100690e+02	1.384957482287547392e-01
3.011320754716981014e+02	1.319296054444795974e-01
3.016352201257861907e+02	1.312296528350073987e-01
3.021383647798742231e+02	1.312301987456054586e-01
3.026415094339622556e+02	1.333597256357126060e-01
3.031446540880502880e+02	1.307820858653769569e-01
3.036477987421383773e+02	1.307742901359389698e-01
3.041509433962264097e+02	1.332349054238062547e-01
3.046540880503144422e+02	1.320631650517151978e-01
3.051572327044025315e+02	1.306223633850944477e-01
3.056603773584905639e+02	1.283591426808325664e-01
3.061635220125785963e+02	1.244089812777299658e-01
3.066666666666666856e+02	1.242717575578812655e-01
3.071698113207547181e+02	1.252952881918978079e-01
3.076729559748427505e+02	1.200380651591063524e-01
3.081761006289308398e+02	1.230666129826327032e-01
3.086792452830188722e+02	1.266177686071048025e-01
3.091823899371069047e+02	1.215097270089499498e-01
3.096855345911949939e+02	1.239309959435727498e-01
3.101886792452830264e+02	1.230916410822774781e-01
3.106918238993710588e+02	1.230611718287703410e-01
3.111949685534591481e+02	1.186266135299109264e-01
3.116981132075471805e+02	1.168682835689053706e-01
3.122012578616352130e+02	1.212831669985580535e-01
3.127044025157232454e+02	1.161137604933354800e-01
3.132075471698113347e+02	1.156781703563955349e-01
3.137106918238993671e+02	1.147718250760424857e-01
3.142138364779873996e+02	1.141374413654783898e-01
3.147169811320754889e+02	1.101924431645423946e-01
3.152201257861635213e+02	1.097243251963836846e-01
3.157232704402515537e+02	1.117812772453831566e-01
3.162264150943396430e+02	1.116584869010791153e-01
3.167295597484276755e+02	1.084296182866783392e-01
3.172327044025157079e+02	1.121999269243400404e-01
3.177358490566037972e+02	1.108906384109299842e-01
3.182389937106918296e+02	1.107974595459823436e-01
3.187421383647798621e+02	1.081100036061767716e-01
3.192452830188678945e+02	1.072436659097473904e-01
3.197484276729559838e+02	1.089311712621819500e-01
3.202515723270440162e+02	1.065749279259444043e-01
3.207547169811321055e+02	1.058125609052857213e-01
3.212578616352201379e+02	1.016959529962001979e-01
3.217610062893081704e+02	1.036382766852420173e-01
3.222641509433962028e+02	1.044840634158525211e-01
3.227672955974842921e+02	1.013407159312459810e-01
3.232704402515723245e+02	1.055054436067232454e-01
3.237735849056603570e+02	1.064319011427464351e-01
3.242767295597484463e+02	1.004787152683467716e-01
3.247798742138364787e+02	1.014084395349104800e-01
3.252830188679245111e+02	9.871324090757609138e-02
3.257861635220126004e+02	9.650062232883598046e-02
3.262893081761006329e+02	9.928672041314985652e-02
3.267924528301886653e+02	9.907733878708031849e-02
3.272955974842767546e+02	9.763740781762490772e-02
3.277987421383647870e+02	9.807038548193795779e-02
3.283018867924528195e+02	9.672799434494787352e-02
3.288050314465408519e+02	9.753634093380496306e-02
3.293081761006289412e+02	9.656596391115306044e-02
3.298113207547169736e+02	9.809235586639124260e-02
3.303144654088050629e+02	9.603182147114523726e-02
3.308176100628930953e+02	9.705348163191078459e-02
3.313207547169811278e+02	9.441939217287502462e-02
3.318238993710691602e+02	9.632651742737323441e-02
3.323270440251572495e+02	9.609928162742457924e-02
3.328301886792452819e+02	9.730593432906757545e-02
3.333333333333333144e+02	9.407700871825912248e-02
3.338364779874214037e+02	9.706491614968541792e-02
3.343396226415094361e+02	9.586381915543855381e-02
3.348427672955974685e+02	9.587703892483838419e-02
3.353459119496855578e+02	9.134847435289132622e-02
3.358490566037735903e+02	9.607274403314043643e-02
3.363522012578616227e+02	9.509122907542215397e-02
3.368553459119497120e+02	9.473878621079283302e-02
3.373584905660377444e+02	9.660082448397348809e-02
3.378616352201257769e+02	9.220906348346773196e-02
3.383647798742138093e+02	9.532161429236156447e-02
3.388679245283018986e+02	9.406335708813744201e-02
3.393710691823899310e+02	9.259482415787372023e-02
3.398742138364779635e+02	9.326923059018669970e-02
3.403773584905660528e+02	9.531514980891302169e-02
3.408805031446540852e+02	9.294422042299281539e-02
3.413836477987421176e+02	9.305890858120251241e-02
3.418867924528302069e+02	9.622679906310153963e-02
3.423899371069182394e+02	9.395996551245981709e-02
3.428930817610062718e+02	9.539635468135447549e-02
3.433962264150943611e+02	9.660729376381811673e-02
3.438993710691823935e+02	9.117164973689788343e-02
3.444025157232704260e+02	9.316918464163774505e-02
3.449056603773584584e+02	9.319471151792672881e-02
3.454088050314465477e+02	9.513778802831514281e-02
3.459119496855345801e+02	9.058309845171873265e-02
3.464150943396226694e+02	9.479517295293475587e-02
3.469182389937107018e+02	9.035061641241880215e-02
3.474213836477987343e+02	9.370741909849382434e-02
3.479245283018867667e+02	9.541122894258873000e-02
3.484276729559748560e+02	9.266424789578679710e-02
3.489308176100628884e+02	9.438859003162487771e-02
3.494339622641509777e+02	9.138409385111383176e-02
3.499371069182390102e+02	9.344737832340895001e-02
3.504402515723270426e+02	9.308851497270993758e-02
3.509433962264150750e+02	9.174184177791040729e-02
3.514465408805031643e+02	9.110856658336137504e-02
3.519496855345911968e+02	8.850130129078480345e-02
3.524528301886792292e+02	8.934463548393613286e-02
3.529559748427673185e+02	9.178543811423563181e-02
3.534591194968553509e+02	9.228981678238164232e-02
3.539622641509433834e+02	9.104891722117509911e-02
3.544654088050314158e+02	9.156790805539867517e-02
3.549685534591195051e+02	8.758458466866901604e-02
3.554716981132075375e+02	8.906924078090026897e-02
3.559748427672956268e+02	9.243385105355887699e-02
3.564779874213836592e+02	8.679403006860796077e-02
3.569811320754716917e+02	8.847410412434390803e-02
3.574842767295597241e+02	9.215553584098416795e-02
3.579874213836478134e+02	8.740378487396192886e-02
3.584905660377358458e+02	8.640835934389744233e-02
3.589937106918238783e+02	8.784827178204547560e-02
3.594968553459119676e+02	8.806222798839082044e-02
3.600000000000000000e+02	8.861169574416537242e-02
3.600000000000000000e+02	8.673346303687333447e-02
3.610050251256281513e+02	8.642498841591271519e-02
3.620100502512563025e+02	8.444699562181991193e-02
3.630150753768843970e+02	8.483849441518385992e-02
3.640201005025125482e+02	8.564682328142179946e-02
3.650251256281406995e+02	8.303718288165139183e-02
3.660301507537688508e+02	8.939294032817436675e-02
3.670351758793970021e+02	8.399081591737343755e-02
3.680402010050250965e+02	8.499407561213788431e-02
3.690452261306532478e+02	8.552412330614968250e-02
3.700502512562813990e+02	8.627666330438586717e-02
3.710552763819095503e+02	8.629885152023396289e-02
3.720603015075377016e+02	8.568087065130859659e-02
3.730653266331658529e+02	8.243930610257153846e-02
3.740703517587939473e+02	8.343111172530016939e-02
3.750753768844220986e+02	8.361909247828468172e-02
3.760804020100502498e+02	8.266454874874461234e-02
3.770854271356784011e+02	8.344898100687701825e-02
3.780904522613065524e+02	8.535459267011623330e-02
3.790954773869346468e+02	8.493678835904640290e-02
3.801005025125627981e+02	8.546724807003545921e-02
3.811055276381909493e+02	8.180809900281403590e-02
3.821105527638191006e+02	8.484602435345021954e-02
3.831155778894472519e+02	8.442864627741274164e-02
3.841206030150754032e+02	8.412244077520956986e-02
3.851256281407034976e+02	8.490070586081728543e-02
3.861306532663316489e+02	8.524284373753952815e-02
3.871356783919598001e+02	8.298776889803126389e-02
3.881407035175879514e+02	8.345745241598791220e-02
3.891457286432161027e+02	8.197246230011444312e-02
3.901507537688441971e+02	8.426588647544085153e-02
3.911557788944723484e+02	8.290716088009263129e-02
3.921608040201004997e+02	8.524000410997288613e-02
3.931658291457286509e+02	8.160881714005040199e-02
3.941708542713568022e+02	8.331936797524840121e-02
3.951758793969848966e+02	8.409773596179591360e-02
3.961809045226130479e+02	8.300641690980546661e-02
3.971859296482411992e+02	8.581033999181013339e-02
3.981909547738693504e+02	8.327803926621944741e-02
3.991959798994975017e+02	8.252233211814051506e-02
4.002010050251255961e+02	8.631525589006548704e-02
4.012060301507537474e+02	8.491499804592249345e-02
4.022110552763818987e+02	8.651449946195231833e-02
4.032160804020100500e+02	8.663839167896612847e-02
4.042211055276382012e+02	8.368032804733276098e-02
4.052261306532662957e+02	8.734478805698277226e-02
4.062311557788944469e+02	8.355569858676446804e-02
4.072361809045225982e+02	8.433690998726363353e-02
4.082412060301507495e+02	8.548369299570844626e-02
4.092462311557789008e+02	8.614559919459170712e-02
4.102512562814070520e+02	8.153171889115794213e-02
4.112562814070352033e+02	8.176816923591932740e-02
4.122613065326632977e+02	8.266382697770689736e-02
4.132663316582914490e+02	8.346709204418474581e-02
4.142713567839196003e+02	8.531515009225508483e-02
4.152763819095477515e+02	8.538739863069323699e-02
4.162814070351759028e+02	8.407411509566285746e-02
4.172864321608039972e+02	8.780817066982561647e-02
4.182914572864321485e+02	8.271349697680498159e-02
4.192964824120602998e+02	8.635506079255990397e-02
4.203015075376884511e+02	8.912921978967537628e-02
4.213065326633166023e+02	8.730144165742960427e-02
4.223115577889446968e+02	8.440707788659161659e-02
4.233165829145728480e+02	8.605651843456797734e-02
4.243216080402009993e+02	8.486319799802484465e-02
4.253266331658291506e+02	8.630972395741944025e-02
4.263316582914573019e+02	8.559368155436221370e-02
4.273366834170853963e+02	8.430877682472980028e-02
4.283417085427135476e+02	8.598390373607063542e-02
4.293467336683416988e+02	8.559627427637296615e-02
4.303517587939698501e+02	8.590550674393636343e-02
4.313567839195980014e+02	8.402363064439243023e-02
4.323618090452260958e+02	8.258889129201006651e-02
4.333668341708542471e+02	8.516938932017882602e-02
4.343718592964823983e+02	8.495435053508480772e-02
4.353768844221105496e+02	8.032322059700124084e-02
4.363819095477387009e+02	8.405863817360616219e-02
4.373869346733667953e+02	8.306946577337760707e-02
4.383919597989950034e+02	8.142862199403434753e-02
4.393969849246230979e+02	8.469098597473580237e-02
4.404020100502512491e+02	8.101448658292355332e-02
4.414070351758794004e+02	8.344880469301531323e-02
4.424120603015074948e+02	8.508547762406261372e-02
4.434170854271357030e+02	8.375071158226905788e-02
4.444221105527637974e+02	8.341436554483135091e-02
4.454271356783919487e+02	8.551783639819966754e-02
4.464321608040200999e+02	8.333683922274338907e-02
4.474371859296482512e+02	8.372605179987314961e-02
4.484422110552764025e+02	8.595812666766410037e-02
4.494472361809044969e+02	8.482561057856176367e-02
4.504522613065326482e+02	8.441280058578905232e-02
4.514572864321607994e+02	8.184059626184846115e-02
4.524623115577889507e+02	8.538708113568650726e-02
4.534673366834171020e+02	8.342376174542699696e-02
4.544723618090451964e+02	8.398257068136728842e-02
4.554773869346733477e+02	8.132027244472418703e-02
4.564824120603014990e+02	8.410037716868641600e-02
4.574874371859296502e+02	8.051101959447061474e-02
4.584924623115578015e+02	8.347789780057478237e-02
4.594974874371858959e+02	8.033586900190624325e-02
4.605025125628140472e+02	8.226660209551493741e-02
4.615075376884421985e+02	8.282142217570621912e-02
4.625125628140703498e+02	8.058608038189406242e-02
4.635175879396985010e+02	8.314821200031953519e-02
4.645226130653265955e+02	8.155100997357510317e-02
4.655276381909547467e+02	8.360269046302899743e-02
4.665326633165828980e+02	8.417742799448897639e-02
4.675376884422110493e+02	8.665928932340728752e-02
4.685427135678392006e+02	8.620150823990034572e-02
4.695477386934672950e+02	8.655328560581888875e-02
4.705527638190955031e+02	8.415081882629259213e-02
4.715577889447235975e+02	8.424534540123594650e-02
4.725628140703517488e+02	8.650559222226260336e-02
4.735678391959799001e+02	8.568060705112444386e-02
4.745728643216079945e+02	8.305174835032881620e-02
4.755778894472362026e+02	8.378764619537550085e-02
4.765829145728642970e+02	8.375176104440949787e-02
4.775879396984924483e+02	8.333462472933127196e-02
4.785929648241205996e+02	8.338387666272216447e-02
4.795979899497487509e+02	8.463145779131299451e-02
4.806030150753769021e+02	8.441417418857667665e-02
4.816080402010049966e+02	8.584151894431170382e-02
4.826130653266331478e+02	8.277912993145096487e-02
4.836180904522612991e+02	8.197426408225939876e-02
4.846231155778894504e+02	8.138848165946611923e-02
4.856281407035176017e+02	8.379650683750262952e-02
4.866331658291456961e+02	8.102360461261857993e-02
4.876381909547738474e+02	8.456025379545449583e-02
4.886432160804019986e+02	8.403030522207745323e-02
4.896482412060301499e+02	8.118441247213502299e-02
4.906532663316583012e+02	8.166286268539581228e-02
4.916582914572863956e+02	8.316826546210288884e-02
4.926633165829145469e+02	8.131629635908653453e-02
4.936683417085426981e+02	8.422648416656962345e-02
4.946733668341708494e+02	8.464882387939100250e-02
4.956783919597990007e+02	8.270368149783656475e-02
4.966834170854270951e+02	8.487049648479118302e-02
4.976884422110553032e+02	8.436611582699395095e-02
4.986934673366833977e+02	8.552425821525548588e-02
4.996984924623115489e+02	8.235263426378301721e-02
5.007035175879397002e+02	8.209469940137424648e-02
5.017085427135677946e+02	8.751832214447442804e-02
5.027135678391960028e+02	8.507886625290840554e-02
5.037185929648240972e+02	8.337823131938003340e-02
5.047236180904522485e+02	8.716473361486899718e-02
5.057286432160803997e+02	8.391162531188979534e-02
5.067336683417084942e+02	8.146975467196514165e-02
5.077386934673367023e+02	8.509693699949351375e-02
5.087437185929647967e+02	8.533485269229827697e-02
5.097487437185929480e+02	8.171281569388168242e-02
5.107537688442210992e+02	8.758358580595478060e-02
5.117587939698491937e+02	8.671952035472742237e-02
5.127638190954774018e+02	8.504920083912527462e-02
5.137688442211054962e+02	8.462770097155859761e-02
5.147738693467335906e+02	8.659739616565055587e-02
5.157788944723617988e+02	8.174911317824574974e-02
5.167839195979900069e+02	8.581953400066018312e-02
5.177889447236181013e+02	8.584260839720080083e-02
5.187939698492461957e+02	8.262648182356548132e-02
5.197989949748744039e+02	8.388569237657970967e-02
5.208040201005024983e+02	8.410271057633754432e-02
5.218090452261305927e+02	8.383188661979688872e-02
5.228140703517588008e+02	8.160744490262038242e-02
5.238190954773868953e+02	8.043806773064875182e-02
5.248241206030149897e+02	8.336190622987081633e-02
5.258291457286431978e+02	8.306265065493077804e-02
5.268341708542714059e+02	8.262459214514374095e-02
5.278391959798995003e+02	8.201114159064461229e-02
5.288442211055275948e+02	8.476494327253260297e-02
5.298492462311558029e+02	8.607578202905465103e-02
5.308542713567838973e+02	8.393967449569665618e-02
5.318592964824119917e+02	8.309187888503487274e-02
5.328643216080401999e+02	8.239570658694926608e-02
5.338693467336682943e+02	8.290274479614014036e-02
5.348743718592965024e+02	8.020535285706929807e-02
5.358793969849245968e+02	8.178992343196801740e-02
5.368844221105528050e+02	8.255862248427368877e-02
5.378894472361808994e+02	8.072821165112474551e-02
5.388944723618089938e+02	7.921311874648594153e-02
5.398994974874372019e+02	8.424711557329657430e-02
5.409045226130652964e+02	8.041319173212678473e-02
5.419095477386933908e+02	7.466527504858942732e-02
5.429145728643215989e+02	8.384695100878435114e-02
5.439195979899496933e+02	7.854332800863626785e-02
5.449246231155779014e+02	8.247138832280241638e-02
5.459296482412059959e+02	8.288322462402787638e-02
5.469346733668342040e+02	8.241242040525741108e-02
5.479396984924622984e+02	8.459509785376505275e-02
5.489447236180903928e+02	8.640647745187014783e-02
5.499497487437186010e+02	8.111514238033078195e-02
5.509547738693466954e+02	8.506558740743787317e-02
5.519597989949747898e+02	8.105479575925854385e-02
5.529648241206029979e+02	7.916412812776750518e-02
5.539698492462312061e+02	7.871506099034795978e-02
5.549748743718593005e+02	7.881448743747652974e-02
5.559798994974873949e+02	8.206917102016618448e-02
5.569849246231156030e+02	8.293970091510592668e-02
5.579899497487436975e+02	8.062698680540979213e-02
5.589949748743717919e+02	7.895068957831784251e-02
5.600000000000000000e+02	7.916788995798927642e-02
5.600000000000000000e+02	8.042315577882662436e-02
5.640036068530207558e+02	8.368553377156882911e-02
5.680072137060415116e+02	8.203665155111296292e-02
5.720108205590622674e+02	8.195468314888997019e-02
5.760144274120829095e+02	7.846790683163416824e-02
5.800180342651036653e+02	8.172230387556821130e-02
5.840216411181244212e+02	7.895985001547232984e-02
5.880252479711451770e+02	7.915978141444889038e-02
5.920288548241659328e+02	7.988115363345492381e-02
5.960324616771866886e+02	8.074973625421287549e-02
6.000360685302074444e+02	7.918808268615017132e-02
6.040396753832280865e+02	8.361700980206944467e-02
6.080432822362488423e+02	8.324806946111552863e-02
6.120468890892695981e+02	8.090509150316614606e-02
6.160504959422903539e+02	8.470231278382790718e-02
6.200541027953111097e+02	8.299048339048677170e-02
6.240577096483318655e+02	8.276095649942639965e-02
6.280613165013526213e+02	8.009386676921979864e-02
6.320649233543733772e+02	8.060752177670758856e-02
6.360685302073940193e+02	8.358198041371757425e-02
6.400721370604147751e+02	8.209315825047901194e-02
6.440757439134355309e+02	8.100442219668511912e-02
6.480793507664562867e+02	8.218735404558986934e-02
6.520829576194770425e+02	8.171855388497407946e-02
6.560865644724977983e+02	8.183264243713285480e-02
6.600901713255184404e+02	8.341078134682157474e-02
6.640937781785391962e+02	8.112204622483575045e-02
6.680973850315599520e+02	8.242478969693077528e-02
6.721009918845807078e+02	8.493912054120277000e-02
6.761045987376014637e+02	7.995687060413102232e-02
6.801082055906222195e+02	8.093615694396115445e-02
6.841118124436429753e+02	8.481056743224781036e-02
6.881154192966637311e+02	8.016787967252457514e-02
6.921190261496843732e+02	7.957619782266110720e-02
6.961226330027051290e+02	8.192687882846917680e-02
7.001262398557258848e+02	7.914256160352749203e-02
7.041298467087466406e+02	8.029494183602357837e-02
7.081334535617673964e+02	8.027490906699120965e-02
7.121370604147881522e+02	8.064337814150336625e-02
7.161406672678087943e+02	8.098888239203659578e-02
7.201442741208295502e+02	7.874213028872646680e-02
7.241478809738503060e+02	7.995251157443460099e-02
7.281514878268710618e+02	8.172797783970310592e-02
7.321550946798918176e+02	7.911772074504798413e-02
7.361587015329125734e+02	7.962353350497165805e-02
7.401623083859333292e+02	8.036574191141766799e-02
7.441659152389540850e+02	8.053735830394036233e-02
7.481695220919748408e+02	7.960088951777323507e-02
7.521731289449954829e+02	7.677260590439037580e-02
7.561767357980162387e+02	7.618301006059101377e-02
7.601803426510369945e+02	7.901432283401631229e-02
7.641839495040577503e+02	7.810632766709980912e-02
7.681875563570785062e+02	7.839749703436781070e-02
7.721911632100991483e+02	8.012805699424442596e-02
7.761947700631199041e+02	8.052462736132316723e-02
7.801983769161406599e+02	8.039609269290927396e-02
7.842019837691614157e+02	7.789997795045643103e-02
7.882055906221821715e+02	7.571947429642532368e-02
7.922091974752029273e+02	7.930159602243479211e-02
7.962128043282236831e+02	8.028812523640714571e-02
8.002164111812444389e+02	7.925506072662737156e-02
8.042200180342651947e+02	7.921333856304936527e-02
8.082236248872858368e+02	8.055778032171144465e-02
8.122272317403065927e+02	7.761018409479746027e-02
8.162308385933273485e+02	7.957956042323786894e-02
8.202344454463481043e+02	7.941611326276719340e-02
8.242380522993687464e+02	8.061344102095370501e-02
8.282416591523895022e+02	8.455562560937136818e-02
8.322452660054102580e+02	7.940676453884577823e-02
8.362488728584310138e+02	7.602589735078089939e-02
8.402524797114517696e+02	8.023855608320874799e-02
8.442560865644725254e+02	7.937096123983068685e-02
8.482596934174932812e+02	7.662464258197078382e-02
8.522633002705140370e+02	7.882651577304954083e-02
8.562669071235347928e+02	8.020655346056428103e-02
8.602705139765555487e+02	8.254961251502947184e-02
8.642741208295763045e+02	8.386476416385656163e-02
8.682777276825969466e+02	8.067934064629643520e-02
8.722813345356177024e+02	8.313414988111943182e-02
8.762849413886384582e+02	7.764559151339910092e-02
8.802885482416592140e+02	7.912007532121755060e-02
8.842921550946798561e+02	7.951188469667257175e-02
8.882957619477006119e+02	8.014671447190578613e-02
8.922993688007213677e+02	8.144673431096936811e-02
8.963029756537421235e+02	7.865462908756491733e-02
9.003065825067628793e+02	7.792727014854437806e-02
9.043101893597836352e+02	8.033175688107684065e-02
9.083137962128043910e+02	7.660806781470595739e-02
9.123174030658251468e+02	7.577300648313266274e-02
9.163210099188459026e+02	7.627539721968744357e-02
9.203246167718666584e+02	7.575740019934894265e-02
9.243282236248873005e+02	7.547868521419408283e-02
9.283318304779080563e+02	7.780737381345124992e-02
9.323354373309288121e+02	8.147339330674920055e-02
9.363390441839495679e+02	7.620099533062917041e-02
9.403426510369702100e+02	7.860086373111273284e-02
9.443462578899909659e+02	8.101435186538998023e-02
9.483498647430117217e+02	8.151004852856692795e-02
9.523534715960324775e+02	7.855737515128279058e-02
9.563570784490532333e+02	7.904308881210377058e-02
9.603606853020739891e+02	7.814584820039348345e-02
9.643642921550947449e+02	8.104220365566629225e-02
9.683678990081155007e+02	7.756326560242900181e-02
9.723715058611362565e+02	8.007407724559779949e-02
9.763751127141570123e+02	7.890496609450901866e-02
9.803787195671776544e+02	7.869389205544462251e-02
9.843823264201984102e+02	7.788675405478497071e-02
9.883859332732191660e+02	8.192092050621123389e-02
9.923895401262399218e+02	8.022663904141570657e-02
9.963931469792605640e+02	8.020198148960853979e-02
1.000396753832281320e+03	7.824726602974117762e-02
1.004400360685302076e+03	8.159865058631078638e-02
1.008403967538322831e+03	7.856176876389152353e-02
1.012407574391343587e+03	7.873699653249176256e-02
1.016411181244364343e+03	8.287284489888503691e-02
1.020414788097385099e+03	8.032243949813509809e-02
1.024418394950405855e+03	7.740069995028366068e-02
1.028422001803426610e+03	8.045636601936832777e-02
1.032425608656447366e+03	7.709740367213412104e-02
1.036429215509468122e+03	7.684978541804256269e-02
1.040432822362488878e+03	7.912587447634712723e-02
1.044436429215509634e+03	7.994969153746910029e-02
1.048440036068530389e+03	7.653720738723858441e-02
1.052443642921550918e+03	8.094933989236731409e-02
1.056447249774571674e+03	7.872390139502503936e-02
1.060450856627592430e+03	7.628644361821103337e-02
1.064454463480613185e+03	8.172036448043031032e-02
1.068458070333633941e+03	8.028413931596213582e-02
1.072461677186654697e+03	7.817424837681351268e-02
1.076465284039675453e+03	7.809506894081540140e-02
1.080468890892696209e+03	7.989450650211570026e-02
1.084472497745716964e+03	7.796794213473288992e-02
1.088476104598737493e+03	8.149910831522587384e-02
1.092479711451758249e+03	7.766259421981656919e-02
1.096483318304779004e+03	7.534293232621301628e-02
1.100486925157799760e+03	7.764164780499403784e-02
1.104490532010820516e+03	7.625561998581799339e-02
1.108494138863841272e+03	7.690647285298633784e-02
1.112497745716862028e+03	7.858717708560901405e-02
1.116501352569882783e+03	7.598645704547403457e-02
1.120504959422903539e+03	7.400508120143121926e-02
1.124508566275924295e+03	7.895621866116032950e-02
1.128512173128945051e+03	7.677290448787511823e-02
1.132515779981965807e+03	7.746125915865896550e-02
1.136519386834986562e+03	7.488135949063044750e-02
1.140522993688007318e+03	7.504989435333429826e-02
1.144526600541028074e+03	7.993106584091826117e-02
1.148530207394048830e+03	7.736497145657438013e-02
1.152533814247069586e+03	7.846259749951624285e-02
1.156537421100090341e+03	8.157706975231802937e-02
1.160541027953111097e+03	7.615579656890646143e-02
1.164544634806131853e+03	7.892815520200589796e-02
1.168548241659152609e+03	7.984649306989742568e-02
1.172551848512173137e+03	7.702720077844425750e-02
1.176555455365193893e+03	7.716591828298967337e-02
1.180559062218214649e+03	8.017433056040688955e-02
1.184562669071235405e+03	7.913165374814835895e-02
1.188566275924256161e+03	8.072468624345476018e-02
1.192569882777276916e+03	8.035836252921958744e-02
1.196573489630297672e+03	7.850393559192990478e-02
1.200577096483318428e+03	7.617303073372995448e-02
1.204580703336338956e+03	7.699010904275770117e-02
1.208584310189359712e+03	7.389781673466820633e-02
1.212587917042380468e+03	7.943523205480253202e-02
1.216591523895401224e+03	8.080525999830968920e-02
1.220595130748421980e+03	7.874029966243657752e-02
1.224598737601442735e+03	7.882198015422083037e-02
1.228602344454463491e+03	7.731375725594648307e-02
1.232605951307484247e+03	7.669342400356936318e-02
1.236609558160505003e+03	7.631743964308625172e-02
1.240613165013525759e+03	7.667230755908684137e-02
1.244616771866546515e+03	7.714638807311670343e-02
1.248620378719567270e+03	7.532401668931652805e-02
1.252623985572588026e+03	7.694288333279887537e-02
1.256627592425608782e+03	7.641779952858042402e-02
1.260631199278629538e+03	8.156444274031239561e-02
1.264634806131650294e+03	7.769330068215364593e-02
1.268638412984671049e+03	7.745192581133865384e-02
1.272642019837691805e+03	7.642771183181783223e-02
1.276645626690712561e+03	7.476249234478905825e-02
1.280649233543733317e+03	8.058687879263905229e-02
1.284652840396754073e+03	7.461876034208926589e-02
1.288656447249774601e+03	7.411620126338212822e-02
1.292660054102795357e+03	7.706967839201341042e-02
1.296663660955816113e+03	7.425155419796179712e-02
1.300667267808836868e+03	7.406500200292333302e-02
1.304670874661857624e+03	7.368900119118472480e-02
1.308674481514878380e+03	7.405753525955728611e-02
1.312678088367899136e+03	8.040444127021185994e-02
1.316681695220919664e+03	7.361896070307795414e-02
1.320685302073940420e+03	7.684961825772752830e-02
1.324688908926961176e+03	7.565254159900382247e-02
1.328692515779981932e+03	7.513524225751631869e-02
1.332696122633002688e+03	7.405349931330641733e-02
1.336699729486023443e+03	7.672352170655737102e-02
1.340703336339044199e+03	7.596822396634948793e-02
1.344706943192064955e+03	7.825200251075094260e-02
1.348710550045085711e+03	7.844350869967754714e-02
1.352714156898106467e+03	7.864772524255193853e-02
1.356717763751127222e+03	7.650243183553116777e-02
1.360721370604147978e+03	7.917450615171518769e-02
1.364724977457168734e+03	7.959895505073256994e-02
1.368728584310189490e+03	7.766399665613442360e-02
1.372732191163210246e+03	7.642078100778749994e-02
1.376735798016231001e+03	7.826807914150536727e-02
1.380739404869251757e+03	7.568772058087493149e-02
1.384743011722272513e+03	7.518169966968533957e-02
1.388746618575293269e+03	7.415186773153580047e-02
1.392750225428314025e+03	7.410659910240478820e-02
1.396753832281334780e+03	7.181503826200384688e-02
1.400757439134355309e+03	7.285672026515853383e-02
1.404761045987376065e+03	7.038865039067319918e-02
1.408764652840396820e+03	7.319162179201889329e-02
1.412768259693417576e+03	7.531193649095847820e-02
1.416771866546438332e+03	7.531211097162614221e-02
1.420775473399459088e+03	7.031530520619110047e-02
1.424779080252479844e+03	7.538622165796558805e-02
1.428782687105500372e+03	7.858277206919871138e-02
1.432786293958521128e+03	7.503975281412135490e-02
1.436789900811541884e+03	7.036223714449431343e-02
1.440793507664562640e+03	7.376890934691961166e-02
1.444797114517583395e+03	7.310214321970097406e-02
1.448800721370604151e+03	7.691579247490031024e-02
1.452804328223624907e+03	7.327337354163353245e-02
1.456807935076645663e+03	7.498325110304270014e-02
1.460811541929666419e+03	7.307366514576461858e-02
1.464815148782687174e+03	7.508198122685037779e-02
1.468818755635707930e+03	7.341943571649821310e-02
1.472822362488728686e+03	7.142404598782213510e-02
1.476825969341749442e+03	7.631357868298273284e-02
1.480829576194770198e+03	7.236188110672335527e-02
1.484833183047790953e+03	7.694463256087301362e-02
1.488836789900811709e+03	7.516352417449335965e-02
1.492840396753832465e+03	7.425055800148792906e-02
1.496844003606853221e+03	7.520929688045173422e-02
1.500847610459873977e+03	7.107537015559096949e-02
1.504851217312894732e+03	7.686869894627547384e-02
1.508854824165915488e+03	7.885403468223363410e-02
1.512858431018936244e+03	7.666358886062153710e-02
1.516862037871956773e+03	7.308868562129421098e-02
1.520865644724977528e+03	7.527051492357116069e-02
1.524869251577998284e+03	7.520501882676912386e-02
1.528872858431019040e+03	7.388494607360009125e-02
1.532876465284039796e+03	7.632184275668695006e-02
1.536880072137060552e+03	7.584348429881547504e-02
1.540883678990081307e+03	7.260334240872144684e-02
1.544887285843101836e+03	7.608530888908580925e-02
1.548890892696122592e+03	7.404910120261497253e-02
1.552894499549143347e+03	7.845530229903154018e-02
1.556898106402164103e+03	7.525499114565060987e-02
1.560901713255184859e+03	7.200899304943865487e-02
1.564905320108205615e+03	7.329253196796249592e-02
1.568908926961226371e+03	7.474152281082681315e-02
1.572912533814247126e+03	7.389103153085065101e-02
1.576916140667267882e+03	7.499364813168395150e-02
1.580919747520288638e+03	7.010629117598431159e-02
1.584923354373309394e+03	7.664856015931011124e-02
1.588926961226330150e+03	7.373534781235534241e-02
1.592930568079350905e+03	7.574665465798290087e-02
1.596934174932371661e+03	7.171598785506148876e-02
1.600937781785392417e+03	7.403079773027131105e-02
1.604941388638413173e+03	7.396352462865261879e-02
1.608944995491433929e+03	6.984706074691103550e-02
1.612948602344454684e+03	7.344099713517325545e-02
1.616952209197475213e+03	7.074024525414733533e-02
1.620955816050495969e+03	7.225259049560127378e-02
1.624959422903516725e+03	6.973034799322073984e-02
1.628963029756537480e+03	7.060790735786902361e-02
1.632966636609558236e+03	7.374701372860083259e-02
1.636970243462578992e+03	7.483758096742777755e-02
1.640973850315599748e+03	7.177571375173032175e-02
1.644977457168620504e+03	7.085653615405317074e-02
1.648981064021641259e+03	7.448329279496147814e-02
1.652984670874662015e+03	7.189947293584865451e-02
1.656988277727682771e+03	7.485669078544500421e-02
1.660991884580703527e+03	7.077019560631735151e-02
1.664995491433724283e+03	7.468347058475956202e-02
1.668999098286745038e+03	7.225628373016788897e-02
1.673002705139765567e+03	6.930251100089078464e-02
1.677006311992786323e+03	7.632267789129544566e-02
1.681009918845807078e+03	7.103153212645817172e-02
1.685013525698827834e+03	7.187841352828093500e-02
1.689017132551848590e+03	7.421626079666664155e-02
1.693020739404869346e+03	7.266693058728733445e-02
1.697024346257890102e+03	7.438307679369195180e-02
1.701027953110910858e+03	7.286274773587221587e-02
1.705031559963931613e+03	7.281735080667837978e-02
1.709035166816952369e+03	7.177427685866231977e-02
1.713038773669973125e+03	7.100580698168725002e-02
1.717042380522993881e+03	7.355246070756525645e-02
1.721045987376014637e+03	7.603801800239241848e-02
1.725049594229035392e+03	7.349493958252605041e-02
1.729053201082055921e+03	7.489964471384082112e-02
1.733056807935076677e+03	6.935333863845259683e-02
1.737060414788097432e+03	7.222993979936097320e-02
1.741064021641118188e+03	6.962555648233324790e-02
1.745067628494138944e+03	7.561356837396147890e-02
1.749071235347159700e+03	7.533349011412628082e-02
1.753074842200180456e+03	7.476430007397559530e-02
1.757078449053201211e+03	7.483906530106719523e-02
1.761082055906221967e+03	7.279135009124958200e-02
1.765085662759242723e+03	7.970755624570526054e-02
1.769089269612263479e+03	7.227238954030189289e-02
1.773092876465284235e+03	7.320323415672923273e-02
1.777096483318304990e+03	7.660811308396699160e-02
1.781100090171325746e+03	6.923994476252968988e-02
1.785103697024346275e+03	7.126078218197105796e-02
1.789107303877367031e+03	7.121423692085925017e-02
1.793110910730387786e+03	6.970872822670924618e-02
1.797114517583408542e+03	7.179543831941236076e-02
1.801118124436429298e+03	7.179145983051547775e-02
1.805121731289450054e+03	6.885348083115049034e-02
1.809125338142470810e+03	7.069893244827597789e-02
1.813128944995491565e+03	7.220175785486070141e-02
1.817132551848512321e+03	7.311375401898077830e-02
1.821136158701533077e+03	7.024278790743686274e-02
1.825139765554553833e+03	7.519948058739091279e-02
1.829143372407574589e+03	7.357702345484941342e-02
1.833146979260595344e+03	7.167011920442357964e-02
1.837150586113616100e+03	7.139649110295186174e-02
1.841154192966636856e+03	7.253017724911571540e-02
1.845157799819657384e+03	7.442056503715500926e-02
1.849161406672678140e+03	7.381516444431669710e-02
1.853165013525698896e+03	6.984255355795564169e-02
1.857168620378719652e+03	7.105180574073453881e-02
1.861172227231740408e+03	7.141976892979796931e-02
1.865175834084761163e+03	7.125105424471366022e-02
1.869179440937781919e+03	7.237582777636443476e-02
1.873183047790802675e+03	7.059809143812033339e-02
1.877186654643823431e+03	7.264629547178759472e-02
1.881190261496844187e+03	7.077375264331163540e-02
1.885193868349864943e+03	7.548632291896208157e-02
1.889197475202885698e+03	7.154833264271022453e-02
1.893201082055906454e+03	7.378324245396426784e-02
1.897204688908927210e+03	7.352240645837716804e-02
1.901208295761947738e+03	7.069315159296528372e-02
1.905211902614968494e+03	7.019521769549773305e-02
1.909215509467989250e+03	7.264116131850208158e-02
1.913219116321010006e+03	7.043425063081286408e-02
1.917222723174030762e+03	7.181911583398890853e-02
1.921226330027051517e+03	7.511952034473844131e-02
1.925229936880072273e+03	7.120477839685014632e-02
1.929233543733093029e+03	6.950123201743595158e-02
1.933237150586113785e+03	7.136176762022426734e-02
1.937240757439134541e+03	7.265754687802718215e-02
1.941244364292155296e+03	7.103041334032102194e-02
1.945247971145176052e+03	7.150681228423381997e-02
1.949251577998196808e+03	6.901063532590089034e-02
1.953255184851217564e+03	7.206024916229979149e-02
1.957258791704238092e+03	7.482466830464519492e-02
1.961262398557258848e+03	7.059311504252484271e-02
1.965266005410279604e+03	7.024445283301360143e-02
1.969269612263300360e+03	7.138245227882188126e-02
1.973273219116321116e+03	6.908774116441575297e-02
1.977276825969341871e+03	7.092512644148483980e-02
1.981280432822362627e+03	6.769309697776747237e-02
1.985284039675383383e+03	7.110032814840870630e-02
1.989287646528404139e+03	7.116993704706785218e-02
1.993291253381424895e+03	6.835861294452248715e-02
1.997294860234445650e+03	7.502687513202686842e-02
2.001298467087466406e+03	7.206913753679920764e-02
2.005302073940487162e+03	7.089004466584057640e-02
2.009305680793507918e+03	6.798953887246393657e-02
2.013309287646528446e+03	7.318798541050165751e-02
2.017312894499549202e+03	7.053719396826306498e-02
2.021316501352569958e+03	7.191537806346269546e-02
2.025320108205590714e+03	7.013353368889661821e-02
2.029323715058611469e+03	7.139680308532968256e-02
2.033327321911632225e+03	7.293001086616147932e-02
2.037330928764652981e+03	6.921016549149859587e-02
2.041334535617673737e+03	6.649407376470327369e-02
2.045338142470694493e+03	6.991141239002805763e-02
2.049341749323715248e+03	7.341384886576508839e-02
2.053345356176736004e+03	7.037080150879058971e-02
2.057348963029756760e+03	6.585092256961368185e-02
2.061352569882777516e+03	6.932399037488255755e-02
2.065356176735798272e+03	6.863782208160749965e-02
2.069359783588818573e+03	6.551426895326338540e-02
2.073363390441839329e+03	7.018176963324894435e-02
2.077366997294860084e+03	7.000074112803923720e-02
2.081370604147880840e+03	7.027750947720844132e-02
2.085374211000901596e+03	6.797448024017348212e-02
2.089377817853922352e+03	6.786782209017681866e-02
2.093381424706943108e+03	6.867893542126703166e-02
2.097385031559963863e+03	6.788127682869625479e-02
2.101388638412984619e+03	7.085302605251066199e-02
2.105392245266005375e+03	6.993698141181124706e-02
2.109395852119026131e+03	7.192879841439291100e-02
2.113399458972046887e+03	7.075899743133608200e-02
2.117403065825067642e+03	6.944608945970319469e-02
2.121406672678088398e+03	7.121428727560506766e-02
2.125410279531109154e+03	7.008558043138722604e-02
2.129413886384129910e+03	7.059901818217963199e-02
2.133417493237150666e+03	6.921096155309668096e-02
2.137421100090171421e+03	6.867583295002001320e-02
2.141424706943192177e+03	6.962236517755128473e-02
2.145428313796212933e+03	7.050145888756252643e-02
2.149431920649233689e+03	6.967691988791437085e-02
2.153435527502254445e+03	6.769487098336392228e-02
2.157439134355275201e+03	7.073257766104347477e-02
2.161442741208295956e+03	7.187774819788884939e-02
2.165446348061316712e+03	7.154060435576635457e-02
2.169449954914337468e+03	7.178209485464016881e-02
2.173453561767358224e+03	7.259828234667121960e-02
2.177457168620378980e+03	7.053727197945504346e-02
2.181460775473399735e+03	6.808003262613181172e-02
2.185464382326420491e+03	6.944024847427478220e-02
2.189467989179441247e+03	7.000605832611174473e-02
2.193471596032462003e+03	6.834425734945327735e-02
2.197475202885482759e+03	6.704640973987961716e-02
2.201478809738503514e+03	6.958383782013809193e-02
2.205482416591524270e+03	6.728823995426867766e-02
2.209486023444545026e+03	6.684058015395676067e-02
2.213489630297565782e+03	6.868219907380589129e-02
2.217493237150586538e+03	7.064714479153687277e-02
2.221496844003607293e+03	6.825799294595612243e-02
2.225500450856628049e+03	6.898469737458946816e-02
2.229504057709648805e+03	7.079312899280841564e-02
2.233507664562669561e+03	7.116989175034281467e-02
2.237511271415690317e+03	6.971161758381792806e-02
2.241514878268710618e+03	6.738078270142687509e-02
2.245518485121731374e+03	7.079893238779132181e-02
2.249522091974752129e+03	6.741323292063318429e-02
2.253525698827772885e+03	6.708136105415928030e-02
2.257529305680793641e+03	6.827133863277289050e-02
2.261532912533814397e+03	6.929971171653372120e-02
2.265536519386835153e+03	6.601427101496772087e-02
2.269540126239855908e+03	7.070133026874227122e-02
2.273543733092876664e+03	6.625213086454552480e-02
2.277547339945897420e+03	6.829106393736493474e-02
2.281550946798918176e+03	6.802267071774535656e-02
2.285554553651938932e+03	6.697332305245053130e-02
2.289558160504959687e+03	7.137301268776265195e-02
2.293561767357980443e+03	6.933604641543635039e-02
2.297565374211000744e+03	7.074375793789934586e-02
2.301568981064021500e+03	7.017844026907173183e-02
2.305572587917042256e+03	7.102470106398804661e-02
2.309576194770063012e+03	6.856815145701121439e-02
2.313579801623083767e+03	7.208609024824942646e-02
2.317583408476104523e+03	7.032092775438859855e-02
2.321587015329125279e+03	6.909783019119365710e-02
2.325590622182146035e+03	6.778598691590430325e-02
2.329594229035166791e+03	6.630600642998328575e-02
2.333597835888187547e+03	6.724267150478625832e-02
2.337601442741208302e+03	7.014188287823618084e-02
2.341605049594229058e+03	6.784185924473760954e-02
2.345608656447249814e+03	6.950385532896809215e-02
2.349612263300270570e+03	6.880723113470411934e-02
2.353615870153291326e+03	6.815059783812361938e-02
2.357619477006312081e+03	6.798068092923538475e-02
2.361623083859332837e+03	6.998574883577625416e-02
2.365626690712353593e+03	6.758163622341441246e-02
2.369630297565374349e+03	6.983156417528800508e-02
2.373633904418395105e+03	7.033435006220854768e-02
2.377637511271415860e+03	6.829338788619178369e-02
2.381641118124436616e+03	6.758661620205462517e-02
2.385644724977457372e+03	6.784602434735088894e-02
2.389648331830478128e+03	6.921630086591278042e-02
2.393651938683498884e+03	6.689709188848567967e-02
2.397655545536519639e+03	6.849681248968421399e-02
2.401659152389540395e+03	6.724264264339584185e-02
2.405662759242561151e+03	6.626388905109235894e-02
2.409666366095581907e+03	6.679662066926171649e-02
2.413669972948602663e+03	6.716600055145550974e-02
2.417673579801623418e+03	6.548628150483036536e-02
2.421677186654644174e+03	6.910444335304542773e-02
2.425680793507664930e+03	6.885530075310407339e-02
2.429684400360685686e+03	6.755704975561969972e-02
2.433688007213706442e+03	6.791514373420858008e-02
2.437691614066727197e+03	7.115296481884524071e-02
2.441695220919747953e+03	6.881224591829214476e-02
2.445698827772768709e+03	6.691246943713623219e-02
2.449702434625789465e+03	7.095260387841693939e-02
2.453706041478810221e+03	6.544296433810502245e-02
2.457709648331830977e+03	6.868702361101507170e-02
2.461713255184851732e+03	6.642125324574511824e-02
2.465716862037872488e+03	7.008959180530995037e-02
2.469720468890892789e+03	6.759489542745912571e-02
2.473724075743913545e+03	6.769506817289593081e-02
2.477727682596934301e+03	6.438222934303193534e-02
2.481731289449955057e+03	6.664088343467498843e-02
2.485734896302975812e+03	6.712862948590013479e-02
2.489738503155996568e+03	6.640348643128822503e-02
2.493742110009017324e+03	6.552654454535912498e-02
2.497745716862038080e+03	6.921179311331680795e-02
2.501749323715058836e+03	6.779081034184043786e-02
2.505752930568079591e+03	6.970569051261342464e-02
2.509756537421100347e+03	6.999438732282516062e-02
2.513760144274121103e+03	7.024094669346860054e-02
2.517763751127141859e+03	6.572334103861908472e-02
2.521767357980162615e+03	6.801269640099451286e-02
2.525770964833182916e+03	6.979068271607478946e-02
2.529774571686203672e+03	6.694611049399966374e-02
2.533778178539224427e+03	6.874324787981898888e-02
2.537781785392245183e+03	6.921696991076022043e-02
2.541785392245265939e+03	6.948232888613982416e-02
2.545788999098286695e+03	6.857934195046123949e-02
2.549792605951307451e+03	7.152858839654042955e-02
2.553796212804328206e+03	6.760032108302925502e-02
2.557799819657348962e+03	6.802353261290948472e-02
2.561803426510369718e+03	6.922434723773852883e-02
2.565807033363390474e+03	6.935399858125999850e-02
2.569810640216411230e+03	6.906825950839713679e-02
2.573814247069431985e+03	6.737795286026072861e-02
2.577817853922452741e+03	7.016579804471746729e-02
2.581821460775473497e+03	6.696539186182050296e-02
2.585825067628494253e+03	7.119200368792900913e-02
2.589828674481515009e+03	6.987332716924600506e-02
2.593832281334535764e+03	6.630228436384168200e-02
2.597835888187556520e+03	7.171831764617898897e-02
2.601839495040577276e+03	7.098625146434232869e-02
2.605843101893598032e+03	6.771678864831041922e-02
2.609846708746618788e+03	6.777004315685965230e-02
2.613850315599639544e+03	6.689776709982274416e-02
2.617853922452660299e+03	6.896805439293972328e-02
2.621857529305681055e+03	6.762444020159406877e-02
2.625861136158701811e+03	6.914150743642734354e-02
2.629864743011722567e+03	6.861139476468246234e-02
2.633868349864743323e+03	6.711548981924532475e-02
2.637871956717764078e+03	6.727813797415106711e-02
2.641875563570784834e+03	6.784986730380203335e-02
2.645879170423805590e+03	6.868067908151563594e-02
2.649882777276826346e+03	6.563768935935641868e-02
2.653886384129847102e+03	6.830839192274663907e-02
2.657889990982867857e+03	7.077608050468288392e-02
2.661893597835888613e+03	6.841273994572040495e-02
2.665897204688909369e+03	6.713100650600554997e-02
2.669900811541929670e+03	6.928920112478000048e-02
2.673904418394950426e+03	6.729757010490113045e-02
2.677908025247971182e+03	6.499022743588166173e-02
2.681911632100991937e+03	6.771545744176087067e-02
2.685915238954012693e+03	6.852468503441054570e-02
2.689918845807033449e+03	6.914766599867284980e-02
2.693922452660054205e+03	6.924043579262693926e-02
2.697926059513074961e+03	7.205644187979064197e-02
2.701929666366095717e+03	6.755133241920739662e-02
2.705933273219116472e+03	6.983929717397598103e-02
2.709936880072137228e+03	6.782606469323916587e-02
2.713940486925157984e+03	7.102561318904419829e-02
2.717944093778178740e+03	6.906959798098998016e-02
2.721947700631199496e+03	6.531892019702099927e-02
2.725951307484220251e+03	6.986425094537786207e-02
2.729954914337241007e+03	6.521325192542472282e-02
2.733958521190261763e+03	6.438388967784401673e-02
2.737962128043282519e+03	6.837113644551527647e-02
2.741965734896303275e+03	6.470575266030652306e-02
2.745969341749324030e+03	6.653354781783681060e-02
2.749972948602344786e+03	6.442401086965619805e-02
2.753976555455365542e+03	6.517651987451221485e-02
2.757980162308386298e+03	6.632002134597993204e-02
2.761983769161407054e+03	6.769592354738461493e-02
2.765987376014427809e+03	6.436641653955042786e-02
2.769990982867448565e+03	6.456511492786963513e-02
2.773994589720469321e+03	6.002408307555447825e-02
2.777998196573490077e+03	6.509400396223773144e-02
2.782001803426510378e+03	6.736210684727060582e-02
2.786005410279531134e+03	6.636758920170070242e-02
2.790009017132551890e+03	6.908161296148861152e-02
2.794012623985572645e+03	6.679614540736879269e-02
2.798016230838593401e+03	6.739398194066124892e-02
2.802019837691614157e+03	6.243878566941703928e-02
2.806023444544634913e+03	6.712265450362443764e-02
2.810027051397655669e+03	6.442583929533239606e-02
2.814030658250676424e+03	6.820888170689111407e-02
2.818034265103697180e+03	6.573595567025460051e-02
2.822037871956717936e+03	6.862506352586318636e-02
2.826041478809738692e+03	6.853911629997379296e-02
2.830045085662759448e+03	6.523430470411763216e-02
2.834048692515780203e+03	6.551495527619409509e-02
2.838052299368800959e+03	6.677209790944473033e-02
2.842055906221821715e+03	6.969448232011722644e-02
2.846059513074842471e+03	6.683404412266068240e-02
2.850063119927863227e+03	6.655637645338242925e-02
2.854066726780883982e+03	6.404021723445373071e-02
2.858070333633904738e+03	6.485547391989911203e-02
2.862073940486925494e+03	6.778103092590083423e-02
2.866077547339946250e+03	6.439778540571196308e-02
2.870081154192967006e+03	6.719449876762227658e-02
2.874084761045987761e+03	7.084121255354693114e-02
2.878088367899008517e+03	6.521426557337874075e-02
2.882091974752029273e+03	6.460050074018595934e-02
2.886095581605050029e+03	6.336930426615493273e-02
2.890099188458070785e+03	6.791109845548105872e-02
2.894102795311091540e+03	6.803320158866009437e-02
2.898106402164111842e+03	6.768396904056885044e-02
2.902110009017132597e+03	6.825560636111439872e-02
2.906113615870153353e+03	6.809884245720811136e-02
2.910117222723174109e+03	6.658390202292051308e-02
2.914120829576194865e+03	6.928640293304035025e-02
2.918124436429215621e+03	6.664982145495847166e-02
2.922128043282236376e+03	6.611434931599081966e-02
2.926131650135257132e+03	6.950624550021312908e-02
2.930135256988277888e+03	6.327750717260736957e-02
2.934138863841298644e+03	6.399112860109955336e-02
2.938142470694319400e+03	6.736106196573789229e-02
2.942146077547340155e+03	6.690662078751531683e-02
2.946149684400360911e+03	6.590811462553548827e-02
2.950153291253381667e+03	6.770111617806608140e-02
2.954156898106402423e+03	6.772296704441051196e-02
2.958160504959423179e+03	6.770047992387197289e-02
2.962164111812443934e+03	7.056837636457581608e-02
2.966167718665464690e+03	6.564101548230195926e-02
2.970171325518485446e+03	6.768871976411659774e-02
2.974174932371506202e+03	6.743840299727278664e-02
2.978178539224526958e+03	7.125383885733328759e-02
2.982182146077547714e+03	6.795261792569064208e-02
2.986185752930568469e+03	6.882411533183717400e-02
2.990189359783589225e+03	6.879951474252456178e-02
2.994192966636609981e+03	7.007812049165874912e-02
2.998196573489630737e+03	6.961000067691090754e-02
3.002200180342651493e+03	6.826315326204666911e-02
3.006203787195672248e+03	6.698096398595985990e-02
3.010207394048692549e+03	6.688723331667213723e-02
3.014211000901713305e+03	6.894755448716828605e-02
3.018214607754734061e+03	6.673577564041589805e-02
3.022218214607754817e+03	7.051464504833791780e-02
3.026221821460775573e+03	6.807686955749349400e-02
3.030225428313796328e+03	6.493101553136902682e-02
3.034229035166817084e+03	6.695688671712331230e-02
3.038232642019837840e+03	6.661100360480932958e-02
3.042236248872858596e+03	6.897264153519443164e-02
3.046239855725879352e+03	6.752926115892853021e-02
3.050243462578900107e+03	7.029149026686852542e-02
3.054247069431920863e+03	7.037578113055288631e-02
3.058250676284941619e+03	6.873708932441570385e-02
3.062254283137962375e+03	6.789243718712477393e-02
3.066257889990983131e+03	6.825800594226262563e-02
3.070261496844003887e+03	6.685952216299016759e-02
3.074265103697024642e+03	6.771055187119835728e-02
3.078268710550045398e+03	6.620667265598347007e-02
3.082272317403066154e+03	6.906346551044929838e-02
3.086275924256086910e+03	6.279209581063137369e-02
3.090279531109107666e+03	6.731144491760478188e-02
3.094283137962128421e+03	6.729996434201936106e-02
3.098286744815149177e+03	6.724989010265926270e-02
3.102290351668169933e+03	6.302940267992986068e-02
3.106293958521190689e+03	6.694921237294605698e-02
3.110297565374211445e+03	6.851632311355372595e-02
3.114301172227232200e+03	6.913898590240953601e-02
3.118304779080252956e+03	6.939533353476647071e-02
3.122308385933273712e+03	6.726485282014603440e-02
3.126311992786294013e+03	7.078530262171879583e-02
3.130315599639314769e+03	6.877526588733841317e-02
3.134319206492335525e+03	6.728431892986265483e-02
3.138322813345356280e+03	6.867370706879173670e-02
3.142326420198377036e+03	7.075167394084259931e-02
3.146330027051397792e+03	6.677535678949687858e-02
3.150333633904418548e+03	6.787819056113532368e-02
3.154337240757439304e+03	6.911906901154250826e-02
3.158340847610460060e+03	6.495815635604020033e-02
3.162344454463480815e+03	6.451147664928101599e-02
3.166348061316501571e+03	6.486449828419647845e-02
3.170351668169522327e+03	6.582236808916387683e-02
3.174355275022543083e+03	6.736999948189294207e-02
3.178358881875563839e+03	6.758698790284979607e-02
3.182362488728584594e+03	6.396424109614019804e-02
3.186366095581605350e+03	6.855081774110118042e-02
3.190369702434626106e+03	6.342916464809143784e-02
3.194373309287646862e+03	6.713010407058896123e-02
3.198376916140667618e+03	7.049072832875792616e-02
3.202380522993688373e+03	6.804936002311214038e-02
3.206384129846709129e+03	6.966529123724653216e-02
3.210387736699729885e+03	6.988021168295345531e-02
3.214391343552750641e+03	7.082049401648028708e-02
3.218394950405771397e+03	6.460339055892118376e-02
3.222398557258792152e+03	6.398611622257145692e-02
3.226402164111812908e+03	7.004867410266359118e-02
3.230405770964833664e+03	6.765490074108880536e-02
3.234409377817854420e+03	7.001430849859925643e-02
3.238412984670874721e+03	6.645552115772122848e-02
3.242416591523895477e+03	6.874720557913303887e-02
3.246420198376916233e+03	6.676143044870518073e-02
3.250423805229936988e+03	6.751920596855352785e-02
3.254427412082957744e+03	6.948777372087931725e-02
3.258431018935978500e+03	6.765791668625363575e-02
3.262434625788999256e+03	6.845948103431274967e-02
3.266438232642020012e+03	6.827176937512992316e-02
3.270441839495040767e+03	6.689330153333815365e-02
3.274445446348061523e+03	7.038581413627643946e-02
3.278449053201082279e+03	6.979466842766311740e-02
3.282452660054103035e+03	6.747367977342409728e-02
3.286456266907123791e+03	7.159982164160259843e-02
3.290459873760144546e+03	6.761111269721419015e-02
3.294463480613165302e+03	6.622736905675376262e-02
3.298467087466186058e+03	6.909807233345154065e-02
3.302470694319206814e+03	6.792804400570782997e-02
3.306474301172227570e+03	6.953590077776174161e-02
3.310477908025248325e+03	6.744703170565567729e-02
3.314481514878269081e+03	6.680230444029176817e-02
3.318485121731289837e+03	6.887563972717404559e-02
3.322488728584310593e+03	6.745359007773886473e-02
3.326492335437331349e+03	6.681692604673537816e-02
3.330495942290352104e+03	6.606009165601343935e-02
3.334499549143372860e+03	6.972331399660423867e-02
3.338503155996393616e+03	6.949358188720076990e-02
3.342506762849414372e+03	7.109418332621485204e-02
3.346510369702435128e+03	6.973161906019777201e-02
3.350513976555455429e+03	6.684839307139299469e-02
3.354517583408476185e+03	7.039573710519143879e-02
3.358521190261496940e+03	6.952895789356038081e-02
3.362524797114517696e+03	6.581998840673698725e-02
3.366528403967538452e+03	6.890609303394647223e-02
3.370532010820559208e+03	6.755773839180313767e-02
3.374535617673579964e+03	6.714250690097213481e-02
3.378539224526600719e+03	6.939520618087459403e-02
3.382542831379621475e+03	7.068687154060036837e-02
3.386546438232642231e+03	6.820707968760243711e-02
3.390550045085662987e+03	7.019331767753746176e-02
3.394553651938683743e+03	6.932440812156827337e-02
3.398557258791704498e+03	7.049366649710929467e-02
3.402560865644725254e+03	6.556445309706772362e-02
3.406564472497746010e+03	6.583670806605658454e-02
3.410568079350766766e+03	6.717559094004367515e-02
3.414571686203787522e+03	6.920954731746188637e-02
3.418575293056808277e+03	7.072660633705842026e-02
3.422578899909829033e+03	6.556777521591296287e-02
3.426582506762849789e+03	6.561962123631860655e-02
3.430586113615870545e+03	6.811306770243820419e-02
3.434589720468891301e+03	6.808488584939752231e-02
3.438593327321912057e+03	6.545715195961533672e-02
3.442596934174932812e+03	6.786867935560826626e-02
3.446600541027953568e+03	7.155423430028863552e-02
3.450604147880974324e+03	6.628313535529241352e-02
3.454607754733995080e+03	7.025196326985085060e-02
3.458611361587015836e+03	6.849664786582389253e-02
3.462614968440036591e+03	6.933632031137627882e-02
3.466618575293056892e+03	6.621126318481253270e-02
3.470622182146077648e+03	6.879730964634524215e-02
3.474625788999098404e+03	6.789295205444535741e-02
3.478629395852119160e+03	6.626607583740430629e-02
3.482633002705139916e+03	6.970357228906266800e-02
3.486636609558160671e+03	6.754205073891138278e-02
3.490640216411181427e+03	6.792189092410248763e-02
3.494643823264202183e+03	7.000877359114333898e-02
3.498647430117222939e+03	7.072974005553710197e-02
3.502651036970243695e+03	6.867305737389393927e-02
3.506654643823264450e+03	6.901656909539412299e-02
3.510658250676285206e+03	6.797400877981195355e-02
3.514661857529305962e+03	7.123897159756499564e-02
3.518665464382326718e+03	6.820130347952844951e-02
3.522669071235347474e+03	6.653891151680514648e-02
3.526672678088368230e+03	6.944598923639790089e-02
3.530676284941388985e+03	6.734128716850786012e-02
3.534679891794409741e+03	6.877835146364306984e-02
3.538683498647430497e+03	6.690562494175698871e-02
3.542687105500451253e+03	7.131598716999600074e-02
3.546690712353472009e+03	6.806910814202547788e-02
3.550694319206492764e+03	6.798818467035784574e-02
3.554697926059513520e+03	6.479857000508217058e-02
3.558701532912534276e+03	6.563333994285601436e-02
3.562705139765555032e+03	6.753593899025299441e-02
3.566708746618575788e+03	7.019564084642725132e-02
3.570712353471596543e+03	6.890323906423199973e-02
3.574715960324617299e+03	6.396095106188902368e-02
3.578719567177637600e+03	6.588050841670291258e-02
3.582723174030658356e+03	6.894729017370214430e-02
3.586726780883679112e+03	6.899394078533148400e-02
3.590730387736699868e+03	6.528137167444304778e-02
3.594733994589720623e+03	6.796608380812775574e-02
3.598737601442741379e+03	6.848997139073841056e-02
3.602741208295762135e+03	6.844819604628725462e-02
3.606744815148782891e+03	6.802770737446671434e-02
3.610748422001803647e+03	6.906045871896483723e-02
3.614752028854824403e+03	6.556667953946483662e-02
3.618755635707845158e+03	6.647475704188059165e-02
3.622759242560865914e+03	6.576861719775441151e-02
3.626762849413886670e+03	6.673066045803212332e-02
3.630766456266907426e+03	6.793639946644704219e-02
3.634770063119928182e+03	6.495781697817613887e-02
3.638773669972948937e+03	6.701915615804308890e-02
3.642777276825969693e+03	6.487215393573454725e-02
3.646780883678990449e+03	6.457813192431122173e-02
3.650784490532011205e+03	6.807013485796396812e-02
3.654788097385031961e+03	6.698013454053623750e-02
3.658791704238052716e+03	6.931311538393873650e-02
3.662795311091073472e+03	6.683504055460033622e-02
3.666798917944094228e+03	6.781068956384926627e-02
3.670802524797114984e+03	6.883499104602949781e-02
3.674806131650135740e+03	6.553983238087444929e-02
3.678809738503156495e+03	6.859159350512845921e-02
3.682813345356177251e+03	6.960049598520569314e-02
3.686816952209198007e+03	6.679284769811208444e-02
3.690820559062218763e+03	6.638437299737200148e-02
3.694824165915239064e+03	6.844637419866132777e-02
3.698827772768259820e+03	6.884527007041267577e-02
3.702831379621280576e+03	7.073509262880908754e-02
3.706834986474301331e+03	6.674486336855753321e-02
3.710838593327322087e+03	6.726792740471222720e-02
3.714842200180342843e+03	6.781184860022142213e-02
3.718845807033363599e+03	6.581797638747192980e-02
3.722849413886384355e+03	6.859776678453784193e-02
3.726853020739405110e+03	6.980889955132572877e-02
3.730856627592425866e+03	6.759250697703593491e-02
3.734860234445446622e+03	6.786295307546333366e-02
3.738863841298467378e+03	6.790992372121458509e-02
3.742867448151488134e+03	6.764772379749790787e-02
3.746871055004508889e+03	6.834510385062146642e-02
3.750874661857529645e+03	6.592878488260814351e-02
3.754878268710550401e+03	6.892207337450330373e-02
3.758881875563571157e+03	6.871543010795742867e-02
3.762885482416591913e+03	6.988456236736599603e-02
3.766889089269612668e+03	6.453841790333600392e-02
3.770892696122633424e+03	7.003434895460548815e-02
3.774896302975654180e+03	6.780988899670538361e-02
3.778899909828674936e+03	6.821131680492002747e-02
3.782903516681695692e+03	6.594235915309029639e-02
3.786907123534716447e+03	6.454304259192504556e-02
3.790910730387737203e+03	6.568119016171104774e-02
3.794914337240757959e+03	6.673149552829991948e-02
3.798917944093778715e+03	6.876542771800307763e-02
3.802921550946799471e+03	6.590606974756019198e-02
3.806925157799819772e+03	6.560324614494617013e-02
3.810928764652840528e+03	6.500608680521519078e-02
3.814932371505861283e+03	7.029642560447511845e-02
3.818935978358882039e+03	6.949868338231683651e-02
3.822939585211902795e+03	7.030048446882632140e-02
3.826943192064923551e+03	6.600556528904026610e-02
3.830946798917944307e+03	6.961409488731203077e-02
3.834950405770965062e+03	6.771661205613578594e-02
3.838954012623985818e+03	6.761803178145410487e-02
3.842957619477006574e+03	6.749401987355778398e-02
3.846961226330027330e+03	6.948334806458787705e-02
3.850964833183048086e+03	7.407915002025448892e-02
3.854968440036068841e+03	6.962605434686347516e-02
3.858972046889089597e+03	7.056219579039148260e-02
3.862975653742110353e+03	6.872662611067119343e-02
3.866979260595131109e+03	6.978475081568501215e-02
3.870982867448151865e+03	7.042094756266800704e-02
3.874986474301172620e+03	7.152133780886725523e-02
3.878990081154193376e+03	6.966562431026883384e-02
3.882993688007214132e+03	7.091443381373409294e-02
3.886997294860234888e+03	6.742241109337399063e-02
3.891000901713255644e+03	6.618394609049907396e-02
3.895004508566276400e+03	6.583369316644205327e-02
3.899008115419297155e+03	6.911170574681495260e-02
3.903011722272317911e+03	7.075267172285282236e-02
3.907015329125338667e+03	6.612627976584557754e-02
3.911018935978359423e+03	6.756444726206946305e-02
3.915022542831380179e+03	6.546595962987929174e-02
3.919026149684400934e+03	6.670138723980530149e-02
3.923029756537421235e+03	6.794272058403848236e-02
3.927033363390441991e+03	6.734141107884006328e-02
3.931036970243462747e+03	6.707031199566175494e-02
3.935040577096483503e+03	6.939708506347137817e-02
3.939044183949504259e+03	6.929221868855545141e-02
3.943047790802525014e+03	6.666021520946661949e-02
3.947051397655545770e+03	6.746238183297412205e-02
3.951055004508566526e+03	6.800235104318047563e-02
3.955058611361587282e+03	6.691480624935666754e-02
3.959062218214608038e+03	6.465649747633728239e-02
3.963065825067628793e+03	7.124945614862315812e-02
3.967069431920649549e+03	6.512901535290156751e-02
3.971073038773670305e+03	6.806763079006707129e-02
3.975076645626691061e+03	6.931884452473709157e-02
3.979080252479711817e+03	6.840484708354911680e-02
3.983083859332732573e+03	6.876556555987874131e-02
3.987087466185753328e+03	7.030032418509606085e-02
3.991091073038774084e+03	6.894211439353514770e-02
3.995094679891794840e+03	6.881825388987837522e-02
3.999098286744815596e+03	6.660434311548640851e-02
4.003101893597836352e+03	6.740307347295997065e-02
4.007105500450857107e+03	6.830418546642198774e-02
4.011109107303877863e+03	6.586585715574948263e-02
4.015112714156898619e+03	6.937529079130706766e-02
4.019116321009919375e+03	6.830601368097612147e-02
4.023119927862940131e+03	6.962533876348393769e-02
4.027123534715960886e+03	7.078229320460358021e-02
4.031127141568981642e+03	6.791597828850533258e-02
4.035130748422001943e+03	6.999301819190255347e-02
4.039134355275022699e+03	6.828747474346259783e-02
4.043137962128043455e+03	7.087147863536917558e-02
4.047141568981064211e+03	6.694529618317381081e-02
4.051145175834084966e+03	6.839505260394380948e-02
4.055148782687105722e+03	7.036725282480006671e-02
4.059152389540126478e+03	6.806359791479599242e-02
4.063155996393147234e+03	7.080608407114091785e-02
4.067159603246167990e+03	6.899694432666114707e-02
4.071163210099188746e+03	6.877478938562324451e-02
4.075166816952209501e+03	6.729094030774317170e-02
4.079170423805230257e+03	6.641168904274094564e-02
4.083174030658251013e+03	6.780237489392186567e-02
4.087177637511271769e+03	6.489887384550847849e-02
4.091181244364292525e+03	6.763812848919519005e-02
4.095184851217313280e+03	6.414561954796256515e-02
4.099188458070333581e+03	6.706824380560558185e-02
4.103192064923354337e+03	6.975709792429213296e-02
4.107195671776375093e+03	6.846370501109956541e-02
4.111199278629395849e+03	6.317967163110090045e-02
4.115202885482416605e+03	6.745957106280060789e-02
4.119206492335437360e+03	6.972459980566858562e-02
4.123210099188458116e+03	6.350166355993629164e-02
4.127213706041478872e+03	6.831627752807996334e-02
4.131217312894499628e+03	6.814742900020889782e-02
4.135220919747520384e+03	6.568861225826734540e-02
4.139224526600541139e+03	6.633940485767077233e-02
4.143228133453561895e+03	6.445707155234736696e-02
4.147231740306582651e+03	6.706806789320542139e-02
4.151235347159603407e+03	6.722062136218469319e-02
4.155238954012624163e+03	6.305599594072269776e-02
4.159242560865644919e+03	7.239922485147688713e-02
4.163246167718665674e+03	6.948133010057901127e-02
4.167249774571686430e+03	6.476052082041459934e-02
4.171253381424707186e+03	6.778212183031580296e-02
4.175256988277727942e+03	6.657821728265428396e-02
4.179260595130748698e+03	6.742336153247119324e-02
4.183264201983769453e+03	6.963239814444248388e-02
4.187267808836790209e+03	6.939028956711396079e-02
4.191271415689810965e+03	6.895921109473233945e-02
4.195275022542831721e+03	6.963776257404170889e-02
4.199278629395852477e+03	6.697721754031064900e-02
4.203282236248873232e+03	6.844890565581547570e-02
4.207285843101893988e+03	6.795658957534209121e-02
4.211289449954914744e+03	6.565750864089811567e-02
4.215293056807935500e+03	6.997438686376358796e-02
4.219296663660956256e+03	6.725454555539953083e-02
4.223300270513977011e+03	6.817736714460771730e-02
4.227303877366997767e+03	6.712923184769546692e-02
4.231307484220018523e+03	6.649227707796180609e-02
4.235311091073039279e+03	6.885273128827730515e-02
4.239314697926060035e+03	6.592954188305279184e-02
4.243318304779080790e+03	6.767719215775665209e-02
4.247321911632101546e+03	6.669656607581649077e-02
4.251325518485122302e+03	6.948153289921159270e-02
4.255329125338143058e+03	6.808465553630416167e-02
4.259332732191163814e+03	6.853955891847272885e-02
4.263336339044184570e+03	6.945861330631657171e-02
4.267339945897205325e+03	6.522222060802942978e-02
4.271343552750226081e+03	6.569515338587776643e-02
4.275347159603246837e+03	6.607004872481973823e-02
4.279350766456267593e+03	6.773296317954966006e-02
4.283354373309288349e+03	6.774417722962351729e-02
4.287357980162309104e+03	6.563868088877528040e-02
4.291361587015329860e+03	6.548617442566391500e-02
4.295365193868350616e+03	6.421519435615676008e-02
4.299368800721371372e+03	6.786713714230789563e-02
4.303372407574392128e+03	6.708033504273186454e-02
4.307376014427412883e+03	6.340353671818858838e-02
4.311379621280433639e+03	6.981636760698886612e-02
4.315383228133454395e+03	6.934152948287776452e-02
4.319386834986475151e+03	6.494021935756973118e-02
4.323390441839495907e+03	6.860367510860500284e-02
4.327394048692516662e+03	6.699462830216097731e-02
4.331397655545537418e+03	6.504309038300749857e-02
4.335401262398558174e+03	6.777353559794621618e-02
4.339404869251578930e+03	6.791575775919235503e-02
4.343408476104599686e+03	6.638017799617086656e-02
4.347412082957620441e+03	6.603732016326990806e-02
4.351415689810641197e+03	6.649774976192508735e-02
4.355419296663661953e+03	6.590940732647546096e-02
4.359422903516682709e+03	6.938554654776997455e-02
4.363426510369703465e+03	6.611916036463834356e-02
4.367430117222724220e+03	6.857488824247595649e-02
4.371433724075744976e+03	6.498712917427962310e-02
4.375437330928764823e+03	7.138090455140852497e-02
4.379440937781785578e+03	6.527626738731784339e-02
4.383444544634806334e+03	6.914079614230812798e-02
4.387448151487827090e+03	6.781466742629708999e-02
4.391451758340847846e+03	6.979014619710421918e-02
4.395455365193868602e+03	6.797698541876077971e-02
4.399458972046889357e+03	6.491423742872026725e-02
4.403462578899910113e+03	6.742830078034219021e-02
4.407466185752930869e+03	6.522466566398173182e-02
4.411469792605951625e+03	6.654431700388814541e-02
4.415473399458972381e+03	6.537372482722628164e-02
4.419477006311993136e+03	6.754881414286730001e-02
4.423480613165013892e+03	6.437237779700052953e-02
4.427484220018034648e+03	6.613879286518477285e-02
4.431487826871055404e+03	6.680194178963762275e-02
4.435491433724076160e+03	6.557084830370256412e-02
4.439495040577096916e+03	6.734481288895359519e-02
4.443498647430117671e+03	6.306514915057896686e-02
4.447502254283138427e+03	6.583156432893372267e-02
4.451505861136159183e+03	6.477638769316423906e-02
4.455509467989179939e+03	6.577269486076554872e-02
4.459513074842200695e+03	6.518227434579745849e-02
4.463516681695221450e+03	6.413196987989362718e-02
4.467520288548242206e+03	6.651958134335868300e-02
4.471523895401262962e+03	6.722946655561819196e-02
4.475527502254283718e+03	6.424140069098760453e-02
4.479531109107304474e+03	6.622941758677484969e-02
4.483534715960325229e+03	6.786744882027277714e-02
4.487538322813345985e+03	6.651942038488752040e-02
4.491541929666365832e+03	6.631725271340392636e-02
4.495545536519386587e+03	6.518687268022019254e-02
4.499549143372407343e+03	6.893589989298376519e-02
4.503552750225428099e+03	6.821101955475038225e-02
4.507556357078448855e+03	6.639845070501575186e-02
4.511559963931469611e+03	6.357688973360939300e-02
4.515563570784490366e+03	6.924293343872008066e-02
4.519567177637511122e+03	6.634345800463095633e-02
4.523570784490531878e+03	6.808935939770521806e-02
4.527574391343552634e+03	6.629596400571784176e-02
4.531577998196573390e+03	6.304753689058170685e-02
4.535581605049594145e+03	6.812491352411866041e-02
4.539585211902614901e+03	6.246976492255207347e-02
4.543588818755635657e+03	6.256226830244294990e-02
4.547592425608656413e+03	6.849360262302085778e-02
4.551596032461677169e+03	6.749588802516966191e-02
4.555599639314697924e+03	6.628923415932452823e-02
4.559603246167718680e+03	6.690329499557202964e-02
4.563606853020739436e+03	6.666013724892540238e-02
4.567610459873760192e+03	6.577307751895100640e-02
4.571614066726780948e+03	6.449416722323463025e-02
4.575617673579801703e+03	6.556679686860725220e-02
4.579621280432822459e+03	6.383528107432857868e-02
4.583624887285843215e+03	6.465174929653311198e-02
4.587628494138863971e+03	6.230095401915183850e-02
4.591632100991884727e+03	6.559284240439290647e-02
4.595635707844905482e+03	6.578994206400404221e-02
4.599639314697926238e+03	6.423602109531506565e-02
4.603642921550946994e+03	6.508637063648375909e-02
4.607646528403967750e+03	6.333772442382797074e-02
4.611650135256988506e+03	6.484171167493772703e-02
4.615653742110009262e+03	6.700243448001659552e-02
4.619657348963030017e+03	6.540445016147986013e-02
4.623660955816050773e+03	6.477649329133687572e-02
4.627664562669071529e+03	6.212066786363288490e-02
4.631668169522092285e+03	6.508262396688345441e-02
4.635671776375113041e+03	6.828935856470501331e-02
4.639675383228133796e+03	6.564180424078687459e-02
4.643678990081154552e+03	6.847883749570012057e-02
4.647682596934175308e+03	6.897736728656525540e-02
4.651686203787196064e+03	6.627743918734009532e-02
4.655689810640216820e+03	6.347679959424361307e-02
4.659693417493237575e+03	6.739284993015554059e-02
4.663697024346258331e+03	6.845641575868151307e-02
4.667700631199279087e+03	6.478618429491578290e-02
4.671704238052299843e+03	6.568660506214912820e-02
4.675707844905320599e+03	6.350789191885571061e-02
4.679711451758341354e+03	6.634829549515781910e-02
4.683715058611362110e+03	6.690292578530258882e-02
4.687718665464382866e+03	6.316040418441297433e-02
4.691722272317403622e+03	6.781002323850117419e-02
4.695725879170424378e+03	6.333722538788716383e-02
4.699729486023445133e+03	6.687716139720244202e-02
4.703733092876465889e+03	6.768401898647817549e-02
4.707736699729486645e+03	6.574100154553851050e-02
4.711740306582507401e+03	6.731437622848771007e-02
4.715743913435528157e+03	6.589684499581170696e-02
4.719747520288548913e+03	6.672418905712033943e-02
4.723751127141569668e+03	6.451795357115366891e-02
4.727754733994590424e+03	6.438411654986604671e-02
4.731758340847611180e+03	6.422741419806132779e-02
4.735761947700631936e+03	6.233364787878174079e-02
4.739765554553652692e+03	6.216992751523350152e-02
4.743769161406673447e+03	6.732812181410628705e-02
4.747772768259694203e+03	6.252285880821348285e-02
4.751776375112714959e+03	6.471836536321813604e-02
4.755779981965735715e+03	6.757635844952819548e-02
4.759783588818756471e+03	6.353267765139615497e-02
4.763787195671777226e+03	6.635530145958071224e-02
4.767790802524797982e+03	6.655549107532256203e-02
4.771794409377818738e+03	6.385601989931734279e-02
4.775798016230838584e+03	6.441333335095640600e-02
4.779801623083859340e+03	6.548865972848899597e-02
4.783805229936880096e+03	6.419727814905469565e-02
4.787808836789900852e+03	6.421337151078813921e-02
4.791812443642921608e+03	6.534000373886367230e-02
4.795816050495942363e+03	6.288818948689345323e-02
4.799819657348963119e+03	6.190438029666183589e-02
4.803823264201983875e+03	6.654181907594571010e-02
4.807826871055004631e+03	6.048705909382715712e-02
4.811830477908025387e+03	6.531501413331229633e-02
4.815834084761046142e+03	6.421861293173443397e-02
4.819837691614066898e+03	6.759404880068603516e-02
4.823841298467087654e+03	6.362348161257941337e-02
4.827844905320108410e+03	6.528457445432729600e-02
4.831848512173129166e+03	6.697676648008353550e-02
4.835852119026149921e+03	6.702240281724825000e-02
4.839855725879170677e+03	6.650517021763104053e-02
4.843859332732191433e+03	6.541610432329014735e-02
4.847862939585212189e+03	6.666230398453094896e-02
4.851866546438232945e+03	6.543711135273179436e-02
4.855870153291253700e+03	6.625872077641396796e-02
4.859873760144274456e+03	6.356404731964107602e-02
4.863877366997295212e+03	6.403463353711805195e-02
4.867880973850315968e+03	6.622741316302305226e-02
4.871884580703336724e+03	6.680044124777888281e-02
4.875888187556357479e+03	6.687922740852986214e-02
4.879891794409378235e+03	6.270193355205601338e-02
4.883895401262398991e+03	6.503515990579245010e-02
4.887899008115419747e+03	6.492476345217586264e-02
4.891902614968440503e+03	6.400272852965700754e-02
4.895906221821461259e+03	6.452187769295227027e-02
4.899909828674482014e+03	6.490385528234951518e-02
4.903913435527502770e+03	6.417486837222226292e-02
4.907917042380523526e+03	6.556818863980463929e-02
4.911920649233544282e+03	6.505889305471153350e-02
4.915924256086565038e+03	6.437033148014131845e-02
4.919927862939585793e+03	6.487568824084703756e-02
4.923931469792606549e+03	6.570960815328373561e-02
4.927935076645627305e+03	6.560361676160664235e-02
4.931938683498648061e+03	6.720776002512335312e-02
4.935942290351668817e+03	6.813343396715061673e-02
4.939945897204689572e+03	6.703250761422242798e-02
4.943949504057710328e+03	6.681439798121814599e-02
4.947953110910731084e+03	6.327765284324841921e-02
4.951956717763751840e+03	6.325444487540393679e-02
4.955960324616772596e+03	6.353789720245246742e-02
4.959963931469793351e+03	6.362878149012980711e-02
4.963967538322814107e+03	6.437577355615807517e-02
4.967971145175834863e+03	6.440005151492469992e-02
4.971974752028855619e+03	6.847107009012197432e-02
4.975978358881876375e+03	6.344853355935776984e-02
4.979981965734897130e+03	6.492638347254760245e-02
4.983985572587917886e+03	6.411194899442963779e-02
4.987989179440938642e+03	6.489277165970147587e-02
4.991992786293959398e+03	6.551500101516849472e-02
4.995996393146980154e+03	6.392855197222947761e-02
5.000000000000000000e+03	6.346871754857404124e-02
