# time (ps)	 sum signal (V)	 MOKE (V)	 B plus signal (V) 	 B minus signal (V)
290.0	-0.010271236808486739	-0.0005802854813257152	-0.005425761144906227	-0.004845475663580512
292.22222222222223	-0.008817397542608463	-0.0018869493035322815	-0.005352173423070372	-0.0034652241195380906
294.4444444444445	-0.006949603835971763	0.0003235343111074318	-0.0033130347624321654	-0.0036365690735395972
296.6666666666667	-0.006719534423436091	-0.0011949384809670782	-0.003957236452201585	-0.0027622979712345064
298.8888888888889	-0.00861865858414368	-0.001928841847745888	-0.0052737502159447835	-0.0033449083681988956
301.1111111111111	-0.0073785960192025435	0.0019868560352485076	-0.002695869991977018	-0.0046827260272255256
303.3333333333333	-0.007508226340075641	0.00025263202036152066	-0.00362779715985706	-0.003880429180218581
305.5555555555555	-0.008236577094115738	-4.135894631529524e-05	-0.004138968020215517	-0.004097609073900221
307.77777777777777	-0.007061688540423772	-0.0004961300114454392	-0.0037789092759346055	-0.0032827792644891662
310.0	-0.008329591677438852	-0.0005937983481003606	-0.0044616950127696064	-0.003867896664669246
310.5044247787611	-0.008017967779832436	2.1129600079383692e-05	-0.003998419089876526	-0.00401954868995591
311.0088495575221	-0.008501209341519766	-8.790802823344102e-05	-0.004294558684876604	-0.004206650656643163
311.5132743362832	-0.00930207322507326	-0.0008848366913778438	-0.005093454958225552	-0.004208618266847708
312.01769911504425	-0.005485742474093058	0.0002873684333435378	-0.0025991870203747602	-0.002886555453718298
312.5221238938053	-0.004799286171903283	-0.0003972968605885363	-0.0025982915162459097	-0.0022009946556573734
313.0265486725664	-0.004977615571750027	0.0030485905018544646	-0.0009645125349477812	-0.004013103036802246
313.53097345132744	-0.004576734931619919	-0.00039425696995354365	-0.0024854959507867314	-0.0020912389808331877
314.0353982300885	-0.0037354049979807513	0.00019855981464189654	-0.0017684225916694274	-0.001966982406311324
314.5398230088495	-0.003361560942049202	0.00016991408922040208	-0.0015958234264144	-0.001765737515634802
315.04424778761063	-0.002936331172667339	0.0012457939514740612	-0.0008452686105966389	-0.0020910625620707
315.54867256637175	-0.002672239681080546	-0.0005362361613665545	-0.0016042379212235502	-0.0010680017598569957
316.05309734513276	-0.0014846359411699872	-0.0016407624739289695	-0.0015626992075494783	7.806326637949113e-05
316.5575221238938	-0.0014731773173579654	0.0012257391052843403	-0.00012371910603681258	-0.0013494582113211528
317.0619469026549	-0.0027540611486756017	1.038482242399219e-05	-0.0013718381631258048	-0.001382222985549797
317.56637168141594	0.0005992628076378903	-0.000765774857336643	-8.325602484937633e-05	0.0006825188324872666
318.070796460177	-0.00031619372883429087	0.0016701271143995111	0.0006769666927826101	-0.000993160421616901
318.57522123893807	0.0011444527598074572	0.0007852871343136947	0.0009648699470605759	0.00017958281274688126
319.07964601769913	0.0004889700930066354	4.995269804641822e-05	0.0002694613955265268	0.0002195086974801086
319.58407079646014	0.002067068239785197	0.0008420450534072366	0.0014545566465962168	0.0006125115931889802
320.08849557522126	0.0012330782568192866	-3.240635786028179e-05	0.0006003359494795024	0.0006327423073397842
320.5929203539824	-0.0014089002994754907	0.0024205009309117287	0.000505800315718119	-0.0019147006151936097
321.0973451327434	0.0002660603984712129	-0.0017940258869615366	-0.0007639827442451619	0.0010300431427163748
321.60176991150445	-0.0012626216251256928	0.0007394551194219723	-0.00026158325285186024	-0.0010010383722738325
322.1061946902655	-0.0006370406089759584	-0.0014520497691457024	-0.0010445451890608304	0.000407504580084872
322.6106194690266	-0.0009398044109254489	0.0005562913395908975	-0.00019175653566727568	-0.0007480478752581732
323.11504424778764	-0.001824640467974037	-0.002286216538195829	-0.002055428503084933	0.00023078803511089596
323.6194690265487	-0.001776299841096618	-0.0009068593819414605	-0.0013415796115190393	-0.0004347202295775787
324.12389380530976	-0.0006207465625298614	-0.0014425606265409119	-0.0010316535945353866	0.00041090703200552525
324.62831858407077	-0.0018837265364755051	-0.00016096167945289785	-0.0010223441079642015	-0.0008613824285113036
325.13274336283183	-0.0018914246566763548	0.0006961239274103637	-0.0005976503646329956	-0.0012937742920433593
325.6371681415929	-0.0029647976275331	-0.0015145346110434499	-0.002239666119288275	-0.0007251315082448251
326.14159292035396	-0.0028489526343131732	-0.0003870934688372518	-0.0016180230515752125	-0.0012309295827379607
326.646017699115	-0.002888881646042174	0.0005749129313292745	-0.0011569843573564498	-0.0017318972886857242
327.1504424778761	-0.003010631854319712	-0.00016990979732911526	-0.0015902708258244136	-0.0014203610284952983
327.65486725663715	-0.0034915433279558705	-0.001267812560671544	-0.0023796779443137073	-0.0011118653836421633
328.1592920353982	-0.002646813264728154	-0.0012026399107167851	-0.0019247265877224695	-0.0007220866770056844
328.6637168141593	-0.004127509863080192	0.0004234398635971637	-0.0018520349997415142	-0.002275474863338678
329.16814159292034	-0.0006044536516416343	-0.0005249569014678102	-0.0005647052765547222	-3.974837508691209e-05
329.6725663716814	-0.0016728113064876649	0.0008957595496277282	-0.00038852587842996833	-0.0012842854280576965
330.17699115044246	-0.004355970727000225	0.0008273642841809536	-0.0017643032214096355	-0.002591667505590589
330.6814159292035	-0.0031035552315634707	0.00019623285814929226	-0.0014536611867070892	-0.0016498940448563815
331.1858407079646	-0.0037674519986925503	0.0009041745066626916	-0.0014316387460149294	-0.002335813252677621
331.69026548672565	-0.0018588371260275238	0.0005858342570967956	-0.0006365014344653641	-0.0012223356915621597
332.1946902654867	-0.0030387413334580504	-0.00028647131847425733	-0.0016626063259661539	-0.0013761350074918965
332.6991150442478	-0.0035864376210532622	0.0007074031091247601	-0.001439517255964251	-0.002146920365089011
333.20353982300884	-0.0010373828471019753	-0.0004755427059344175	-0.0007564627765181964	-0.0002809200705837789
333.7079646017699	-0.0031971947063758055	0.0023760978721496517	-0.0004105484171130769	-0.0027866462892627286
334.21238938053096	-0.0013252855238348182	0.0004640822032633274	-0.0004306016602857454	-0.0008946838635490728
334.716814159292	-0.0022878283501048813	0.0007143872240704674	-0.0007867205630172069	-0.0015011077870876743
335.2212389380531	-0.0035848249343997107	-0.0002323989872838883	-0.0019086119608417995	-0.0016762129735579112
335.72566371681415	0.0004273793410234372	0.0008194839341644222	0.0006234316375939297	-0.0001960522965704925
336.2300884955752	-0.002727382833569658	0.00036184956638618537	-0.0011827666335917364	-0.0015446161999779218
336.7345132743363	-0.0013490979348524945	-0.0008885964907388022	-0.0011188472127956484	-0.00023025072205684616
337.23893805309734	2.6678862656837055e-05	0.00019569413473119468	0.00011118649869401587	-8.450763603717881e-05
337.7433628318584	-0.0004130553076526766	-0.0013781046096292826	-0.0008955799586409796	0.000482524650988303
338.24778761061947	0.0014456067273298512	-0.0004476116563625343	0.0004989975354836584	0.0009466091918461927
338.75221238938053	-0.0006057072676373121	-0.0011546565671218811	-0.0008801819173795966	0.0002744746497422845
339.2566371681416	0.0006898587226966679	-0.00012192949315115165	0.00028396461477275814	0.0004058941079239098
339.76106194690266	-0.001074085728081764	-0.00024940863262457036	-0.0006617471803531672	-0.0004123385477285968
340.2654867256637	-0.0005935285368834364	-0.0001015161082502658	-0.0003475223225668511	-0.0002460062143165853
340.7699115044248	-0.00013571582658178372	-0.001613190340192805	-0.0008744530833872943	0.0007387372568055106
341.27433628318585	0.0018087061100864332	-0.0016028053852563673	0.00010295036241503297	0.0017057557476714003
341.7787610619469	0.0008465218421389586	0.0007512701341774175	0.0007988959881581881	4.762585398077057e-05
342.283185840708	-0.0006262961714369464	0.0005156479254957436	-5.532412297060141e-05	-0.000570972048466345
342.78761061946904	-0.0007043589363266989	-0.002345122599745064	-0.0015247407680358815	0.0008203818317091827
343.2920353982301	0.0009994258391039512	4.8341508795735066e-05	0.0005238836739498431	0.0004755421651541081
343.79646017699116	0.0019213245827003345	-0.00033140948191712205	0.0007949575503916062	0.0011263670323087283
344.3008849557522	0.0005555744839842447	0.0013866972110139208	0.0009711358474990828	-0.0004155613635148381
344.8053097345133	0.0012529527215685565	0.0016432681463702803	0.0014481104339694184	-0.00019515771240086188
345.30973451327435	0.0017623338056138582	-0.0012878657783226277	0.00023723401364561525	0.001525099791968243
345.8141592920354	-3.921020701946887e-05	-0.0008302290086055208	-0.00043471960781249486	0.000395509400793026
346.3185840707965	-0.00042164956178369906	0.0006608517232074007	0.00011960108071185083	-0.0005412506424955499
346.82300884955754	0.0011811549744873417	-0.00042594666138784376	0.000377604156549749	0.0008035508179375928
347.3274336283186	0.0005496661780368672	0.0003237131637321422	0.0004366896708845047	0.00011297650715236252
347.83185840707966	0.0009842075936350447	-0.0007081214700312977	0.00013804306180187353	0.0008461645318331712
348.3362831858407	0.0013773892207933347	-0.0010400689257445972	0.00016866014752436875	0.001208729073268966
348.8407079646018	0.0017560699844201277	-0.0024844221165165603	-0.0003641760660482163	0.002120246050468344
349.34513274336285	0.002310209500986593	-0.0008527882914488583	0.0007287106047688674	0.0015814988962177257
349.8495575221239	0.0018151537766650794	-0.0021048479005083554	-0.000144847061921638	0.0019600008385867174
350.353982300885	0.001218039154624595	0.0007052551371282689	0.000961647145876432	0.00025639200874816304
350.85840707964604	0.002060622561038894	-0.0003392897635858816	0.0008606663987265062	0.0011999561623123878
351.3628318584071	0.0018187329332948199	-0.0005865506990752056	0.0006160911171098071	0.0012026418161850128
351.8672566371681	0.002812429665716154	0.0009159901987254582	0.0018642099322208061	0.0009482197334953479
352.3716814159291	0.0005847591532981422	-0.0006352482521878589	-2.5244549444858322e-05	0.0006100037027430005
352.87610619469024	0.0031461691194438757	-0.0012880461039297408	0.0009290615077570674	0.0022171076116868083
353.38053097345136	0.0011530466834575037	-8.200423826520975e-05	0.000535521222596147	0.0006175254608613567
353.88495575221236	0.0026287315145618884	-0.001561985763203655	0.0005333728756791167	0.0020953586388827716
354.38938053097337	0.003038205407916994	0.0004209320202854805	0.0017295687141012372	0.0013086366938157568
354.8938053097345	0.003893498586910349	0.000373486446750837	0.002133492516830593	0.001760006070079756
355.3982300884956	0.002326681815884468	0.0006672983554325551	0.0014969900856585117	0.0008296917302259565
355.9026548672566	0.0052887908204029	0.0009158125294306263	0.003102301674916763	0.002186489145486137
356.4070796460176	0.004604305672737841	-0.0007344370466424444	0.0019349343130476981	0.0026693713596901425
356.91150442477874	0.00348563691465964	0.00047267735308320624	0.001979157133871423	0.0015064797807882169
357.41592920353986	0.0025685716907879463	0.000521735444255933	0.0015451535675219397	0.0010234181232660067
357.92035398230087	0.0023803959363422056	-1.6651887103646956e-05	0.0011818720246192793	0.0011985239117229263
358.4247787610619	0.003273649291138936	-0.001570219911751769	0.0008517146896935834	0.0024219346014453524
358.929203539823	0.003903345948790271	-0.0004463572564996632	0.001728494346145304	0.002174851602644967
359.4336283185841	0.0032684561570521797	0.0001326691707241867	0.0017005626638881832	0.0015678934931639965
359.9380530973451	0.004558829679942811	0.00042361733682527714	0.002491223508384044	0.002067606171558767
360.4424778761061	0.0033470567484508162	-0.0008980871025692228	0.0012244848229407967	0.0021225719255100195
360.94690265486724	0.00300185781382889	0.0011494644449230318	0.002075661129375961	0.000926196684452929
361.45132743362836	0.0039250098509029385	-0.0002785930525304181	0.0018232083991862602	0.0021018014517166783
361.95575221238937	0.001134961690866243	0.00014413039302341168	0.0006395460419448273	0.0004954156489214157
362.4601769911504	0.001519730275890696	-0.002138149125758604	-0.00030920942493395387	0.00182893970082465
362.9646017699115	0.0019204308018183625	-0.0007813504429843299	0.0005695401794170163	0.0013508906224013462
363.4690265486726	0.0032768709594910295	-0.0004977445501797018	0.0013895632046556639	0.0018873077548353656
363.9734513274336	0.002216928041629762	-9.27463147044616e-05	0.0010620908634626502	0.0011548371781671118
364.4778761061946	0.002232325299457383	-0.00023454719174464955	0.0009988890538563666	0.0012334362456010162
364.98230088495575	0.0012124891724094589	-0.0006345321011309579	0.00028897853563925047	0.0009235106367702084
365.48672566371687	0.001512567149165367	-0.00025281188517922715	0.0006298776319930699	0.000882689517172297
365.9911504424779	0.001135139690124909	0.0011462427760529081	0.0011406912330889085	-5.551542963999623e-06
366.4955752212389	0.0025925623021922917	0.00017940202929667137	0.0013859821657444815	0.0012065801364478101
367.0	0.000989220806326463	-0.0002805617165877461	0.0003543295448693584	0.0006348912614571045
369.00400801603206	0.0010964682012151172	-0.0005940693186392565	0.00025119944128793037	0.0008452687599271869
371.0080160320642	0.0006531540268068792	-8.77313655476275e-05	0.00028271133062962583	0.00037044269617725334
373.0120240480962	-0.000887882144987362	0.00043991160675904695	-0.0002239852691141575	-0.0006638968758732045
375.01603206412824	0.0004338261338525662	0.0009125891142764964	0.0006732076240645313	-0.0002393814902119651
377.0200400801603	-0.001305591113985427	-0.00012926987894723574	-0.0007174304964663314	-0.0005881606175190957
379.0240480961923	0.00048735915435726973	1.8619107010175995e-05	0.00025298913068372286	0.00023437002367354687
381.0280561122245	-1.629448376827547e-05	-0.0005419687126615447	-0.00027913159821491007	0.0002628371144466346
383.03206412825654	-0.002945636394594109	-0.002216209992529583	-0.002580923193561846	-0.0003647132010322629
385.03607214428865	-0.0031252187473929105	-0.0003650702968847064	-0.0017451445221388084	-0.001380074225254102
387.04008016032066	-0.005618771075451834	0.0003333809453833769	-0.0026426950650342285	-0.0029760760104176054
389.0440881763527	-0.004793016089606583	0.001005874706575538	-0.0018935706915155226	-0.0028994453980910606
391.0480961923848	-0.004566345411548323	-0.0004078596893988262	-0.0024871025504735744	-0.002079242861074748
393.0521042084168	-0.005132306633748085	0.0015134618622296703	-0.0018094223857592073	-0.0033228842479888776
395.0561122244489	-0.00488504627989772	0.00038780887487432913	-0.0022486187025116955	-0.0026364275773860246
397.06012024048096	-0.003877386443518427	-0.002175032333710858	-0.0030262093886146424	-0.0008511770549037845
399.064128256513	-0.003500855134338954	-0.0010296831592169209	-0.0022652691467779373	-0.0012355859875610165
401.06813627254513	-0.0016703046718093972	0.00026552228448606385	-0.0007023911936616667	-0.0009679134781477305
403.07214428857714	-0.002251122890613244	-0.0004986384032223956	-0.0013748806469178199	-0.0008762422436954242
405.0761523046092	-0.0012436414180805322	-0.0001546946168864416	-0.0006991680174834869	-0.0005444734005970453
407.08016032064126	5.890807541608645e-05	0.0003589844456135527	0.00020894626051481957	-0.00015003818509873312
409.08416833667326	0.001506658468624078	-0.002344586780316238	-0.00041896415584607993	0.001925622624470158
411.08817635270543	0.001671200450935828	-0.0011011229050335025	0.00028503877295116276	0.0013861616779846653
413.0921843687375	0.0013345962303790149	-0.001645416863534921	-0.000155410316577953	0.0014900065469569679
415.0961923847696	0.0025954265782692776	0.00017009259147449107	0.0013827595848718843	0.0012126669933973933
417.1002004008016	0.0013852670954708213	0.0010200163088962544	0.0012026417021835378	0.00018262539328728344
419.10420841683367	0.0028969369512041876	0.00020697436195749042	0.001551955656580839	0.0013449812946233486
421.10821643286573	0.004620777860532055	0.00047554175413511146	0.002548159807333583	0.0020726180531984717
423.11222444889773	0.004777618415170215	0.000714029801704763	0.002745824108437489	0.002031794306732726
425.11623246492985	0.004046221586682552	-8.289844271702762e-05	0.0019816615719827624	0.00206456001469979
427.1202404809619	0.005354141711440441	-1.6473609449452198e-05	0.0026688340509954944	0.0026853076604449466
429.12424849699397	0.0034383669409940865	0.001378997846683827	0.0024086823938389568	0.0010296845471551297
431.1282565130261	0.003100331269968004	0.0014574210366935514	0.0022788761533307778	0.0008214551166372264
433.1322645290581	0.0010338023551041964	-0.0016182016186618853	-0.00029219963177884445	0.0013260019868830408
435.13627254509015	-0.0010182241031859718	0.00038727263129612055	-0.0003154757359449256	-0.0007027483672410462
437.1402805611222	-0.001432174126956287	0.0005147540278138685	-0.0004587100495712093	-0.0009734640773850778
439.1442885771542	-0.0009206462013506833	-0.002698556236100602	-0.0018096012187256427	0.0008889550173749594
441.1482965931864	-0.0029574534976450906	0.0023572975845964628	-0.0003000779565243139	-0.0026573755411207767
443.15230460921845	-0.001420894857460775	-0.00033087591069613786	-0.0008758853840784564	-0.0005450094733823185
445.15631262525056	-0.0026985567055506365	-0.0008321976652077012	-0.0017653771853791689	-0.0009331795201714677
447.16032064128257	-0.005910791184243758	-0.0013533946481822934	-0.0036320929162130255	-0.002278698268030732
449.1643286573146	-0.005461387765872905	-0.00016955340212843062	-0.0028154705840006677	-0.002645917181872237
451.1683366733467	-0.006279622736908186	0.00033177068255629827	-0.002973926027175944	-0.003305696709732242
453.1723446893787	-0.004440120907494016	-0.00023508445680731072	-0.0023376026821506635	-0.0021025182253433528
455.17635270541086	-0.004461067397647289	0.0008959389387090955	-0.0017825642294690969	-0.0026785031681781923
457.18036072144287	-0.004244781357793714	0.0011358588521577229	-0.0015544612528179957	-0.0026903201049757186
459.18436873747487	-0.003420460580893847	0.0009951288012117754	-0.0012126658898410358	-0.0022077946910528112
461.18837675350704	-0.0035180410644246596	2.6860642512449573e-06	-0.0017576775000867073	-0.0017603635643379523
463.1923847695391	-0.0017394154261249906	0.0013032639507646326	-0.00021807573768017896	-0.0015213396884448116
465.1963927855711	-0.0026844111605168752	0.0015925989406937457	-0.0005459061099115647	-0.0021385050506053105
467.20040080160317	-8.844782963235431e-05	7.591416407537466e-05	-6.266832778489828e-06	-8.218099685386449e-05
469.20440881763517	0.0007958523547280105	-0.000601411609489011	9.722037261949978e-05	0.0006986319821085107
471.20841683366734	0.0009446392085306066	-0.0014581372868636144	-0.00025674903916650393	0.0012013882476971105
473.21242484969935	0.0032416016182954532	-0.0008764260801277235	0.0011825877690838649	0.0020590138492115884
475.2164328657315	0.0028306945294647168	-0.0005292588828023082	0.0011507178233312043	0.0016799767061335125
477.2204408817635	0.0034213615110394446	-0.00029345769722266546	0.0015639519069083896	0.001857409604131055
479.2244488977956	0.005651178983237859	0.0008123222864546698	0.0032317506348462643	0.0024194283483915946
481.22845691382764	0.0027427808163957845	-0.0005645283565278714	0.0010891262299339566	0.001653654586461828
483.23246492985965	0.0035857232540774664	-0.00033463370446962237	0.001625544774803922	0.0019601784792735444
485.23647294589176	0.0031311272975744764	0.00027930853931268373	0.00170521791844358	0.0014259093791308963
487.2404809619238	0.0030573620551113123	-0.0005833269488402237	0.0012370175531355443	0.001820344501975768
489.2444889779559	0.0031164469531388406	-0.0003226392907387243	0.0013969038312000581	0.0017195431219387824
491.248496993988	0.0033667488652056043	0.0009704190624044706	0.0021685839638050375	0.0011981649014005669
493.25250501002006	0.003433713499414681	0.00013105934573265365	0.0017823864225736674	0.0016513270768410138
495.256513026052	0.00017277825113737322	0.0013190197337600296	0.0007458989924487014	-0.0005731207413113282
497.2605210420841	-0.00013714631779726538	-0.0008583381585014482	-0.0004977422381493568	0.0003605959203520914
499.2645290581161	-0.001398336316370763	0.00026462953769357256	-0.0005668533893385952	-0.0008314829270321678
501.2685370741483	-0.002741345883057411	2.4888400321332327e-05	-0.0013582287413680394	-0.0013831171416893717
503.27254509018036	-0.002721650833302114	-0.001627332328872022	-0.002174491581087068	-0.0005471592522150459
505.2765531062125	-0.003420104663038437	0.00032049042397952476	-0.001549807119529456	-0.0018702975435089808
507.2805611222445	-0.005086469432680429	6.213162761903313e-05	-0.002512168902530698	-0.0025743005301497313
509.2845691382765	-0.0035427493027360146	0.0013294059077619824	-0.001106671697487016	-0.0024360776052489985
511.2885771543086	-0.004508874568959431	0.0010859059914745117	-0.0017114842887424597	-0.0027973902802169714
513.2925851703407	-0.005476070799562027	-0.0003532517220921072	-0.0029146612608270672	-0.00256140953873496
515.2965931863728	-0.004779407747746545	-0.002249154583121582	-0.0035142811654340633	-0.0012651265823124813
517.3006012024048	-0.004453546502886985	-0.0013181223280922527	-0.0028858344154896187	-0.001567712087397366
519.3046092184369	-0.0030360546358085827	0.0006458119196275369	-0.0011951213580905229	-0.0018409332777180598
521.3086172344689	-0.0016860598308421348	0.0004929073574897469	-0.000596576236676194	-0.0010894835941659409
523.3126252505009	-0.0009820581260453487	0.00015200849921370718	-0.00041502481341582076	-0.0005670333126295279
525.316633266533	-0.001600477287858837	0.0009218995917357198	-0.00033928884806155857	-0.0012611884397972783
527.3206412825651	-0.0002853956691546422	-0.0014796220364940993	-0.0008825088528243707	0.0005971131836697285
529.3246492985971	-0.0010255662616263095	0.0006524374300949098	-0.00018656441576569982	-0.0008390018458606097
531.3286573146293	0.0014065752167864431	0.0016278719200286673	0.0015172235684075552	-0.00011064835162111208
533.3326653306613	0.0008504605970416357	-0.002129552571881188	-0.0006395459874197762	0.0014900065844614119
535.3366733466934	0.003569072962419151	0.00017223981626535156	0.0018706563893422512	0.0016984165730768996
537.3406813627254	0.0004778690157467569	0.0005852965073500638	0.0005315827615484103	-5.3713745801653445e-05
539.3446893787575	0.0025902363384979754	-0.00017170372403296774	0.0012092663072325038	0.0013809700312654716
541.3486973947896	0.003391458648650092	0.00044403046081709086	0.0019177445547335914	0.0014737140939165005
543.3527054108216	0.002150145639246981	0.0017433562547835013	0.001946750947015241	0.00020339469223173978
545.3567134268537	0.0037792716153017825	-0.0008243207222384807	0.0014774754465316509	0.0023017961687701316
547.3607214428857	0.0019227578725635741	0.0007063292505697927	0.0013145435615666834	0.0006082143109968907
549.3647294589179	0.002385051356290191	0.0008287970397304889	0.00160692419801034	0.000778127158279851
551.3687374749499	0.0033363158933168435	0.0005360594478527325	0.001936187670584788	0.0014001282227320555
553.372745490982	0.0028244271909254604	-6.980927086841504e-06	0.0014087231319193094	0.001415704059006151
555.3767535070141	-0.00047786947386918577	0.0008760646850294318	0.00019909760558012302	-0.0006769670794493088
557.3807615230461	-0.0002341901280782377	0.0003018670766368192	3.3838474279290764e-05	-0.00026802860235752846
559.3847695390782	-0.00175105302576406	-0.00017116551119467083	-0.0009611092684793654	-0.0007899437572846946
561.3887775551102	-0.00321080442387478	-4.0283952267294865e-05	-0.0016255441880710375	-0.0015852602358037426
563.3927855711422	-0.0020790637666703304	0.0009435622978033464	-0.000567750734433492	-0.0015113130322368384
565.3967935871743	-0.002728815464755785	0.00021288099919369863	-0.0012579672327810432	-0.0014708482319747418
567.4008016032064	-0.0031384696985459204	0.0023413630801625285	-0.00039855330919169596	-0.0027399163893542244
569.4048096192386	-0.004173524686577723	-0.0007122393453184994	-0.0024428820159481113	-0.0017306426706296119
571.4088176352705	-0.0021832666115420007	0.0014194644059444261	-0.0003819011027987873	-0.0018013655087432134
573.4128256513026	-0.003297640822097936	0.0014871429656331259	-0.000905248928232405	-0.002392391893865531
575.4168336673347	-0.0047188932470561	0.0024532647498956006	-0.0011328142485802495	-0.00358607899847585
577.4208416833667	-0.004373874682718437	0.0020140700588888727	-0.0011799023119147822	-0.003193972370803655
579.4248496993988	-0.0028656065162842026	-0.0004610395651440946	-0.0016633230407141486	-0.001202283475570054
581.4288577154308	-0.0031125063246488782	-0.0014534823914018613	-0.0022829943580253698	-0.0008295119666235085
583.432865731463	-0.004031541591930532	-0.0003084905918677716	-0.002170016091899152	-0.0018615255000313802
585.4368737474949	-0.00337731290454224	-0.0011482095911268253	-0.0022627612478345327	-0.0011145516567077074
587.440881763527	-0.0015378118912960925	-0.0002469041573507358	-0.0008923580243234142	-0.0006454538669726784
589.4448897795592	-0.002370010638415909	0.0008065939111547848	-0.0007817083636305622	-0.001588302274785347
591.4488977955912	-0.0002782342482445799	9.668273809992911e-06	-0.00013428298721729348	-0.0001439512610272864
593.4529058116232	0.00032227960417130497	-0.00034340770001883847	-1.056404792376675e-05	0.0003328436520950717
595.4569138276553	0.0010857247191446984	0.0003673965272612545	0.0007265606232029764	0.00035916409594172194
597.4609218436875	0.0017345815857248148	-0.00010599488089368947	0.0008142933524155627	0.0009202882333092521
599.4649298597194	-7.394542747474198e-05	-0.00038046943687253254	-0.00022720743217363726	0.00015326200469889528
601.4689378757514	0.00150486862406507	0.0012087291023143987	0.0013567988631897343	0.00014806976087533563
603.4729458917835	0.0016343165980188257	-0.001697697869278647	-3.16906356299107e-05	0.0016660072336487364
605.4769539078156	0.0029173493897718394	-0.0004458200928616485	0.0012357646484550955	0.001681584741316744
607.4809619238476	0.002797031905871661	0.00101983734507205	0.0019084346254718554	0.0008885972803998055
609.4849699398798	0.004035302825698306	0.0006896791518151701	0.002362490988756738	0.0016728118369415679
611.4889779559118	0.00048735834106894416	-0.000596934436832619	-5.478804788183744e-05	0.0005421463889507816
613.4929859719439	0.0001588148948648005	0.0005133201710578739	0.0003360675329613372	-0.00017725263809653669
615.4969939879759	0.0004909393124350458	0.00025854108839595824	0.00037474020041550204	0.0001161991120195438
617.501002004008	0.00027322139134522416	0.00043901761803244455	0.00035611950468883435	-8.289811334361019e-05
619.5050100200401	0.00039586689698034583	0.0006103614884682695	0.0005031141927243077	-0.00010724729574396186
621.5090180360721	-0.0019021662848086596	-0.0017700332540961927	-0.0018360997694524261	-6.606651535623342e-05
623.5130260521041	-0.0015136425496864447	0.0004160985902439407	-0.000548771979721252	-0.0009648705699651927
625.5170340681362	-0.0032279897256120016	0.000985637104485626	-0.0011211763105631878	-0.002106813415048814
627.5210420841684	-0.002755670811439792	0.0003740224403907533	-0.0011908241855245194	-0.0015648466259152727
629.5250501002004	-0.0018248177526507536	-0.000692903265779643	-0.0012588605092151983	-0.0005659572434355553
631.5290581162322	-0.0044277670333061625	-0.00096397478511423	-0.0026958709092101962	-0.0017318961240959663
633.5330661322645	-0.002118094445909824	-0.00045262459944805933	-0.0012853595226789416	-0.0008327349232308823
635.5370741482966	-0.003110716845545314	-0.0002986463475107559	-0.0017046815965280349	-0.001406035249017279
637.5410821643286	-0.0031252184737045052	-5.532453226941847e-05	-0.0015902715029869618	-0.0015349469707175434
639.5450901803607	-0.0037411321331604075	0.0005666756405784401	-0.0015872282462909837	-0.002153903886869424
641.5490981963928	-0.003942913994309016	-0.000288978225928993	-0.0021159461101190047	-0.0018269678841900117
643.5531062124248	-0.0038029010912945527	0.0003129702709696591	-0.0017449654101624468	-0.002057935681132106
645.5571142284567	-0.0016160532383482362	-8.128553931019411e-05	-0.0008486693888292152	-0.0007673838495190211
647.561122244489	-0.0024967721023920753	-0.001016791508199777	-0.001756781805295926	-0.0007399902970961492
649.5651302605211	-0.00205775758379656	0.001374522862896077	-0.0003416173604502415	-0.0017161402233463185
651.5691382765531	-0.000749301016429671	-0.002158021841544011	-0.001453661428986841	0.0007043604125571701
653.5731462925851	-0.0004538758876748705	-0.0009519808993474488	-0.0007029283935111597	0.00024905250583628913
655.5771543086172	0.0005759878622628722	0.0006347120474787804	0.0006053499548708263	-2.9362092607954082e-05
657.5811623246493	-0.0002830699773883616	-0.0009791943885946175	-0.0006311321829914895	0.00034806220560312795
659.5851703406812	0.002819769925124449	0.0007464360919204882	0.0017831030085224686	0.0010366669166019804
661.5891783567133	0.0030790267007256844	0.0014923354986935422	0.0022856810997096133	0.0007933456010160711
663.5931863727454	0.0006492151072283736	0.000712954896322282	0.0006810850017753278	-3.1869894546954214e-05
665.5971943887776	0.0001509349364983148	0.0006250435528378784	0.0003879892446680966	-0.0002370543081697818
667.6012024048096	0.0016790808578113214	-0.0007219074545474768	0.0004785867016319223	0.0012004941561793991
669.6052104208417	0.001030399454642339	0.0005813574313835446	0.0008058784430129418	0.0002245210116293972
671.6092184368738	0.001199237180011803	-0.00014180417337428253	0.0005287165033187602	0.0006705206766930427
673.6132264529057	0.0012918046188110655	0.0015471202160772801	0.0014194624174441728	-0.00012765779863310733
675.6172344689378	-0.0006637195712724253	-0.0002730414078475629	-0.0004683804895599941	-0.0001953390817124312
677.6212424849699	-0.00046265000346501495	0.0007795601711149125	0.00015845508382494877	-0.0006211050872899637
679.625250501002	-0.0003910336552030991	0.0005611243958143497	8.504537030562531e-05	-0.0004760790255087244
681.629258517034	0.0006454556289754443	0.0016044155829990636	0.001124935605987254	-0.00047947997701180967
683.633266533066	-0.0011890324920271755	-9.793740843311305e-05	-0.0006434849502301443	-0.0005455475417970312
685.6372745490982	-0.001752128752397386	0.0004844934738339468	-0.0006338176392817196	-0.0011183111131156664
687.6412825651302	-0.0029092896164679694	0.0015242022322228266	-0.0006925436921225714	-0.002216745924345398
689.6452905811624	-0.0022760119459197536	-0.00019480021178153173	-0.0012354060788506427	-0.001040605867069111
691.6492985971942	-0.002606886275751341	0.0007154614134867732	-0.000945712431132284	-0.0016611738446190571
693.6533066132264	-0.004129479960802485	0.0012701392137195455	-0.0014296703735414695	-0.002699809587261015
695.6573146292585	-0.004219719922348375	-0.0001196007175998659	-0.0021696603199741205	-0.0020500596023742546
697.6613226452905	-0.0031732039174328097	-0.0003099265417703112	-0.0017415652296015605	-0.0014316386878312493
699.6653306613226	-0.002167511706209879	-0.0004318552054378699	-0.0012996834558238746	-0.0008678282503860046
701.6693386773546	-0.0026129742521026067	-0.0009109780538905099	-0.0017619761529965583	-0.0008509980991060484
703.6733466933869	-0.0009704213332251133	-0.0010087362066484307	-0.000989578769936772	1.9157436711658704e-05
705.6773547094186	-0.0016251853685427253	-0.0003639967252373477	-0.0009945910468900365	-0.0006305943216526888
707.6813627254509	-0.0019442421663371512	-0.0009856398913794528	-0.001464941028858302	-0.00047930113747884917
709.685370741483	0.00043704698040225587	-0.0012807034679471752	-0.00042182824377245964	0.0008588752241747155
711.689378757515	-0.0016371829766297363	-0.001433071134178343	-0.0015351270554040397	-0.00010205592122569662
713.693386773547	-0.002246113241081593	-0.0006726708645754531	-0.0014593920528285231	-0.00078672118825307
715.6973947895791	-0.000883403428648899	0.0006388286158867107	-0.00012228740638109414	-0.0007611160222678048
717.7014028056113	-0.000946785260776517	0.00016257192258106734	-0.00039210666909772485	-0.0005546785916787922
719.7054108216431	-0.00021557029165952812	0.0004801973798422843	0.00013231354409137808	-0.0003478838357509062
721.7094188376753	-0.0006769657771621418	-0.0003776053880484298	-0.0005272855826052858	-0.000149680194556856
723.7134268537075	0.0007127760836296293	0.0004760790888342914	0.0005944275862319603	0.00011834849739766895
725.7174348697395	0.00028468176660756406	0.0013431908889998123	0.0008139363278036882	-0.0005292545611961241
727.7214428857715	0.0018552592694842662	0.0005170798341176397	0.001186169551800953	0.0006690897176833133
729.7254509018036	0.000567749109251281	-3.348133715785906e-05	0.00026713388604671096	0.00030061522320457
731.7294589178358	0.002064918074078159	0.0006855625192956349	0.001375240296686897	0.0006896777773912621
733.7334669338676	0.002106100510469222	-0.000415202804223469	0.0008454488531228765	0.0012606516573463455
735.7374749498998	-0.0014704920400927524	-0.0004936252862342005	-0.0009820586631634765	-0.0004884333769292759
737.7414829659318	0.00024582775752191033	0.0009086497787424985	0.0005772387681322044	-0.0003314110106102941
739.7454909819639	-0.001793666368615332	-0.0005604109789689726	-0.0011770386737921523	-0.0006166276948231797
741.7494989979959	-0.0019748573504621003	0.0009750752098456328	-0.0004998910703082338	-0.0014749662801538665
743.753507014028	-0.0002907688264424113	-0.0014345022192705503	-0.0008626355228564808	0.0005718666964140695
745.7575150300601	0.0009938742047888027	-0.0008470600496086611	7.340707759007081e-05	0.0009204671271987319
747.7615230460921	-0.0008851960373130741	-0.0014982432446608573	-0.0011917196409869657	0.00030652360367389164
749.7655310621243	0.0008019401851160346	0.0012115948380304609	0.0010067675115732477	-0.00020482732645721313
751.7695390781563	0.0003070627054018171	0.0014518715026705653	0.0008794671040361912	-0.0005724043986343741
753.7735470941884	-0.0015490920760148352	0.0008955780031054683	-0.00032675703645468346	-0.0012223350395601518
755.7775551102204	-0.0012389876832417102	-0.0012078337821961327	-0.0012234107327189214	-1.5576950522788735e-05
757.7815631262524	-0.003522160038046618	0.0007501942200294209	-0.0013859829090085984	-0.0021361771290380194
759.7855711422845	-0.0038739846628834673	0.0003704405510498443	-0.0017517720559168115	-0.002122212606966656
761.7895791583165	-0.0024532645420478616	0.0005482350965362315	-0.0009525147227558151	-0.0015007498192920465
763.7935871743488	-0.0030963936569770034	0.0016368219730087397	-0.0007297858419841319	-0.0023666078149928715
765.7975951903805	-0.001613008770910751	0.0021895334659640664	0.0002882623475266577	-0.0019012711184374087
767.8016032064128	-0.002333843743136832	-0.0003038392547503044	-0.0013188414989435682	-0.0010150022441932638
769.8056112224449	-0.0018978681918302431	0.0009428466781924438	-0.00047751075681889965	-0.0014203574350113435
771.8096192384769	0.0007645219349803334	0.0016679747326655558	0.0012162483338229446	-0.00045172639884261123
773.8136272545089	-0.0027871824838789916	0.0009967413708291684	-0.0008952205565249116	-0.00189196192735408
775.817635270541	-9.274468790421153e-05	-0.0007928085466275547	-0.00044277661726588313	0.0003500319293616716
777.8216432865732	-0.00018566788862051098	0.0017548134417992856	0.0007845727765893873	-0.0009702406652098983
779.825651302605	-0.0005355220484870582	-0.0005591551005201811	-0.0005473385745036197	1.1816526016561468e-05
781.8296593186373	-0.0007568216271236494	0.0006307749148453112	-6.30233561391691e-05	-0.0006937982709844803
783.8336673346694	8.975582399539661e-07	-0.0016065661010185028	-0.0008028342713892744	0.0008037318296292284
785.8376753507014	-0.0006775032524160007	-0.002051490949645851	-0.001364497101030926	0.0006869938486149252
787.8416833667334	-0.0007643410585498334	0.00021753913490774046	-0.00027340096182104645	-0.0004909400967287869
789.8456913827655	-0.0003930000570964154	-0.00046712752823685477	-0.0004300637926666351	3.706373557021969e-05
791.8496993987977	0.000684128996020883	0.0018353843881204757	0.0012597566920706793	-0.0005756276960497964
793.8537074148295	0.0014842796683420811	0.0015870475542791862	0.0015356636113106337	-5.138394296855253e-05
795.8577154308617	-0.0008540397514040787	-0.0002170033826252027	-0.0005355215670146407	-0.000318518184389438
797.8617234468937	0.00011978274951940371	-0.0007249490722951446	-0.00030258316138787045	0.00042236591090727416
799.8657314629259	-0.00107390558094278	-0.0013840129863125217	-0.0012289592836276508	0.00015505370268487084
801.8697394789579	-0.0016371828840129332	0.001125471499228592	-0.00025585569239217065	-0.0013813271916207626
803.8737474949899	-0.0030258502884872307	-0.001083217490255528	-0.0020545338893713794	-0.0009713163991158513
805.877755511022	-0.0023454804489817516	0.001385087451494682	-0.00048019649874353476	-0.0018652839502382168
807.881763527054	-0.0006997048144381512	0.0003179816812373115	-0.00019086156660041986	-0.0005088432478377314
809.8857715430862	-0.0013800735332105685	0.0019046745232065287	0.00026230049499798014	-0.0016423740282085486
811.8897795591182	-0.001099868335751264	0.0009319258934792352	-8.39712211360144e-05	-0.0010158971146152496
813.8937875751503	-0.001053139379368906	0.0012221560125691422	8.450831660011815e-05	-0.001137647695969024
815.8977955911823	-0.0028314079622322463	0.002026423323470139	-0.0004024923193810537	-0.0024289156428511927
817.9018036072143	-0.0014823063257847213	0.0001448473247591675	-0.0006687295005127769	-0.0008135768252719444
819.9058116232464	-0.0033022937073694525	1.826279146288634e-05	-0.001642015457953283	-0.0016602782494161694
821.9098196392785	-0.001057794345240337	-0.0019046754990152959	-0.0014812349221278165	0.0004234405768874794
823.9138276553107	-0.001449898608013589	-0.0007509118968089812	-0.001100405252411285	-0.0003494933556023039
825.9178356713425	-0.0019372582220729129	-0.0005324765252487929	-0.0012348673736608529	-0.00070239084841206
827.9218436873747	0.00017259915283918126	-0.0028006118226520105	-0.0013140063349064146	0.0014866054877455959
829.9258517034068	-0.0002733997981636538	0.0004954152259653011	0.00011100771390082365	-0.00038440751206447743
831.9298597194388	-0.0005799241856514481	-0.00047428925980752545	-0.0005271067227294868	-5.281746292196132e-05
833.9338677354708	-0.000934969838430888	0.0006724899159760156	-0.0001312399612274362	-0.0008037298772034518
835.9378757515029	-0.0007720389070884348	-0.0010774892943368197	-0.0009247641007126273	0.00015272519362419246
837.9418837675352	-2.202226257752571e-05	-0.0006039157697972364	-0.00031296901618738104	0.00029094675360985534
839.9458917835669	-0.0010905604381004075	0.00037330771079302494	-0.00035862636365369127	-0.0007319340744467162
841.9498997995992	-0.0015156095545989512	-0.0003718765481914854	-0.0009437430513952183	-0.0005718665032037329
843.9539078156313	-0.0014864269787506768	0.002807416440650856	0.0006604947309500897	-0.0021469217097007665
845.9579158316633	-0.001320273362756641	-0.0006782192745462545	-0.0009992463186514478	-0.0003210270441051932
847.9619238476953	-0.00035683504780581465	0.000761117333167638	0.00020214114268091166	-0.0005589761904867263
849.9659318637274	0.0011978088507043072	-0.0008458063932315074	0.0001760012287363999	0.0010218076219679073
851.9699398797596	0.0008289749136063396	0.0011444530236064399	0.0009867139686063897	-0.00015773905500005014
853.9739478957914	-0.0012248428409129541	-0.0009007721210678721	-0.0010628074809904131	-0.00016203535992254103
855.9779559118236	-0.0005613033615634588	-0.000493985230499705	-0.0005276442960315819	-3.365906553187692e-05
857.9819639278556	0.00025334522475062293	-0.000770069416360597	-0.00025836209580498704	0.00051170732055561
859.9859719438879	0.003132559672765156	-0.0010338012555612952	0.0010493792086019305	0.0020831804641632257
861.9899799599198	-0.0004449263586880914	-0.0006501100799101156	-0.0005475182192991035	0.00010259186061101211
863.9939879759518	-4.7983326881384514e-05	-3.2222511376911456e-06	-2.560278900953783e-05	-2.2380537871846684e-05
865.9979959919841	-0.0003469872095973603	0.00026713345806217426	-3.992687576759302e-05	-0.0003070603338297673
868.0020040080159	-0.0005088432156830081	0.0020830008300349867	0.0007870788071759893	-0.0012959220228589974
870.0060120240481	-0.0005351629200434083	0.0006411577717937433	5.2997425875167536e-05	-0.0005881603459185758
872.0100200400801	-0.0022310711355477686	-0.00025513958289291594	-0.0012431053592203423	-0.0009879657763274263
874.0140280561124	-0.002963720832018124	6.24863140801235e-05	-0.0014506172589690003	-0.0015131035730491238
876.0180360721442	-0.001999925523109569	-7.018680280634904e-05	-0.001035056162957959	-0.0009648693601516101
878.0220440881762	-0.001068539514673894	0.00041789114812118555	-0.00032532418327635426	-0.0007432153313975398
880.0260521042084	-0.00294313207742003	-0.0006578091055746693	-0.0018004705914973496	-0.0011426614859226802
882.0300601202404	-0.0007389168863289886	0.0010576151701024994	0.00015934914188675542	-0.000898266028215744
884.0340681362726	-0.0009240473434326546	0.000261225603956472	-0.0003314108697380913	-0.0005926364736945633
886.0380761523046	-0.0016882093635584017	0.00048646361086635004	-0.0006008728763460258	-0.0010873364872123759
888.0420841683366	-0.0019189980517466676	0.00039067309586848786	-0.0007641624779390899	-0.0011548355738075777
890.0460921843687	-0.001305590459981465	0.0008282580189915567	-0.00023866622049495412	-0.0010669242394865108
892.0501002004007	-0.0006286233022745336	0.0004997121241174796	-6.4455589078527e-05	-0.0005641677131960066
894.0541082164328	-0.0020906991955893517	3.168857740210029e-05	-0.0010295053090936257	-0.001061193886495726
896.0581162324648	-0.0020754823725432914	-0.0011591339441383575	-0.0016173081583408244	-0.00045817421420246696
898.0621242484971	-0.002055250963676425	7.43029663237138e-05	-0.0009904739986763555	-0.0010647769650000694
900.0661322645288	-0.0017114851473416515	-7.00074678836593e-05	-0.0008907463076126554	-0.0008207388397289961
902.0701402805611	-0.0021120077844209995	0.000837211336627508	-0.0006373982238967457	-0.0014746095605242537
904.0741482965932	-0.001254026842973932	0.001584900756082419	0.0001654369565542435	-0.0014194637995281756
906.0781563126252	-0.0009201084030283635	-0.0004084009451508219	-0.0006642546740895927	-0.0002558537289387708
908.0821643286572	-0.0017385210437481646	-0.00034734595528584933	-0.001042933499517007	-0.0006955875442311577
910.0861723446893	0.0007553884063897787	0.0006701640535158315	0.0007127762299528051	4.261217643697357e-05
912.0901803607215	-0.0017575000667660046	-0.000134641993129625	-0.0009460710299478148	-0.0008114290368181898
914.0941883767533	-0.00047088707911702166	-0.0004877165622449997	-0.0004793018206810107	8.414741563989026e-06
916.0981963927856	0.0011931522149215557	0.0009421326350136372	0.0010676424249675964	0.00012550978995395923
918.1022044088177	-0.0009924423508513858	-0.0006508260989976922	-0.000821634224924539	-0.0001708081259268468
920.1062124248497	-0.0007770543512293226	-0.001229678302075099	-0.0010033663266522108	0.00022631197542288817
922.1102204408817	-0.000836139311293449	-0.0019164926557657669	-0.001376315983529608	0.000540176672236159
924.1142284569138	0.0009057855111209712	0.0018479162787361503	0.0013768508949285607	-0.00047106538380758955
926.1182364729457	-0.0004477902163313452	-0.00011333579204286792	-0.00028056300418710656	-0.00016722721214423864
928.1222444889778	0.0014624342114901712	0.0005761647415798432	0.0010192994765350072	0.000443134734955164
930.12625250501	-0.0006035578950320808	-0.00018495233534232547	-0.00039425511518720313	-0.00020930277984487766
932.1302605210421	-0.0007031061851847653	-0.00018996602503840165	-0.0004465361051115835	-0.00025657008007318183
934.134268537074	-0.00037277103563004843	0.0003534328952841115	-9.669070172968475e-06	-0.00036310196545707996
936.1382765531062	-0.0012187544404647088	-0.000741781180936707	-0.000980267810700708	-0.00023848662976400092
938.1422845691383	0.0009963816859803742	0.0004316762750105063	0.0007140289804954403	0.00028235270548493396
940.1462925851702	-0.0018908885500212858	0.0015557172774125494	-0.00016758563630436818	-0.0017233029137169176
942.1503006012023	-0.0012003126380148998	-0.0007759771982671637	-0.0009881449181410318	-0.00021216771987386807
944.1543086172345	-0.0019086124532328164	0.0004912974899333733	-0.0007086574816497215	-0.0011999549715830948
946.1583166332666	-0.001034160338982737	0.000641694766198242	-0.0001962327863922475	-0.0008379275525904895
948.1623246492985	-0.0007851110665368921	-0.0002451114429904422	-0.0005151112547636671	-0.00026999981177322496
950.1663326653306	-0.001974143051119981	-0.0005969339637528215	-0.0012855385074364012	-0.0006886045436835797
952.1703406813626	-0.00272129629904283	0.00035504382793849487	-0.0011831262355521677	-0.0015381700634906625
954.1743486973946	-0.0018799672143583468	-3.11545921285461e-05	-0.0009555609032434464	-0.0009244063111149003
956.1783567134268	-0.0012959214966665744	1.002638596436789e-05	-0.0006429475553511033	-0.0006529739413154712
958.182364729459	-0.001567174301504659	-0.0001903225707289291	-0.0008787484361167941	-0.000688425865387865
960.1863727454908	0.00024654387730271843	0.0007686371314015172	0.0005075905043521178	-0.0002610466270493994
962.190380761523	-0.0016900010301656998	0.0009885030947094364	-0.0003507489677281317	-0.0013392520624375681
964.194388777555	-0.000342333240212378	-0.00022595227143118457	-0.0002841427558217813	-5.819048439059671e-05
966.1983967935871	-0.0021587366265571895	-0.00044528285338829576	-0.0013020097399727426	-0.0008567268865844468
968.2024048096191	-0.0011573421957371544	0.0005682870132543982	-0.00029452759124137806	-0.0008628146044957763
970.2064128256512	-0.0017061146591277332	0.0011081074341443564	-0.0002990036124916884	-0.0014071110466360448
972.2104208416835	-0.0001794031017330333	-0.0018516755400894702	-0.0010155393209112518	0.0008361362191782185
974.2144288577152	-0.0005552169508864502	-5.962187199104463e-05	-0.0003074194114387474	-0.0002477975394477028
976.2184368737475	0.0002990039425954105	0.0006732059792839973	0.0004861049609397039	-0.00018710101834429338
978.2224448897795	-0.0007605811980297972	0.0017016366863984445	0.00047052774418432364	-0.0012311089422141208
980.2264529058116	-0.0011100749843890867	0.0010348769941912472	-3.759899509891973e-05	-0.001072475989290167
982.2304609218436	-0.0012801659795613762	-0.0006230733261400889	-0.0009516196528507326	-0.00032854632671064365
984.2344689378757	-0.002938116426970394	-0.001348920063461323	-0.0021435182452158585	-0.0007945981817545356
986.2384769539077	-9.525091163564703e-05	-0.00011387134999618631	-0.00010456113081591667	9.310219180269641e-06
988.2424849699397	-0.0015478390746510584	0.0004710666041596312	-0.0005383862352457136	-0.0010094528394053448
990.2464929859719	-0.0008248569165694164	-5.191616238242602e-06	-0.0004150242664038295	-0.0004098326501655869
992.250501002004	0.0009206468519615818	0.0004991762845256709	0.0007099115682436263	0.00021073528371795547
994.2545090180361	-0.001162714203969628	-0.0008619196776429305	-0.0010123169408062793	-0.00015039726316334878
996.2585170340681	-0.0010366663200886972	0.00028109811752075053	-0.00037778410128397333	-0.0006588822188047239
998.2625250501002	-0.00043973249433304495	0.002263836450830281	0.0009120519782486181	-0.001351784472581663
1000.2665330661322	-0.0013460558055669036	-0.00016543859790174587	-0.0007557472017343247	-0.0005903086038325789
1002.2705410821642	-0.0009222570436540067	-0.0013587684065039518	-0.0011405127250789793	0.00021825568142497254
1004.2745490981964	-0.0021019812509928126	-0.0015695025452731048	-0.0018357418981329587	-0.0002662393528598539
1006.2785571142284	-0.0012072956456850026	-0.0002605076342645507	-0.0007339016399747766	-0.00047339400571022594
1008.2825651302604	-0.002844118017841568	0.0006271938475410632	-0.0011084620851502525	-0.0017356559326913157
1010.2865731462925	-0.0017079029989790495	0.00027232668808774285	-0.0007177881554456533	-0.0009901148435333962
1012.2905811623244	-0.001349816250085123	-0.00019891758432732942	-0.0007743669172062262	-0.0005754493328788968
1014.2945891783567	-0.00251825928252547	-0.0009090101769100301	-0.00171363472971775	-0.00080462455280772
1016.2985971943887	-0.001211950508934967	0.0007851076884233255	-0.00021342141025582073	-0.0009985290986791462
1018.3026052104209	-0.002366250061118347	-0.00040392462075322655	-0.0013850873409357867	-0.0009811627201825601
1020.3066132264527	0.00044009006975542775	-0.0008035511361437209	-0.00018173053319414656	0.0006218206029495743
1022.3106212424849	-0.0025336565053912796	-8.934437269325635e-05	-0.001311500439042268	-0.0012221560663490116
1024.314629258517	0.0005858334381525498	0.0009353268051126573	0.0007605801216326036	-0.00017474668348005373
1026.3186372745488	-0.0017130961042486348	0.0003061655051923573	-0.0007034652995281387	-0.001009630804720496
1028.322645290581	-0.0026688354773005685	-5.084959301715486e-05	-0.0013598425351588617	-0.0013089929421417068
1030.326653306613	-0.001261546855176876	0.0008468790477278443	-0.00020733390372451588	-0.0010542129514523602
1032.3306613226453	-0.0010266399472376175	0.00039783511289237516	-0.0003144024171726212	-0.0007122375300649963
1034.3346693386773	-0.0016794351218141212	-0.0003491383430513917	-0.0010142867324327565	-0.0006651483893813648
1036.3386773547095	0.000841331324725747	-0.0007625505514350372	3.939038664535488e-05	0.0008019409380803921
1038.3426853707415	-0.0038324460022720608	-0.00015630629487661807	-0.0019943761485743394	-0.0018380698536977214
1040.3466933867733	-4.315062663606817e-05	-0.0003704427311845837	-0.00020679667891032594	0.00016364605227425777
1042.3507014028055	0.0009621846576859383	3.939000395192238e-06	0.00048306182904056527	0.00047912282864537303
1044.3547094188375	-0.0010065877766620712	0.0019734274939435803	0.00048341985864075454	-0.0014900076353028258
1046.3587174348695	0.0010438268136674367	0.00017260041335820375	0.0006082136135128202	0.00043561320015461646
1048.3627254509017	-0.0012701421981720085	-0.0003595212805318493	-0.0008148317393519289	-0.0004553104588200796
1050.3667334669337	-0.0012681712385016475	0.0003686521858519143	-0.0004497595263248666	-0.0008184117121767809
1052.370741482966	-0.002724159088794753	0.0010909175244968594	-0.0008166207821489468	-0.0019075383066458063
1054.3747494989977	0.00038029069680156624	-0.00029864704529014574	4.082182575571025e-05	0.000339468871045856
1056.37875751503	-0.0022282066690892943	-0.0003990900553769716	-0.001313648362233133	-0.0009145583068561614
1058.382765531062	-0.00022863980723930588	9.113338694910489e-05	-6.87532101451005e-05	-0.00015988659709420538
1060.386773547094	6.087482739958183e-05	0.0008579788623974682	0.00045942684489852503	-0.0003985520174989432
1062.3907815631262	-0.0023626691545894918	-0.0007945980188941437	-0.0015786335867418178	-0.000784035567847674
1064.3947895791582	-0.0014767579370518202	0.002056860324551435	0.00029005119374980737	-0.0017668091308016276
1066.3987975951904	0.0004175309462242094	-0.000812502872816756	-0.00019748596329627333	0.0006150169095204827
1068.4028056112222	-0.0013467709029784114	0.0007770531409205805	-0.00028485888102891543	-0.001061912021949496
1070.4068136272545	-0.0008483129254108768	-0.0006621053313944358	-0.0007552091284026563	-9.310379700822047e-05
1072.4108216432865	-0.0007444671417482507	0.00032478656893952795	-0.00020984028640436136	-0.0005346268553438893
1074.4148296593185	-0.0030188677640672346	0.00029237976283447153	-0.0013632440006163815	-0.001655623763450853
1076.4188376753507	-0.0025470852197693183	0.00024672197941111307	-0.0011501816201791026	-0.0013969035995902157
1078.4228456913827	-0.0019811268267140303	0.0011782910339370734	-0.00040141789638847847	-0.0015797089303255518
1080.426853707415	-0.0003910315303994327	0.0005471609774250208	7.806472351279403e-05	-0.00046909625391222676
1082.4308617234467	0.00025137827147059255	6.123211595987499e-05	0.00015630519371523377	9.507307775535878e-05
1084.434869739479	-0.0015848995616596362	-0.00011279673362141196	-0.0008488481476405241	-0.0007360514140191121
1086.438877755511	-0.0009947687095848146	-0.00033552889165999744	-0.000665148800622406	-0.00032961990896240856
1088.442885771543	-0.0018031542167371573	0.0006164495412692705	-0.0005933523377339434	-0.001209801879003214
1090.4468937875752	-0.0015322603016181269	-0.0011365725848273556	-0.0013344164432227412	-0.00019784385839538565
1092.4509018036072	-0.001963221488668676	-0.000744287637234553	-0.0013537545629516146	-0.0006094669257170615
1094.4549098196392	0.0003450182103683641	0.00042881324699739487	0.0003869157286828795	-4.189751831451538e-05
1096.4589178356712	8.755201369203824e-05	-0.0002648067217647654	-8.862735403636357e-05	0.00017617936772840181
1098.4629258517034	-0.00010724792075067491	-4.45812563028003e-05	-7.59145885267376e-05	-3.1333332223937305e-05
1100.4669338677354	-0.0017528452354171886	0.0003183412297789179	-0.0007172520028191354	-0.0010355932325980532
1102.4709418837674	-0.002270820885976521	-0.0003092088540215254	-0.0012900148699990233	-0.0009808060159774978
1104.4749498997996	-0.0017025333529303577	-0.00208389723467417	-0.001893215293802264	0.00019068194087190626
1106.4789579158314	-0.0013333444541718809	-5.568168328440315e-05	-0.000694513068728142	-0.0006388313854437389
1108.4829659318636	-0.001948181837490237	0.00034537641029674937	-0.0008014027135967439	-0.0011467791238934932
1110.4869739478956	-0.001480338606341114	0.00019479967122348896	-0.0006427694675588125	-0.0008375691387823014
1112.4909819639279	-0.0008024768355929801	0.0012733632855401744	0.00023544322497359715	-0.0010379200605665773
1114.4949899799599	-0.0006404422663068843	0.0013025474546495275	0.0003310525941713216	-0.0009714948604782059
1116.4989979959919	-0.0027230870293348808	-0.00019605246620102434	-0.0014595697477679526	-0.0012635172815669282
1118.5030060120241	-0.0008787486056545113	0.00019444101693766314	-0.0003421537943584241	-0.0005365948112960872
1120.507014028056	-0.0013163334459362908	0.001291269484895441	-1.2531980520424923e-05	-0.0013038014654158658
1122.5110220440881	-0.001308992750981064	-0.0015388869946855177	-0.0014239398728332908	0.00011494712185222689
1124.5150300601201	-0.0024342864605049197	-0.0013399667974802743	-0.001887126628992597	-0.0005471598315123227
1126.5190380761524	-0.0016747806996317838	0.000811071093365312	-0.0004318548031332359	-0.001242925896498548
1128.5230460921844	-0.0025628406542728133	-0.000666402895978413	-0.0016146217751256131	-0.0009482188791472002
1130.5270541082164	-0.0012611876464694305	-0.0004655141273781638	-0.0008633508869237971	-0.00039783675954563336
1132.5310621242486	-0.001338176023691462	-0.0006245071324533225	-0.0009813415780723922	-0.00035683444561906974
1134.5350701402804	-0.0026989142038882363	-0.00130021946758907	-0.001999566835738653	-0.0006993473681495832
1136.5390781563126	-0.003342756562331628	-0.0009364029421778941	-0.002139579752254761	-0.001203176810076867
1138.5430861723446	-0.002062412944404679	-0.00029417070969040005	-0.0011782918270475395	-0.0008841211173571395
1140.5470941883768	-0.00025621151078447646	-0.0003049116361630855	-0.00028056157347378097	2.4350062689304508e-05
1142.5511022044088	-5.372072548803786e-06	0.0014237613058034615	0.0007091946166273289	-0.0007145666891761326
1144.5551102204408	-0.003710695525565688	-0.0008660379853588918	-0.00228836675546229	-0.0014223287701033982
1146.559118236473	-0.0010950353439429517	0.00020804902464877095	-0.00044349315964709035	-0.0006515421842958613
1148.5631262525048	-0.0015865118054829708	0.0008101763979326826	-0.0003881677037751441	-0.0011983441017078267
1150.5671342685368	-0.0008443739005699058	-0.0005317626152705479	-0.0006880682579202269	-0.00015630564264967894
1152.571142284569	-0.0011075676812484225	0.0010828608143600427	-1.2353433444189932e-05	-0.0010952142478042326
1154.575150300601	-0.0021039499538830775	-0.001370940540575738	-0.0017374452472294077	-0.00036650470665366974
1156.5791583166333	-0.0019723528633952547	0.0015157895237445373	-0.0002282816698253587	-0.001744071193569896
1158.5831663326653	-0.0017576788087532158	0.0005111705400726585	-0.0006232541343402787	-0.0011344246744129372
1160.5871743486975	-0.0009428471825885243	0.0007763362852986067	-8.325544864495882e-05	-0.0008595917339435655
1162.5911823647293	-0.0010325485274027546	0.0006655091455838313	-0.00018351969090946163	-0.000849028836493293
1164.5951903807613	-0.001257246776310339	-0.00010563579923950073	-0.0006814412877749199	-0.0005758054885354191
1166.5991983967936	-0.00035074668178469715	0.0014898294607179619	0.0005695413894666324	-0.0009202880712513295
1168.6032064128256	-0.001342831698408542	0.001384372693300051	2.0770497445754543e-05	-0.0013636021958542965
1170.6072144288578	9.238515361986721e-05	-0.0002606892913290526	-8.41520688545927e-05	0.0001765372224744599
1172.6112224448898	-0.0006146609915753665	0.0004438501089656377	-8.540544130486438e-05	-0.0005292555502705021
1174.615230460922	-0.00207100642193514	-0.00043633003408882765	-0.0012536682280119837	-0.0008173381939231561
1176.6192384769538	-0.0013713021128196612	0.00037008455623488423	-0.0005006087782923885	-0.0008706933345272727
1178.6232464929858	-0.0009204681914447566	-0.00015236660856676743	-0.000536417400005762	-0.00038405079143899457
1180.6272545090178	-0.0016126529375757315	0.003072221771163619	0.0007297844167939438	-0.0023424373543696753
1182.63126252505	-6.230749050439854e-05	0.000560767702782794	0.0002492301061391977	-0.00031153759664359626
1184.635270541082	-0.0028310498233972137	0.00012497135907652002	-0.0013530392321603468	-0.0014780105912368668
1186.6392785571143	-0.0009007713480437829	0.0007618336896531019	-6.946882919534048e-05	-0.0008313025188484424
1188.6432865731465	-0.0007421370469182786	0.000707045565958131	-1.7545740480073846e-05	-0.0007245913064382048
1190.6472945891783	-0.002007086606914399	-0.0003652511423140048	-0.0011861688746142018	-0.000820917732300197
1192.6513026052103	-0.0005108117583489946	0.0008273642614822219	0.00015827625156661362	-0.0006690880099156082
1194.6553106212423	-0.002862203642554295	0.000603380305978618	-0.0011294116682878386	-0.0017327919742664566
1196.6593186372745	-0.0017247353234650653	0.0008338095888880126	-0.00044546286728852635	-0.001279272456176539
1198.6633266533065	-0.0021422674285227483	0.000797641150358297	-0.0006723131390822257	-0.0014699542894405226
1200.6673346693387	-0.0013075602574872391	-6.893147438136182e-05	-0.0006882458659343005	-0.0006193143915529387
1202.671342685371	-0.0008576229804573288	0.0008705136408768688	6.445330209770006e-06	-0.0008640683106670988
1204.6753507014027	-0.002777514744153109	-0.00015558928113534876	-0.0014665520126442289	-0.00131096273150888
1206.6793587174348	-0.0028618435269049947	0.000550741026514423	-0.0011555512501952858	-0.0017062922767097088
1208.6833667334668	-0.002638932511155545	0.0003740253982718045	-0.0011324535564418703	-0.0015064789547136748
1210.6873747494988	-0.002839283478538679	-0.00039210713861193014	-0.0016156953085753045	-0.0012235881699633744
1212.691382765531	-0.002635174997727363	-0.0004028485329896636	-0.0015190117653585133	-0.0011161632323688497
1214.695390781563	-0.0012459715688859507	0.0010970044334699391	-7.44835677080058e-05	-0.001171488001177945
1216.6993987975954	-0.001477474893124553	0.0005808211242193106	-0.00044832688445262114	-0.0010291480086719318
1218.7034068136272	-0.0030011411757895345	0.0006116164922884693	-0.0011947623417505326	-0.001806378834039002
1220.7074148296592	-0.002579849598188133	-0.0013670048421867698	-0.0019734272201874514	-0.0006064223780006817
1222.7114228456912	-0.003530394764016842	0.0006262942779737823	-0.0014520502430215299	-0.002078344520995312
1224.7154308617232	-0.002592740002935301	-0.001113119482944569	-0.001852929742939935	-0.000739810259995366
1226.7194388777555	-0.001540854961078475	0.0007713239084023993	-0.00038476552633803784	-0.0011560894347404371
1228.7234468937875	-0.0022507664787714265	-0.001121712596453106	-0.0016862395376122663	-0.0005645269411591602
1230.72745490982	-0.0014004837979579854	-0.0011949424112702722	-0.0012977131046141288	-0.00010277069334385658
1232.7314629258517	-0.0017976054017521115	-0.00041108513444632067	-0.001104345268099216	-0.0006932601336528954
1234.7354709418837	-0.0007670269853017331	9.525301775381578e-05	-0.00033588698377395865	-0.00043114000152777443
1236.7394789579157	-0.0037056813423348434	-0.0023531810477750437	-0.0030294311950549435	-0.0006762501472798998
1238.7434869739477	-0.0010910969650708147	-0.0003942552100051344	-0.0007426760875379745	-0.0003484208775328401
1240.7474949899797	-0.0014303843912235603	-0.0011317370399865911	-0.0012810607156050757	-0.00014932367561848459
1242.751503006012	-0.0017709269196393151	-0.0004570993943389112	-0.0011140131569891132	-0.000656913762650202
1244.755511022044	-0.0020724372997640295	0.001756247108986475	-0.0001580950953887772	-0.0019143422043752523
1246.7595190380762	-0.001621065242073616	-0.0019687703229469555	-0.0017949177825102858	0.00017385254043666976
1248.7635270541082	-0.0010449008234370005	-0.0007666656018017193	-0.0009057832126193599	-0.00013911761081764062
1250.7675350701402	-0.0007876154717507688	-0.0004445655670548554	-0.0006160905194028121	-0.00017152495234795673
1252.7715430861722	-0.0008543986876445864	-0.0006495724290620508	-0.0007519855583533186	-0.00010241312929126778
1254.7755511022042	-0.002649674648341982	3.7421726458486404e-05	-0.0013061264609417478	-0.0013435481874002342
1256.7795591182364	-0.0028340895484784134	-0.0009670175423175387	-0.001900553545397976	-0.0009335360030804374
1258.7835671342684	-0.002591844746546057	0.001903600041321285	-0.000344122352612386	-0.002247722393933671
1260.7875751503007	-0.0012114137048722107	-0.0011691588238695871	-0.001190286264370899	-2.1127440501311767e-05
1262.7915831663327	-3.169050032014731e-05	-0.000520481780977855	-0.00027608614064900117	0.00024439564032885386
1264.7955911823647	-0.0016746008196359963	-0.0014912621756881794	-0.0015829314976620878	-9.166932197390842e-05
1266.7995991983967	-0.0002010645402432676	-0.002067426820351548	-0.0011342456802974077	0.0009331811400541401
1268.8036072144287	-0.0010465127857728351	0.00042129138817892375	-0.0003126106987969557	-0.0007339020869758794
1270.8076152304604	-0.002266164436355078	-0.0004993538470634551	-0.0013827591417092666	-0.0008834052946458115
1272.811623246493	-0.0003849457249374133	0.0012815995205444075	0.0004483268978034971	-0.0008332726227409104
1274.815631262525	-0.0021795061398639515	0.0013845504589784507	-0.00039747784044275036	-0.0017820282994212011
1276.8196392785571	-0.0008569071833801623	0.00023025214585903342	-0.0003133275187605644	-0.0005435796646195978
1278.8236472945891	-0.0009240474645930696	-0.00021646436989586348	-0.0005702559172444666	-0.0003537915473486031
1280.8276553106211	-0.002605273769151095	0.00045065611567296493	-0.0010773088267390651	-0.00152796494241203
1282.8316633266531	-0.00211379588662175	0.0002703584961085692	-0.0009217186952565903	-0.0011920771913651595
1284.835671342685	-0.0009466073550601362	-7.179770109222439e-05	-0.0005092025280761803	-0.0004374048269839559
1286.8396793587174	-0.0036274377873626307	0.00030545124854564065	-0.001660993269408495	-0.0019664445179541357
1288.8436873747494	-0.0007285315141836168	0.0009061441569866435	8.880632140151334e-05	-0.0008173378355851302
1290.8476953907816	-0.0003009744146234006	-0.0015628770415374582	-0.0009319257280804294	0.0006309513134570288
1292.8517034068136	-0.001609608284790287	-8.594013206408846e-05	-0.0008477742084271878	-0.0007618340763630993
1294.8557114228456	-0.002822455945398872	0.0012858974372824683	-0.0007682792540582017	-0.00205417669134067
1296.8597194388776	-0.00013696869866408612	-0.0002644472359680794	-0.00020070796731608276	6.373926865199664e-05
1298.8637274549094	-0.0007845729891060582	-0.0007165365942614077	-0.000750554791683733	-3.401819742232526e-05
1300.8677354709416	-0.0007382000464084548	-0.0016491788319354939	-0.0011936894391719743	0.0004554893927635195
1302.8717434869739	-0.0006699836376702351	0.0010452609084570241	0.00018763863539339454	-0.0008576222730636296
1304.8757515030059	-0.0026312352171491415	0.0005031125650438728	-0.0010640613260526344	-0.0015671738910965072
1306.879759519038	-0.0013251075285503067	-0.0017028914484684687	-0.0015139994885093877	0.00018889195995908103
1308.88376753507	-0.0029209304277648673	-0.0009782991595825852	-0.0019496147936737263	-0.0009713156340911411
1310.887775551102	-5.872506316162429e-05	0.000826828857666495	0.0003840518972524354	-0.00044277696041405967
1312.8917835671339	-0.002022665019889125	-0.0009150956723633641	-0.0014688803461262445	-0.0005537846737628804
1314.895791583166	-0.0013571561132217358	-0.002172167338069686	-0.0017646617256457109	0.0004075056124239751
1316.8997995991983	-0.0012175029341485732	-0.000339468403877774	-0.0007784856690131736	-0.0004390172651353996
1318.9038076152303	-0.0025460108523280844	-0.00044582205486243254	-0.0014959164535952585	-0.001050094398732826
1320.9078156312626	-0.0017965317347734544	-6.015980706686186e-05	-0.0009283457709201581	-0.0008681859638532963
1322.9118236472946	-0.001269963090696269	0.0005104545267613503	-0.0003797542819674593	-0.0008902088087288096
1324.9158316633266	-0.0007621914171920263	0.001714708677590382	0.0004762586301991778	-0.0012384500473912041
1326.9198396793583	-0.002137252168711079	0.0010576146759673222	-0.0005398187463718784	-0.0015974334223392006
1328.9238476953906	-0.0011918978653562284	0.001474788640136282	0.00014144538739002677	-0.0013333432527462552
1330.9278557114226	-0.00196286450675931	-0.001013571118517742	-0.001488217812638526	-0.00047464669412078386
1332.9318637274548	-0.0018647453353513033	0.001903063665817717	1.915916523320682e-05	-0.00188390450058451
1334.9358717434868	-0.002838568375341355	0.0009134838292081948	-0.00096254227306658	-0.0018760261022747748
1336.939879759519	-0.0015290384708976923	-0.0005113504734191032	-0.0010201944721583978	-0.0005088439987392945
1338.943887775551	-0.001087157697846175	0.0007834996301905317	-0.00015182903382782165	-0.0009353286640183534
1340.9478957915828	-0.0012719287119222766	0.0009822394374567889	-0.00014484463723274388	-0.0011270840746895328
1342.951903807615	-0.0032519818533660594	0.0009935162860108537	-0.0011292327836776028	-0.0021227490696884566
1344.955911823647	-0.0004159206814091654	-0.0007310383098055873	-0.0005734794956073763	0.00015755881419821094
1346.9599198396793	-0.0016844476948580933	-0.0005507390732724105	-0.0011175933840652519	-0.0005668543107928414
1348.9639278557113	-0.001551596453501558	-0.001462432586924356	-0.001507014520212957	-4.458193328860105e-05
1350.9679358717435	-0.0006228943350718996	3.401871870201134e-06	-0.00030974623160084924	-0.0003131481034710504
1352.9719438877755	-0.004029569573894554	0.00015433559648481143	-0.001937616988704871	-0.0020919525851896825
1354.9759519038073	-0.0032414180157582795	0.00018763846726455036	-0.0015268897742468646	-0.001714528241511415
1356.9799599198395	-0.002825501231393135	-0.001096649496296509	-0.001961075363844822	-0.000864425867548313
1358.9839679358715	-0.003541318076107025	-0.0008205600071629071	-0.002180939041634966	-0.001360379034472059
1360.9879759519035	-0.0015098800800517065	0.00041054938120077544	-0.0005496653494254655	-0.000960214730626241
1362.9919839679358	-0.002580387166307485	0.00025782336141677575	-0.0011612819024453547	-0.0014191052638621304
1364.995991983968	-0.0010135706217213603	-0.001303621704208613	-0.0011585961629649866	0.00014502554124362632
1367.0	-0.0018904404802453367	0.0006901270932997416	-0.0006001566934727975	-0.0012902837867725392
1372.1777777777777	-0.001593494205462731	0.0001529034654097483	-0.0007202953700264914	-0.0008731988354362397
1377.3555555555556	-0.0006264751563218596	-0.0005580813650380989	-0.0005922782606799792	-3.419689564188033e-05
1382.5333333333335	0.00014914294885737256	-3.240659366832155e-05	5.8368177594525505e-05	9.077477126284705e-05
1387.711111111111	-0.0029216464490464666	-0.0006674751870603401	-0.0017945608180534034	-0.0011270856309930632
1392.888888888889	-0.0016336004153769679	-0.00026570209447385196	-0.0009496512549254099	-0.000683949160451558
1398.0666666666666	-0.002136177314562504	-0.0009559182664331534	-0.0015460477904978287	-0.0005901295240646753
1403.2444444444445	-0.0024838824097273005	-0.00019640998215031402	-0.0013401461959388072	-0.0011437362137884932
1408.4222222222222	-0.002256853409168258	-0.00042594539369789075	-0.0013413994014330743	-0.0009154540077351836
1413.5999999999997	-0.0022004545452505297	0.00021019893407636658	-0.0009951278055870816	-0.0012053267396634482
1418.777777777778	-0.0015055836329647132	-0.0014987807629271988	-0.001502182197945956	-3.401435018757226e-06
1423.9555555555555	-0.0022292830371830608	-0.0008871649252457647	-0.0015582239812144127	-0.000671059055968648
1429.1333333333334	-0.0011628928508182756	-0.0007697117964655664	-0.000966302323641921	-0.0001965905271763546
1434.3111111111111	-0.0021796861941876244	-0.0004683808685421731	-0.0013240335313648988	-0.0008556526628227257
1439.4888888888888	-0.0022181796815268218	-0.0016763926735567924	-0.001947286177541807	-0.00027089350398501466
1444.6666666666667	-0.002648424684427164	-0.0008626335522581297	-0.001755529118342647	-0.0008928955660845173
1449.8444444444442	-0.0042616143512139715	-0.0011064926279353848	-0.002684053489574678	-0.0015775608616392933
1455.0222222222221	-0.001975038935064788	0.0006662250256628255	-0.0006544069547009812	-0.0013206319803638067
1460.2	-0.002431959657457794	0.00018889285663292732	-0.0011215334004124333	-0.0013104262570453606
1465.3777777777777	-0.001768419363520346	0.0007113442099295764	-0.0005285375767953848	-0.0012398817867249612
1470.5555555555557	-0.0027118038621112284	-0.0012504446044725448	-0.0019811242332918866	-0.0007306796288193418
1475.7333333333333	-0.0021243611268537688	0.0005792070858279263	-0.0007725770205129212	-0.0013517841063408476
1480.9111111111113	-0.00268709658806654	0.000774186171642155	-0.0009564552082121924	-0.0017306413798543474
1486.0888888888887	-0.0015598330317385667	0.00194836079714511	0.00019426388270327166	-0.0017540969144418384
1491.2666666666667	-0.0028713321592293006	0.000494341712290236	-0.0011884952234695323	-0.0016828369357597683
1496.4444444444443	-0.0024020568580032098	-0.000994054070606154	-0.001698055464304682	-0.0007040013936985279
1501.6222222222223	-0.0017335068900901085	0.0008071360819714712	-0.00046318540405931863	-0.0012703214860307899
1506.8	-0.0023325900839985536	0.0015673543767813491	-0.00038261785360860223	-0.0019499722303899514
1511.9777777777779	-0.003058256819376437	-0.0012724671980752778	-0.0021653620087258574	-0.0008928948106505796
1517.1555555555558	-0.0017832828310941906	0.000526390358419615	-0.0006284462363372878	-0.0011548365947569028
1522.3333333333333	-0.0021087845978127184	-7.662972177646665e-05	-0.0010927071597945925	-0.0010160774380181259
1527.5111111111112	-0.0014493630187384365	-0.001008915848026204	-0.0012291394333823202	-0.0002202235853561163
1532.6888888888889	-0.002500532351619844	-0.000820022761395256	-0.00166027755650755	-0.0008402547951122941
1537.8666666666668	-0.0003414382088287038	-0.0003106431993369352	-0.0003260407040828195	-1.5397504745884305e-05
1543.0444444444445	-0.0014638666888413532	-0.00026032979190659944	-0.0008620982403739763	-0.0006017684484673769
1548.222222222222	-0.0015779176740204903	-0.002063485254914177	-0.0018207014644673336	0.00024278379044684328
1553.4000000000003	-0.000297211239336459	-0.0008945042501982137	-0.0005958577447673363	0.00029864650543087734
1558.5777777777778	-0.001642911968571914	0.0005468013538363348	-0.0005480553073677896	-0.0010948566612041244
1563.7555555555555	-0.002666506116792977	-0.0009355066242386911	-0.0018010063705158341	-0.000865499746277143
1568.9333333333334	-0.00205525019749353	-0.0009698831010738207	-0.0015125666492836753	-0.0005426835482098546
1574.111111111111	-0.0022056485022940997	0.0012660240216169072	-0.00046981224033859625	-0.0017358362619555034
1579.288888888889	-0.0007978196327591558	-0.0007548515377020504	-0.0007763355852306031	-2.1484047528552708e-05
1584.4666666666665	-0.00360827851444534	-0.0002572853014275456	-0.0019327819079364428	-0.0016754966065088972
1589.6444444444444	-0.003420462609768249	0.0004189650619259577	-0.0015007487739211456	-0.0019197138358471033
1594.8222222222223	-0.0023368873637583665	-0.0004232586719192799	-0.0013800730178388232	-0.0009568143459195433
1600.0	-0.0018207027445471535	0.0007901241369225875	-0.000515289303812283	-0.0013054134407348705
