# time (ps)	 data plus loopwise
200.0	0.0002610439211781779	0.002730758951436263
201.00100100100101	0.0034687734507692636	-0.001228949111398342
202.002002002002	-0.002230156389893767	0.00021162833618787458
203.00300300300304	0.0014771024945380296	-0.005138168354920175
204.00400400400403	0.0013347637032739001	2.3633603094735944e-05
205.00500500500502	0.00040016061124550917	-0.005395989664484291
206.006006006006	0.0009362144104301806	-0.0009313807138740318
207.00700700700702	-0.00279199203045824	-0.0016027893427378662
208.008008008008	-0.0029251999442401755	-0.006147972948264885
209.00900900900902	0.003909218279312898	-0.003109972764422867
210.01001001001	0.004982400317037061	-0.0008400688734129799
211.011011011011	0.003454807884497979	0.0015673406682822633
212.01201201201198	0.002804883281102344	0.0013965337469150092
213.01301301301302	0.0037271325134525246	0.00018692084182593484
214.014014014014	0.0023794774693762233	0.004471055533817367
215.01501501501502	-0.0009405112793411385	-0.00038458381127234875
216.016016016016	0.00020410866008607753	0.004526916544150161
217.01701701701703	-0.0017488889814235575	-0.0011236722995071335
218.018018018018	0.0002631925235651589	-0.0025943285198810617
219.01901901901905	0.00033624174596066925	0.006523957475374265
220.02002002002004	0.005133333157736675	-0.0004049945785302156
221.02102102102103	0.0027049770170397003	-0.0014341321017705688
222.022022022022	0.001121523458339907	0.0018681314720830344
223.02302302302303	0.0005000666349498639	-0.0024074078679898747
224.02402402402402	0.004367926322374274	0.003002545789815625
225.02502502502503	0.002101782389480597	-0.0020238986088741695
226.02602602602602	0.003537526176810593	-0.0015211465772025368
227.027027027027	0.0036669727246675665	-0.0008400682317644403
228.028028028028	-0.0006128633802805206	0.0027307600147467997
229.02902902902906	-0.001469583216306955	-0.00020733137289966064
230.03003003003005	0.003849597988746664	0.0022355274739552927
231.03103103103103	-0.004060688524504752	0.0013836420064103402
232.03203203203202	-0.0006579819977523271	0.009208527846772502
233.03303303303304	-0.002247880999436652	0.00273398242121653
234.03403403403408	-0.0006483137643446824	0.002973541369127447
235.03503503503507	-0.002645355926522569	0.0033151548377943485
236.03603603603605	-0.00032925937160377394	0.008582233007033452
237.03703703703704	0.0024068709232830943	0.005843953885331377
238.03803803803808	0.004431307495435716	0.00234187838390551
239.03903903903904	0.0007858173852772765	0.005146761909975067
240.04004004004003	-0.002989657475077595	-0.00026749021133276596
241.04104104104104	0.001539946662461579	-7.519807002998036e-05
242.04204204204203	0.000849199942985393	0.0041090302758643865
243.043043043043	0.0025422281484339115	0.004148778231363365
244.044044044044	0.0003281861007159437	-0.0012418404610103073
245.04504504504507	0.0013766597592477468	0.002497645812354149
246.04604604604606	-0.001198870998091968	0.0029230516295086217
247.04704704704704	4.2971969395899645e-06	0.0043539609486035885
248.04804804804806	-0.0018976738463604148	0.006867720633749755
249.04904904904905	0.001842349943789734	0.0011075583188030202
250.0500500500501	0.0020652576433453154	0.008548930707289543
251.05105105105108	-0.0028634307619157667	0.004527990261540882
252.05205205205206	0.0036019828190111333	0.0027694326621926363
253.05305305305305	0.0020598866515700864	0.0054110309586678645
254.0540540540541	0.0038259639557132186	0.004958768762997867
255.05505505505505	0.0021232683495898547	-0.002498720946968694
256.05605605605604	3.383923812626255e-05	0.006472394506449514
257.0570570570571	0.0018987480257179473	-0.004555920577491962
258.05805805805807	0.00230051968268441	-0.006471319122965669
259.05905905905905	0.0015861396653534532	0.001571636697791562
260.0600600600601	-0.002830128563603318	0.003987639741207527
261.0610610610611	0.005357316954338054	0.006078142964008187
262.06206206206207	0.0016613378093298242	0.0017359989896454445
263.06306306306305	-0.001420167404999173	-0.002205448177375946
264.06406406406404	0.0064450011190866074	0.0009034495338379744
265.0650650650651	-0.002693698008874146	0.0006993408908720355
266.06606606606607	0.0029461498778478937	-0.0011859787282800793
267.06706706706706	0.0043120660955608195	0.003528931408839142
268.0680680680681	0.005582910747691072	0.0015394091363225004
269.06906906906903	0.004698260012457045	0.00158560236880953
270.07007007007013	0.0035337663346964587	-0.004855638878274671
271.07107107107106	0.001324020467636744	0.007315685840963648
272.07207207207205	-0.0011344146591280857	-0.0015673397585296983
273.0730730730731	-0.0036728817198397046	-0.0010935932328441159
274.0740740740741	0.0028634301092015646	-2.6856576440290048e-05
275.07507507507506	-0.0006934321093446383	0.0051585788982331515
276.0760760760761	-0.0014846224060865443	0.0006101778973434391
277.0770770770771	-0.0033586622664700527	0.0020679434626894033
278.0780780780781	0.0013315404560036992	0.0029456104973883124
279.07907907907907	-0.00048019374198783604	0.0007079346908286932
280.08008008008005	0.003482202086210681	0.003958634503767711
281.0810810810811	0.004821799412518479	0.006071697700831852
282.0820820820821	0.0006499250027143244	0.006534703626706939
283.0830830830831	0.004214307156634234	0.004434530416890584
284.0840840840841	0.001558208812154127	0.0077690205627478914
285.08508508508504	0.0030326245321086187	0.0015716367086014427
286.08608608608614	0.00040284702330857514	0.004125143871357262
287.08708708708707	-0.00184288719374405	0.0005457225899380969
288.0880880880881	0.004158447705684881	0.006377860437597638
289.0890890890891	0.005393303443201852	0.004134813951717834
290.0900900900901	0.0038673222227292303	-0.0049437286702042685
291.09109109109113	-0.0019014334992682458	6.875246160531479e-05
292.0920920920921	0.001957294545612248	0.0067602946081271875
293.0930930930931	0.00472780172363399	-0.0020443094192938993
294.0940940940941	-0.00250570277511894	0.003004694415724929
295.0950950950951	-0.0020738516443390143	0.0006467023218131862
296.0960960960961	0.0024503792850810724	0.002063646072791303
297.0970970970971	0.001545855255393122	-0.0007380139920941109
298.0980980980981	-0.0002545989735511095	0.0005027519774400968
299.09909909909913	0.004243849480447148	-0.003711555241560971
300.1001001001001	-0.0011779217841835776	-0.0032216944144884407
301.10110110110105	0.0017891738632697662	-0.003599832385473567
302.10210210210215	0.0030100654064172394	-0.001087147350323503
303.1031031031031	-0.0006445542442485019	0.002014230482302398
304.1041041041041	0.003662676831188094	-4.9415687491838334e-05
305.1051051051051	-0.0006918221504876817	-0.006906394545729777
306.1061061061061	0.0026700656037766113	-0.0005629102671650121
307.10710710710714	-0.022308007086011675	-0.00636926610366563
308.1081081081081	-0.0670196312951298	-0.05970395028849406
309.1091091091091	-0.0738653298454206	-0.070907363579458
310.1101101101101	-0.11566572407018541	-0.10648673797056267
311.1111111111111	-0.1774897247166097	-0.18006686965544555
312.11211211211213	-0.22802868330673728	-0.23641057158514636
313.1131131131131	-0.26518566166099383	-0.26878545369296114
314.11411411411416	-0.2712863637339107	-0.27127773047971987
315.11511511511515	-0.25329256826266794	-0.2564121620627232
316.11611611611613	-0.20756142226211433	-0.2192396855823291
317.11711711711706	-0.1775021152709919	-0.18868245747821366
318.11811811811816	-0.16726980044801792	-0.17156203364702627
319.11911911911915	-0.1677054060451909	-0.16658498423215712
320.12012012012013	-0.1501837344476372	-0.1543964663687954
321.1211211211211	-0.13744894978169425	-0.15511089689133967
322.12212212212216	-0.13801509259573694	-0.14037421766099092
323.12312312312315	-0.14594472107016365	-0.14526417829890917
324.12412412412414	-0.15999653048056411	-0.1663819233247087
325.1251251251251	-0.18932537346701767	-0.19482721333514819
326.1261261261261	-0.2255149430788515	-0.225447822903722
327.12712712712715	-0.2355742505752306	-0.2508680799406066
328.12812812812814	-0.24941014433531855	-0.2538910309001628
329.12912912912924	-0.23024858982408808	-0.23274310448776547
330.13013013013017	-0.21540290510851695	-0.22109175590405175
331.13113113113116	-0.19660771081652456	-0.21086696906472913
332.13213213213214	-0.1903437187955453	-0.19495936830830207
333.1331331331331	-0.18526305944324226	-0.18919487372031862
334.1341341341342	-0.17700740255759634	-0.17688381634633515
335.13513513513516	-0.16533880574324947	-0.16924908315728937
336.13613613613614	-0.1567281067155739	-0.162891715082217
337.1371371371372	-0.1594508147377776	-0.1671468832715931
338.1381381381382	-0.17472620651006115	-0.17893785203250068
339.13913913913916	-0.19067838269862314	-0.18946874435708339
340.14014014014015	-0.2064070800917482	-0.2081586682378874
341.14114114114113	-0.21689020649775864	-0.22516521781460844
342.1421421421421	-0.2237165761161293	-0.223700995573667
343.14314314314316	-0.22546384573353273	-0.22015273197919227
344.14414414414415	-0.22654132415637146	-0.22257956302455328
345.14514514514514	-0.21937067063103816	-0.21259969188949376
346.1461461461461	-0.2052076876615361	-0.20802763462272036
347.1471471471471	-0.19820730357987454	-0.20482316691756675
348.1481481481481	-0.1950097995185495	-0.19177417243882833
349.1491491491491	-0.17845871647143008	-0.18355073039237274
350.15015015015007	-0.16520989573048714	-0.17936650655568143
351.15115115115117	-0.1732931397116722	-0.17247083445737219
352.15215215215215	-0.18170565772866476	-0.17986919816518177
353.1531531531532	-0.18816034909846951	-0.18103800041115123
354.1541541541542	-0.19355578627916578	-0.1932898876459102
355.15515515515517	-0.20173195646822423	-0.18829568098107322
356.15615615615616	-0.19951415827169042	-0.2046512310290062
357.15715715715714	-0.19576019526789568	-0.20404643640697676
358.15815815815813	-0.1940677096798609	-0.1959605339680146
359.1591591591592	-0.19921715028105824	-0.20283903164396172
360.16016016016016	-0.19955284419636007	-0.19917360626641692
361.16116116116126	-0.1897593613920076	-0.19396452067534165
362.16216216216225	-0.19061820038628788	-0.1837741229601499
363.16316316316323	-0.1818366813610521	-0.1868798247734863
364.1641641641642	-0.17722006198556353	-0.18462607980367862
365.1651651651652	-0.1816658622206609	-0.19817997509598095
366.1661661661662	-0.18697108913973853	-0.2064463638782314
367.1671671671672	-0.1947831076087876	-0.19265504098927533
368.1681681681682	-0.20099449905570993	-0.2066000154423233
369.1691691691692	-0.20021563487921507	-0.21123113399122026
370.1701701701702	-0.20379398390906422	-0.216971955950212
371.1711711711712	-0.202911486165343	-0.20764848618626208
372.17217217217217	-0.20625189509076075	-0.20641520350494377
373.17317317317315	-0.19958770645130233	-0.19920799818431623
374.1741741741742	-0.20046752734547185	-0.2029184461209728
375.1751751751752	-0.19087438463293033	-0.20170454830220008
376.17617617617617	-0.1927328339338265	-0.1964245784048116
377.17717717717716	-0.18485371354162142	-0.18783589415368573
378.17817817817814	-0.1865021646524881	-0.1900005698706667
379.17917917917913	-0.18446593026340366	-0.1972013095765607
380.1801801801801	-0.18793631095835123	-0.18851374136052892
381.1811811811811	-0.1845921638749921	-0.1959378947758371
382.1821821821822	-0.19512202028288347	-0.19449837743224063
383.1831831831832	-0.19412887490739655	-0.19875456763842064
384.18418418418423	-0.19816378375911242	-0.19639768887254705
385.1851851851852	-0.19732048787146342	-0.2026585217843791
386.1861861861862	-0.19779260334995352	-0.21580209422086677
387.1871871871872	-0.20012377941629209	-0.2159536186440379
388.1881881881882	-0.20371175811186598	-0.2145344670048837
389.18918918918916	-0.20530382386063573	-0.216702269447991
390.1901901901902	-0.20358607743237508	-0.2075624612881643
391.1911911911912	-0.20177757117202266	-0.20563208650968945
392.1921921921923	-0.19706858034647048	-0.20486399405417904
393.1931931931933	-0.19755148869427636	-0.19796297761935178
394.19419419419427	-0.19472619084326892	-0.20302056116322106
395.19519519519525	-0.1877918551243725	-0.20041437028505554
396.19619619619624	-0.1924863504873457	-0.19927567155850584
397.1971971971972	-0.19192506095508016	-0.19940887929692608
398.1981981981982	-0.18948003634402572	-0.19876757626646124
399.19919919919926	-0.1964202846118806	-0.20144570462403258
400.20020020020024	-0.19732911317489224	-0.20070663395272723
401.20120120120123	-0.19693969637339706	-0.2047082104160781
402.2022022022022	-0.1923725041918608	-0.1957263626420511
403.2032032032032	-0.19391726623628736	-0.19183861212920333
404.2042042042042	-0.18990438113482794	-0.19438241785128335
405.20520520520523	-0.19035827269435635	-0.19308364025539798
406.2062062062062	-0.18986574339606266	-0.1977470018386051
407.2072072072072	-0.1949120499027593	-0.19893402418089456
408.2082082082082	-0.19565272127783578	-0.19942820823146393
409.2092092092092	-0.2052571423057108	-0.19809183854701795
410.21021021021016	-0.20062117930592907	-0.19224146807439052
411.21121121121115	-0.1996742342033282	-0.20759584707847703
412.21221221221214	-0.20095152730725616	-0.20199156449239047
413.21321321321324	-0.1987036022323993	-0.20849722456213904
414.2142142142142	-0.20471137577752305	-0.20126310673128653
415.21521521521527	-0.20291681026605574	-0.20319887403685302
416.21621621621625	-0.20051318107345908	-0.20461150844819864
417.21721721721724	-0.1995393813995858	-0.20200857261182367
418.2182182182182	-0.19900117940595566	-0.18895316754834252
419.2192192192192	-0.19665604329542857	-0.19159052163980286
420.2202202202202	-0.189831833668622	-0.20356628679070932
421.22122122122124	-0.19085023669743528	-0.19232307534441723
422.22222222222223	-0.19328398196956995	-0.1886276184197067
423.22322322322333	-0.19032386308617857	-0.19660618190705192
424.2242242242243	-0.1902637179992327	-0.1965599573973117
425.2252252252253	-0.19128477404602018	-0.18916049146378797
426.2262262262263	-0.1900950342420501	-0.198362585348774
427.2272272272273	-0.18929256841508962	-0.19821970506146672
428.22822822822826	-0.20163039866351254	-0.18700546718193323
429.22922922922925	-0.19856609908668485	-0.18655105019980223
430.2302302302303	-0.19623066603837883	-0.19418905848730492
431.23123123123133	-0.2005996829319353	-0.19055488175434504
432.23223223223226	-0.20527698757504603	-0.19141536373956067
433.23323323323325	-0.19838185382877044	-0.20194739380544593
434.2342342342342	-0.20067164970512374	-0.1957113062850643
435.2352352352352	-0.20022098347711287	-0.20260700584803146
436.23623623623627	-0.20014364540207483	-0.20018883359846426
437.23723723723725	-0.1992777985494537	-0.2040604605747495
438.23823823823824	-0.19892493072074188	-0.19956786694412626
439.2392392392392	-0.1975799427254135	-0.19595404378657988
440.2402402402402	-0.1954121172342817	-0.19725713003095824
441.2412412412412	-0.1958160455868962	-0.19185797391617776
442.2422422422422	-0.19605936555526918	-0.18910247714858033
443.24324324324317	-0.19565169769033405	-0.19765032382577913
444.24424424424427	-0.1958944834023083	-0.19639452912590194
445.2452452452453	-0.19372019646379612	-0.19359394802890567
446.2462462462463	-0.18664353978068257	-0.19176020624181103
447.2472472472473	-0.19153568347287725	-0.19036367874259566
448.2482482482483	-0.18725102350326428	-0.19262718001304607
449.24924924924926	-0.19061342984639873	-0.182984635760132
450.25025025025025	-0.18789715803044188	-0.19616359097631067
451.25125125125123	-0.19871705897046898	-0.19435881473692532
452.2522522522522	-0.19822613127534383	-0.19000162245591976
453.25325325325326	-0.19667922870171378	-0.18465178881630592
454.25425425425436	-0.19751877562042974	-0.18288247068806715
455.25525525525535	-0.20279493919376423	-0.1894032069841457
456.25625625625634	-0.19784637805687327	-0.19168177966376282
457.2572572572573	-0.1970439089096346	-0.20170350390530445
458.2582582582583	-0.19680219372841062	-0.2017443507027974
459.2592592592593	-0.1981364111947322	-0.1942868936171176
460.2602602602603	-0.19945665837982576	-0.19250899648250813
461.26126126126127	-0.19472352297067894	-0.19521824952062172
462.2622622622623	-0.19583049789826765	-0.19857853202838394
463.26326326326335	-0.1921097942704288	-0.1887393436695392
464.2642642642643	-0.19465739178451924	-0.18539737989612845
465.26526526526527	-0.1906681350057186	-0.188269978342995
466.2662662662663	-0.1940005089139021	-0.1818834849006497
467.2672672672673	-0.18879142279547165	-0.1904903880277071
468.2682682682683	-0.19374538458459664	-0.18491928477580885
469.2692692692693	-0.1943206829036105	-0.18087362338771026
470.27027027027026	-0.19137288164325886	-0.18190061991477938
471.27127127127125	-0.19198787480069351	-0.19195036207586985
472.27227227227223	-0.19344670764040145	-0.19642354179738153
473.2732732732732	-0.18964116389192615	-0.19729258564999463
474.2742742742743	-0.1924121806180477	-0.18983404779312496
475.2752752752752	-0.19831952875830014	-0.19196431014153414
476.2762762762763	-0.19307767350900643	-0.18848801155686037
477.27727727727734	-0.19250994164386875	-0.18849444133511248
478.2782782782783	-0.19622686934275393	-0.19235318092100928
479.2792792792793	-0.19766102714961464	-0.19621839088947463
480.2802802802803	-0.19286983670366886	-0.20067543468966925
481.2812812812813	-0.1922252887940636	-0.1903507370941812
482.2822822822823	-0.18991295030057803	-0.19720564096610985
483.2832832832833	-0.19099041528616895	-0.19403872046935172
484.28428428428424	-0.19266195707871686	-0.18801534875521114
485.2852852852853	-0.1925496912678525	-0.1929956336674627
486.2862862862864	-0.18980388634809398	-0.1877703907630437
487.28728728728737	-0.18894500221800925	-0.1850020367411562
488.28828828828836	-0.18711556632061782	-0.19145618354402788
489.28928928928934	-0.18514002135789928	-0.19239609600054144
490.29029029029033	-0.18107986275531993	-0.18249894078815626
491.2912912912913	-0.18513789031202968	-0.1815966191446513
492.2922922922923	-0.18398466437382627	-0.17657772710755143
493.2932932932933	-0.18367315263706974	-0.17876595978341298
494.29429429429433	-0.1785537883544907	-0.18733532771023353
495.2952952952954	-0.18402068038518174	-0.185618674050695
496.2962962962963	-0.18020761011316194	-0.18510620412761777
497.29729729729735	-0.18245066367345714	-0.1877263619063586
498.29829829829833	-0.18034352519827906	-0.1947283828815773
499.2992992992993	-0.18054490869192466	-0.19294406616602847
500.3003003003003	-0.17909034734992038	-0.189215283176069
501.3013013013013	-0.190117577095767	-0.18790038029889533
502.3023023023023	-0.1914437401166488	-0.18976422146413485
503.30330330330327	-0.18823334621911017	-0.20169279047566366
504.30430430430425	-0.18850997268659503	-0.1936498194077631
505.30530530530535	-0.19247668272241547	-0.1948626095821619
506.30630630630634	-0.18407597880750168	-0.19974403582860428
507.3073073073072	-0.18357913577951757	-0.19264749484531002
508.3083083083083	-0.18448047195580242	-0.19028202456174972
509.30930930930936	-0.1850862911835061	-0.18474851770820103
510.31031031031034	-0.18584417227378316	-0.188486960854053
511.31131131131133	-0.18520392674298863	-0.17900985330941205
512.3123123123123	-0.17951897337431785	-0.180215206670382
513.3133133133133	-0.1797553205965849	-0.18129702357295718
514.3143143143143	-0.17786250193732706	-0.18243570145744664
515.3153153153153	-0.17500228985673397	-0.18308989053614727
516.3163163163163	-0.17505927900175888	-0.18396646152066187
517.3173173173174	-0.17593478975112423	-0.18205214064283404
518.3183183183183	-0.17234568692199143	-0.19023370313553517
519.3193193193193	-0.1747095705855482	-0.19230916116578467
520.3203203203203	-0.1831006456715984	-0.18033653788641668
521.3213213213214	-0.19121825260730083	-0.18604407634542758
522.3223223223225	-0.18704689258520485	-0.18434357195165257
523.3233233233234	-0.18842461555731518	-0.18608063516348453
524.3243243243244	-0.19105762690076528	-0.19395711387106096
525.3253253253253	-0.19139277455799092	-0.18907351290511382
526.3263263263264	-0.189648687373263	-0.18775756067165328
527.3273273273275	-0.19003596410248128	-0.19704987840198313
528.3283283283283	-0.18134254179048298	-0.19154966582460753
529.3293293293293	-0.18226691320340008	-0.19101254395667422
530.3303303303302	-0.17876322168490769	-0.1943791871512851
531.3313313313313	-0.17636601878478148	-0.18873395735958168
532.3323323323324	-0.18125336669619574	-0.19195567116944742
533.3333333333334	-0.18195436843198837	-0.18692811353636082
534.3343343343344	-0.18586408633492124	-0.1838460800784666
535.3353353353353	-0.17996802380554067	-0.17747250139954565
536.3363363363364	-0.18116475947042981	-0.1767130018879491
537.3373373373374	-0.1829759518321432	-0.1853983843388206
538.3383383383384	-0.18142953880820628	-0.18291362576206727
539.3393393393394	-0.1793997304444177	-0.18360222055596834
540.3403403403404	-0.17767719172412388	-0.1776873749355119
541.3413413413414	-0.1714964317671001	-0.18918732831255458
542.3423423423424	-0.17263032195083938	-0.18093592430786212
543.3433433433433	-0.17872190162709647	-0.19016485624096569
544.3443443443443	-0.17663136981707073	-0.1863985356034702
545.3453453453453	-0.17897969085052018	-0.19368523525147774
546.3463463463463	-0.1842360389606204	-0.19306537328185558
547.3473473473473	-0.180941829196621	-0.20209664844154518
548.3483483483484	-0.19042215294767112	-0.19079437243467803
549.3493493493494	-0.18635126989188863	-0.1898490498462635
550.3503503503504	-0.18509492888844709	-0.19432760619877784
551.3513513513514	-0.18607625544101608	-0.18802385714358472
552.3523523523523	-0.1827428218596404	-0.18925388736078913
553.3533533533534	-0.18122971526529172	-0.19250458246075428
554.3543543543545	-0.18490745115565627	-0.19113385654852724
555.3553553553554	-0.18697222368877126	-0.18739005697847322
556.3563563563564	-0.1760867820351073	-0.18152999172650514
557.3573573573573	-0.1746085928135616	-0.1883311610618134
558.3583583583584	-0.17232420148012173	-0.18035265439526657
559.3593593593595	-0.17746825308511543	-0.18488922965499138
560.3603603603603	-0.17135625144615324	-0.18047508467799342
561.3613613613613	-0.17090181651483582	-0.1829576997931564
562.3623623623622	-0.17375718455731923	-0.17743817062039197
563.3633633633634	-0.1764642978911944	-0.17913226910753033
564.3643643643644	-0.17694558996727255	-0.18402873833615743
565.3653653653654	-0.175937407196906	-0.18081133630645496
566.3663663663664	-0.1705354850859669	-0.18018717025069259
567.3673673673675	-0.1752401965086316	-0.18577224168252116
568.3683683683685	-0.17568011619990637	-0.19140671417376384
569.3693693693695	-0.17329150388872044	-0.19042915517248368
570.3703703703704	-0.18007436041830316	-0.19063223060370432
571.3713713713714	-0.18767418529368957	-0.19186868391761874
572.3723723723724	-0.1780912785317773	-0.19246811355794163
573.3733733733734	-0.17853227138485683	-0.19570160333227904
574.3743743743744	-0.17850165589804376	-0.18611597584798806
575.3753753753754	-0.17741074687935243	-0.1857131622120347
576.3763763763764	-0.17987188553251074	-0.1956618888598542
577.3773773773773	-0.1796694154871874	-0.18146340455379223
578.3783783783783	-0.17515109271673407	-0.18477855460131506
579.3793793793794	-0.17603037488082887	-0.1869259961508235
580.3803803803804	-0.1740859697562711	-0.1845562240237558
581.3813813813814	-0.17249339350823575	-0.1814945756483547
582.3823823823824	-0.17062094115040988	-0.18299427633476226
583.3833833833835	-0.1665457498083339	-0.1853350594494235
584.3843843843844	-0.16448746324344246	-0.18543816590500858
585.3853853853855	-0.17169519909660214	-0.18564762408524674
586.3863863863866	-0.16843108341299498	-0.17691175150956467
587.3873873873874	-0.17164043867407375	-0.17827283313219502
588.3883883883884	-0.17522899744726245	-0.1712579354857534
589.3893893893893	-0.1711741880906793	-0.1733978397885627
590.3903903903904	-0.178203058789464	-0.17863163014445269
591.3913913913915	-0.17516825704028632	-0.18412218845504624
592.3923923923924	-0.17881213592922196	-0.19051945500600545
593.3933933933934	-0.18369839341851527	-0.18374515724563578
594.3943943943945	-0.18474525953661197	-0.1849461000527531
595.3953953953954	-0.17354505279488067	-0.17692572022999764
596.3963963963964	-0.17859351082399713	-0.17852747325101403
597.3973973973974	-0.17216306350743854	-0.1845691023319609
598.3983983983985	-0.1806255261964852	-0.18851591807188095
599.3993993993995	-0.18225889680312438	-0.18846120227674998
600.4004004004005	-0.1745725541094115	-0.18902621895766417
601.4014014014015	-0.17679465382031445	-0.18836445469325191
602.4024024024025	-0.1726834715670776	-0.18705920669245538
603.4034034034034	-0.1712138984440438	-0.18574762661422353
604.4044044044044	-0.17875252153000626	-0.18913583938852177
605.4054054054054	-0.16972175359142755	-0.17713307656461322
606.4064064064064	-0.1703969269937769	-0.18196400431322912
607.4074074074074	-0.17293431941847281	-0.1792794408944594
608.4084084084084	-0.16954558167289208	-0.17552171650353193
609.4094094094094	-0.16742554475053767	-0.18295241139330806
610.4104104104105	-0.1684041872182037	-0.1872322575909562
611.4114114114114	-0.17380074467474332	-0.18414157734212966
612.4124124124124	-0.1755662688200902	-0.1847710763165485
613.4134134134134	-0.17508286031220135	-0.18722578864907166
614.4144144144145	-0.17242193603283	-0.18490220563939636
615.4154154154155	-0.17925687031815227	-0.1885245914879653
616.4164164164164	-0.17585522686290164	-0.20169067065268606
617.4174174174175	-0.17917792022975718	-0.1947885489402776
618.4184184184186	-0.17786624233158443	-0.192054611737883
619.4194194194195	-0.18079735479399883	-0.18833448331070377
620.4204204204204	-0.1785076021438312	-0.18629225675229172
621.4214214214213	-0.17844582539454573	-0.1888468146513958
622.4224224224224	-0.17758856369838288	-0.1885836429405262
623.4234234234235	-0.17320933482492218	-0.1886137466177248
624.4244244244244	-0.17598573352735097	-0.18901550691141933
625.4254254254255	-0.17252232412709118	-0.17712886331129488
626.4264264264265	-0.17296116146893553	-0.17763270116013646
627.4274274274275	-0.17170055768050702	-0.18296314682934844
628.4284284284284	-0.17015040330103154	-0.17541539163626996
629.4294294294295	-0.17392372570490058	-0.1848570279945353
630.4304304304305	-0.16961917325689774	-0.17376210925049002
631.4314314314315	-0.16441225138840737	-0.1799970817474636
632.4324324324325	-0.16990493091917322	-0.1760449626522287
633.4334334334335	-0.17159742863478908	-0.1824314822220136
634.4344344344345	-0.16970997286594547	-0.1851192413819374
635.4354354354355	-0.17468056037578986	-0.18559619483966167
636.4364364364365	-0.1710361647459615	-0.17724163687663458
637.4374374374374	-0.17812782482578535	-0.18120136008888363
638.4384384384384	-0.18085429075527917	-0.18597638076090234
639.4394394394394	-0.18620734814479875	-0.19591970115580426
640.4404404404404	-0.17399086393313332	-0.1876898312422573
641.4414414414415	-0.17903716662304697	-0.18575723853399972
642.4424424424425	-0.17512632140720785	-0.1849365171906443
643.4434434434435	-0.17493455927750212	-0.18193716160974394
644.4444444444445	-0.17358690778015826	-0.19037972112664484
645.4454454454457	-0.17434855310177236	-0.1902583396011855
646.4464464464465	-0.17254165826352466	-0.1851985524371016
647.4474474474475	-0.1713175617429967	-0.1930041563557517
648.4484484484484	-0.17352785942266077	-0.17628764359131083
649.4494494494495	-0.17693434728812543	-0.17511244403215598
650.4504504504506	-0.1724246046078139	-0.17597395784184633
651.4514514514515	-0.17034699720114982	-0.17200775735050125
652.4524524524525	-0.16295985519164424	-0.17894532728545734
653.4534534534533	-0.1727774766354217	-0.17311963351428333
654.4544544544544	-0.1676038538079046	-0.1697077812528282
655.4554554554555	-0.1571240884472816	-0.17225378894474816
656.4564564564565	-0.16985596446452972	-0.17482235901745913
657.4574574574575	-0.17341974969275603	-0.18010233332726291
658.4584584584585	-0.16022920410688823	-0.18182865935116238
659.4594594594595	-0.17010678118860745	-0.1794083595593893
660.4604604604606	-0.15779112253944327	-0.17892383039928111
661.4614614614616	-0.15241093631947458	-0.18849437353227969
662.4624624624626	-0.15521445981882814	-0.18245170825576332
663.4634634634635	-0.17136578817827958	-0.16974325721480993
664.4644644644645	-0.17772092906792178	-0.18401590127871545
665.4654654654655	-0.17673335728536846	-0.17733943392979062
666.4664664664665	-0.15463149925723937	-0.17320563136750938
667.4674674674675	-0.1598940191681038	-0.18318223332829708
668.4684684684685	-0.17084797359716475	-0.18376130149090958
669.4694694694695	-0.1643496700518884	-0.1875211744475837
670.4704704704704	-0.1607473139204782	-0.18335305170377558
671.4714714714714	-0.16306918669180265	-0.17275437469012306
672.4724724724725	-0.15811901597629663	-0.1872547356915748
673.4734734734735	-0.15327091065552378	-0.17479546709312063
674.4744744744745	-0.15090582212467848	-0.16823927994762605
675.4754754754755	-0.1504859655306231	-0.16654948968373606
676.4764764764766	-0.17204327878835057	-0.17406504086105867
677.4774774774777	-0.1729853683580212	-0.18030105103847657
678.4784784784786	-0.17369116383848568	-0.17722115578325776
679.4794794794796	-0.17380827991486625	-0.1719068044290662
680.4804804804804	-0.1817889461790843	-0.17006123763198847
681.4814814814815	-0.17081001971419058	-0.16858629092989297
682.4824824824826	-0.17569626255553417	-0.16406476894572883
683.4834834834834	-0.17859246196008022	-0.17382760148315793
684.4844844844844	-0.17917095587453422	-0.176951553883601
685.4854854854854	-0.17724911726434867	-0.17928807344005002
686.4864864864863	-0.18007921825606354	-0.1708734136278338
687.4874874874876	-0.1835700095123175	-0.18571644362168593
688.4884884884885	-0.1748894878516555	-0.1759310288242834
689.4894894894895	-0.1693908957539324	-0.17839431738637457
690.4904904904905	-0.1705811668978584	-0.17806778090482123
691.4914914914916	-0.17104468677764081	-0.17826108635654447
692.4924924924926	-0.16893968398015238	-0.17474394187167475
693.4934934934936	-0.17015628625359336	-0.18099295239401225
694.4944944944946	-0.17420943870864275	-0.1825871241530867
695.4954954954956	-0.17025672605509393	-0.1788680146854808
696.4964964964965	-0.17444150927151358	-0.1767688896603238
697.4974974974975	-0.16895205474292452	-0.17409507699010632
698.4984984984985	-0.17506943717756723	-0.18466684403345807
699.4994994994995	-0.16909762378088927	-0.17951688255567788
700.5005005005005	-0.17299287362872673	-0.17948889380120706
701.5015015015015	-0.17434535853978753	-0.1708755197755547
702.5025025025025	-0.1813903472015077	-0.1798552276171777
703.5035035035036	-0.17281777958517897	-0.18448424277301828
704.5045045045046	-0.1717140120471366	-0.1792558136611156
705.5055055055055	-0.17139063511385869	-0.17782915385038164
706.5065065065065	-0.16988184139413764	-0.17803220038177253
707.5075075075077	-0.18065665345622228	-0.17670334563111642
708.5085085085087	-0.18204729171194906	-0.1757354450091485
709.5095095095097	-0.1803929968001114	-0.18549616389846366
710.5105105105107	-0.18319627665622196	-0.18597639392390417
711.5115115115117	-0.17757573760324194	-0.17374919292839935
712.5125125125127	-0.17551640319587344	-0.1843703669844708
713.5135135135137	-0.1768431080369779	-0.17854363927467584
714.5145145145146	-0.17158674031435078	-0.19162816011094308
715.5155155155156	-0.17502754837769433	-0.18900699797785198
716.5165165165166	-0.17291822959619613	-0.17817095894277804
717.5175175175176	-0.17366753769419244	-0.17856520492994604
718.5185185185186	-0.1734446256304611	-0.1778883465480834
719.5195195195196	-0.17027557610751923	-0.17928059401229263
720.5205205205206	-0.16577872176766503	-0.17852218227389005
721.5215215215215	-0.17116452606663157	-0.17334206988078854
722.5225225225225	-0.1715061157371625	-0.1654881986942272
723.5235235235235	-0.18110299413726136	-0.17694085476294225
724.5245245245246	-0.17475578825352783	-0.17120104861443117
725.5255255255256	-0.17502434934989333	-0.16948330853815113
726.5265265265266	-0.17352144359829835	-0.1716135575459183
727.5275275275276	-0.17657288002591565	-0.18104016891341035
728.5285285285286	-0.17913174964976022	-0.17862528316361356
729.5295295295296	-0.1769483252707269	-0.18242604520224248
730.5305305305305	-0.17211578016247486	-0.17862426138273393
731.5315315315315	-0.17737425581158486	-0.18619775908224048
732.5325325325326	-0.17589716294782937	-0.1854586221621271
733.5335335335336	-0.17375458221735487	-0.1832478091622839
734.5345345345346	-0.17234835955056077	-0.17951587199746546
735.5355355355356	-0.16940919033532914	-0.1775682823045014
736.5365365365366	-0.17330663033341867	-0.187802722125472
737.5375375375376	-0.17713583453191498	-0.16255437181753082
738.5385385385385	-0.17853502168100904	-0.17500718888865285
739.5395395395395	-0.17547120104086972	-0.1771567796910335
740.5405405405405	-0.1745747312268777	-0.18226487088011728
741.5415415415415	-0.17106890532610164	-0.17984245657097295
742.5425425425425	-0.1769477797290261	-0.17447007109868287
743.5435435435435	-0.17341777272733266	-0.18001748967164144
744.5445445445445	-0.17070688165644074	-0.1721141368838073
745.5455455455455	-0.17494534124375227	-0.17702244360774888
746.5465465465464	-0.16803896422177877	-0.17313954398131493
747.5475475475477	-0.16550529889155635	-0.17315726542178092
748.5485485485486	-0.16998280979566668	-0.17609212683246098
749.5495495495496	-0.17062091230300364	-0.1823937591262944
750.5505505505506	-0.1734913305094305	-0.18087794223242584
751.5515515515516	-0.17855270187648994	-0.1804283661536581
752.5525525525526	-0.16936242891762976	-0.1797811345529194
753.5535535535536	-0.1797854108948283	-0.18146876334996198
754.5545545545546	-0.17700414146219104	-0.18006203635268814
755.5555555555557	-0.17561245568126913	-0.17677107073298254
756.5565565565566	-0.17888360608541665	-0.17396510611447907
757.5575575575576	-0.18548552143475688	-0.1769203746513749
758.5585585585586	-0.17600839918087624	-0.1760400488548422
759.5595595595596	-0.1782138285432263	-0.1729682093089933
760.5605605605606	-0.18024148615970795	-0.18154937968460516
761.5615615615616	-0.1754819506690823	-0.17763421984065322
762.5625625625626	-0.1785322787047696	-0.1751521485467678
763.5635635635637	-0.16916905578744057	-0.17632685164819117
764.5645645645646	-0.16807062939319933	-0.18207144041624365
765.5655655655656	-0.16660588327844605	-0.17833784304864841
766.5665665665666	-0.17289565916565933	-0.1787750708441635
767.5675675675676	-0.17261796322129383	-0.17736402643916288
768.5685685685686	-0.16679069503376265	-0.18372147833468458
769.5695695695696	-0.1678950411869271	-0.1758133524873549
770.5705705705706	-0.17661905486767482	-0.17815362652021294
771.5715715715718	-0.16867383952394444	-0.17408004845338912
772.5725725725728	-0.17462095807183206	-0.17751499996235037
773.5735735735738	-0.17861828233300742	-0.17650627274740807
774.5745745745747	-0.17369869666576476	-0.1761560528601549
775.5755755755757	-0.1768473608874156	-0.17530740353434077
776.5765765765767	-0.1706982866743946	-0.17896147605442447
777.5775775775777	-0.17171237932452157	-0.18205210910737007
778.5785785785787	-0.17944972373232818	-0.17826157966010545
779.5795795795797	-0.17635747985717945	-0.17565811264875308
780.5805805805807	-0.17732803345991957	-0.17909896174269835
781.5815815815816	-0.18115348004066395	-0.1757779092551641
782.5825825825826	-0.16941616599041176	-0.17725071320217045
783.5835835835836	-0.17685487571210284	-0.17562108681060024
784.5845845845846	-0.17604385570928227	-0.1759750526797914
785.5855855855856	-0.17276411750683662	-0.1772389002842551
786.5865865865867	-0.16883878712242278	-0.17462577116607508
787.5875875875877	-0.17236719291349922	-0.17895988199799956
788.5885885885887	-0.17450760811808763	-0.17378198240540768
789.5895895895897	-0.16979375381385645	-0.17454685671572698
790.5905905905906	-0.1700091350677998	-0.17343441674499402
791.5915915915916	-0.15986385865403735	-0.17825191636819887
792.5925925925926	-0.16628628204150625	-0.1725089681666943
793.5935935935936	-0.16645654361714635	-0.1720207235306372
794.5945945945947	-0.1709915135413521	-0.17318306262330502
795.5955955955957	-0.18025053967953153	-0.17310629820025547
796.5965965965967	-0.17738336884945724	-0.17481001542775332
797.5975975975977	-0.173115914038012	-0.17581124091134948
798.5985985985986	-0.17060372680455616	-0.17240905626091724
799.5995995995996	-0.1759583361959962	-0.1777798189449158
800.6006006006006	-0.17553562343476037	-0.1756173123862233
801.6016016016016	-0.17525688219870775	-0.17446943494528971
802.6026026026026	-0.16740407123813983	-0.1762688280948355
803.6036036036036	-0.17281135189542063	-0.1766980214990459
804.6046046046046	-0.1778947058211206	-0.17272757049038864
805.6056056056055	-0.1724981806455978	-0.1764906780748336
806.6066066066065	-0.1703781527672033	-0.1777996578649107
807.6076076076075	-0.17085354542551637	-0.17679629290907795
808.6086086086085	-0.17174518172288644	-0.17182142026553482
809.6096096096097	-0.168264013263886	-0.1739188928574455
810.6106106106107	-0.1678171240981147	-0.1720228343649322
811.6116116116117	-0.16894455375470693	-0.16844661623023927
812.6126126126127	-0.16575561813693834	-0.16837841937132764
813.6136136136137	-0.16832095507026315	-0.17135624934903262
814.6146146146147	-0.17161464342911503	-0.16973038296822063
815.6156156156156	-0.16928779711797842	-0.1742868620533517
816.6166166166166	-0.16797021033852574	-0.1734451572365177
817.6176176176177	-0.16874420865746656	-0.17261690867900956
818.6186186186187	-0.1680636631995065	-0.1712440372026579
819.6196196196197	-0.17121017789948625	-0.17365520804049553
820.6206206206207	-0.16837844132503427	-0.17660080763952382
821.6216216216217	-0.17277002118340684	-0.17777602421570132
822.6226226226227	-0.16730311120695454	-0.18515994420690232
823.6236236236236	-0.16689918842951862	-0.1772936815134992
824.6246246246246	-0.17313847819729736	-0.17976663411747068
825.6256256256257	-0.17172473644115935	-0.1826886323196938
826.6266266266267	-0.17307773109020594	-0.1830565580403255
827.6276276276277	-0.16915347083261378	-0.17628122044064046
828.6286286286287	-0.16943010651447554	-0.17592776334456453
829.6296296296297	-0.1718842678124487	-0.1753810048070153
830.6306306306307	-0.16142045414898507	-0.17526127772647485
831.6316316316316	-0.16244476111330625	-0.16975244326356206
832.6326326326326	-0.1644418241983338	-0.17539767791533184
833.6336336336338	-0.16094729171043493	-0.17221947663169695
834.6346346346348	-0.16035538190169113	-0.17284147274977946
835.6356356356358	-0.16383755700877933	-0.17476708139550107
836.6366366366368	-0.16791597113930218	-0.17371538712161985
837.6376376376378	-0.17021060349103323	-0.17724004622027675
838.6386386386388	-0.16662525483651824	-0.17346991029912665
839.6396396396398	-0.1665757987333347	-0.17869079053550957
840.6406406406408	-0.1669985385082553	-0.17645093789701022
841.6416416416417	-0.17238056862222698	-0.17614208220684574
842.6426426426427	-0.16702325182419125	-0.17492545923785913
843.6436436436437	-0.1735585092396629	-0.17480514859007085
844.6446446446447	-0.17178169025647355	-0.17380018466388647
845.6456456456457	-0.16597963509181848	-0.17882501688094463
846.6466466466467	-0.17298540976253546	-0.1830452283480164
847.6476476476477	-0.17690481504394778	-0.17979559719699179
848.6486486486488	-0.17085294839572576	-0.1751037770472494
849.6496496496497	-0.17514893588861893	-0.17466602525393532
850.6506506506507	-0.17411230391777233	-0.180062010180578
851.6516516516517	-0.16850468431567767	-0.17610982099056266
852.6526526526527	-0.17077940122129381	-0.1745946012392146
853.6536536536537	-0.1642817544531751	-0.17436739791010275
854.6546546546548	-0.1626832583159651	-0.17421647071879925
855.6556556556556	-0.1634137550355346	-0.17253686064382712
856.6566566566568	-0.16560199455961835	-0.17260991113199725
857.6576576576578	-0.1667240599025428	-0.16612947725620422
858.6586586586587	-0.16407818477158725	-0.1719288544381814
859.6596596596597	-0.1683086029638346	-0.17472999708758263
860.6606606606607	-0.16808622408246396	-0.17029600407955353
861.6616616616617	-0.16457769165818859	-0.16889245165170277
862.6626626626627	-0.16440099479398193	-0.171241332887888
863.6636636636637	-0.16876892306097352	-0.17471655729293334
864.6646646646647	-0.17286666665003553	-0.17564902756329553
865.6656656656656	-0.16641735278267192	-0.17440984174155488
866.6666666666666	-0.168641046199405	-0.18172336362807576
867.6676676676676	-0.1743109728145792	-0.1773377200806256
868.6686686686686	-0.17118756463750326	-0.17584128152131953
869.6696696696696	-0.17135193927405282	-0.18064375473796396
870.6706706706706	-0.1746504600133783	-0.17437762435326354
871.6716716716716	-0.17053282223121702	-0.17861504813852977
872.6726726726729	-0.1769794362825583	-0.17854361455101814
873.6736736736735	-0.17291660231458128	-0.176049701825117
874.6746746746747	-0.16888868488035264	-0.17095506004317815
875.6756756756757	-0.17409884830346656	-0.17847001075462227
876.6766766766767	-0.17115588578433366	-0.17273938184907114
877.6776776776778	-0.16157515354641747	-0.17559742535306272
878.6786786786785	-0.1624823933921327	-0.17156629230483766
879.6796796796798	-0.16436716270649748	-0.17141158194442493
880.6806806806808	-0.16659460752680363	-0.16870389556501741
881.6816816816818	-0.16531892118340136	-0.17197339330426056
882.6826826826828	-0.16953539476930973	-0.17118329478850725
883.6836836836837	-0.1641791811605288	-0.16704956855446035
884.6846846846847	-0.1685879276330839	-0.16654520289390845
885.6856856856857	-0.16241629712157948	-0.17464779769280742
886.6866866866867	-0.16222670163689756	-0.181009014032129
887.6876876876878	-0.166562936018543	-0.1758858826272057
888.6886886886888	-0.16941991663319161	-0.1794298376736141
889.6896896896898	-0.16550479608576263	-0.1757365527812792
890.690690690691	-0.1704845119675108	-0.18029730277890801
891.6916916916916	-0.1720604271866243	-0.17091042387334573
892.6926926926927	-0.16685672786661357	-0.1765776709518709
893.6936936936937	-0.17407252006811483	-0.17556088363435116
894.6946946946947	-0.16166808448054942	-0.17904472316887396
895.6956956956959	-0.17113014227068	-0.18069426256285448
896.6966966966969	-0.16678690857019277	-0.17682529283281584
897.6976976976979	-0.16612087485344787	-0.1831381677768472
898.6986986986989	-0.16274773292350625	-0.17641387530250763
899.6996996996999	-0.16010666239544968	-0.17844369927246326
900.7007007007008	-0.16309470821277816	-0.1772432365374256
901.7017017017018	-0.16515569382715173	-0.1743679473402434
902.7027027027028	-0.16292229602480457	-0.1738608881270256
903.7037037037038	-0.16495476445965815	-0.1665602412097387
904.7047047047048	-0.1643118176984541	-0.16908207649934684
905.7057057057058	-0.16363988378433686	-0.1739704918968759
906.7067067067068	-0.16312154220460057	-0.1653216268059975
907.7077077077078	-0.16414046845148736	-0.17612548359554706
908.7087087087087	-0.1659774611536101	-0.17594660447061966
909.7097097097097	-0.1648785161021327	-0.1732926399124159
910.7107107107108	-0.16735523387325815	-0.17291288179226758
911.7117117117118	-0.17078318801979026	-0.173666472209252
912.7127127127128	-0.16912720179487445	-0.17536705502761432
913.7137137137139	-0.16793906740700906	-0.18052887190568156
914.7147147147147	-0.1720899876252569	-0.17757467679918063
915.7157157157158	-0.1716495589759721	-0.17622216693997556
916.7167167167167	-0.1705457275460079	-0.1750710773433728
917.7177177177177	-0.17207652890921127	-0.17311001003006937
918.7187187187188	-0.16994144598694544	-0.1706601630876517
919.7197197197198	-0.1711059592576507	-0.17638918100688386
920.7207207207208	-0.16887311884947756	-0.17946964008943692
921.7217217217218	-0.17162482956964165	-0.1754798050432399
922.7227227227228	-0.17323620434025447	-0.17260454634899
923.7237237237238	-0.17094374259039818	-0.1687463647190327
924.7247247247248	-0.17355097794274202	-0.16997532790064934
925.7257257257257	-0.16754050239509163	-0.1643612072750049
926.7267267267267	-0.16765274757281648	-0.16620735110945412
927.7277277277277	-0.1672918033765974	-0.16763880185332958
928.7287287287287	-0.1674352265758765	-0.16536995224218776
929.7297297297297	-0.16942314660690244	-0.168541190898025
930.7307307307307	-0.16730309539883667	-0.17461881601424278
931.7317317317317	-0.16305871560240784	-0.17357465560037358
932.7327327327326	-0.16690564159757015	-0.17625063653152895
933.7337337337336	-0.16866471132083796	-0.1753025771402974
934.7347347347348	-0.16925446419049645	-0.16880598903233696
935.7357357357358	-0.17141158003293158	-0.16337777368207168
936.7367367367369	-0.16732241236442819	-0.1710608466037402
937.7377377377376	-0.1689714119677266	-0.17436581653836386
938.7387387387388	-0.17696441187364959	-0.1738716249726952
939.7397397397398	-0.17341290597677572	-0.17790385428693056
940.7407407407408	-0.17407517710113402	-0.17617430111941
941.7417417417419	-0.17135087372394966	-0.17882987143348517
942.7427427427428	-0.16770698945089643	-0.17197127615195942
943.7437437437438	-0.15360374939434868	-0.17644128017844551
944.7447447447448	-0.14066036600056472	-0.17462798638986315
945.7457457457458	-0.14398754073421832	-0.17153091906983944
946.7467467467468	-0.1479572349561427	-0.172226476521294
947.7477477477478	-0.14556824760012257	-0.16953219303135555
948.7487487487488	-0.1422297558964022	-0.17303588135126755
949.7497497497501	-0.13986874955290457	-0.170235798034216
950.7507507507507	-0.141276318838023	-0.1719648263343534
951.7517517517518	-0.15865906325721962	-0.16646193864165928
952.7527527527528	-0.15186250532401308	-0.1648822555501095
953.7537537537538	-0.16139899229724286	-0.16516691978414516
954.754754754755	-0.16236099397642745	-0.16439884439236524
955.7557557557557	-0.15987086417669355	-0.17320513527824055
956.7567567567568	-0.15921984186444346	-0.1714052207213208
957.757757757758	-0.16743094090553576	-0.1717811923356537
958.758758758759	-0.17138264033509926	-0.1693146602565001
959.75975975976	-0.1677607929955392	-0.17240583702209245
960.760760760761	-0.16750132260602751	-0.17190791979781755
961.7617617617619	-0.1678487935676673	-0.1751237267960293
962.7627627627629	-0.16992586191282955	-0.173891536720248
963.7637637637639	-0.16376232749864028	-0.17629840850079398
964.7647647647649	-0.16684170703151152	-0.17182786778404838
965.7657657657659	-0.1656003934628902	-0.17587404023445175
966.7667667667669	-0.169210408197619	-0.17098186984400848
967.7677677677679	-0.17608081923219654	-0.1736669928370437
968.7687687687688	-0.16923565443068944	-0.17346449251265203
969.7697697697698	-0.170456041856966	-0.1685460069022463
970.7707707707708	-0.17113713087167837	-0.16608595429525205
971.7717717717718	-0.16685460327033316	-0.16750346983494824
972.772772772773	-0.1653076767868394	-0.17497333276465826
973.7737737737738	-0.1696551696839634	-0.17012576855625514
974.7747747747749	-0.1673046978064101	-0.1707874533130582
975.7757757757759	-0.1746923495877048	-0.17094537103946758
976.7767767767768	-0.17378408091944436	-0.16927542675801532
977.7777777777779	-0.17069720564683333	-0.1687989942358449
978.7787787787787	-0.16215846943188314	-0.17497004184127046
979.7797797797798	-0.16183241033378032	-0.1718837015704492
980.7807807807809	-0.1717408246119449	-0.17496359370437636
981.7817817817819	-0.17058170922108298	-0.17449416829464579
982.7827827827829	-0.1706160920024275	-0.17060644351017115
983.7837837837839	-0.16905788023236407	-0.17382007020144202
984.7847847847848	-0.16487150555382776	-0.174493122686703
985.7857857857858	-0.1677387238736745	-0.17599117516857743
986.7867867867868	-0.1661875075894062	-0.17528375441463034
987.7877877877878	-0.1700500064257126	-0.17341830600296554
988.7887887887888	-0.17234837336171033	-0.17207927547249108
989.7897897897898	-0.17371537027773148	-0.1695912797078754
990.7907907907908	-0.1690745760374921	-0.1691932873856905
991.7917917917918	-0.16998177766209266	-0.1724182133962277
992.7927927927927	-0.16734016541322902	-0.17210827998245987
993.7937937937937	-0.16720481063453566	-0.17410639621822085
994.7947947947947	-0.1659506597980433	-0.16705710888401465
995.7957957957957	-0.16636582427948116	-0.16674233220820772
996.7967967967967	-0.16998337840569777	-0.1685148538510085
997.7977977977979	-0.16413995368546797	-0.16467600930042123
998.7987987987989	-0.16383861239419453	-0.16145430894811344
999.7997997997999	-0.16962723539098162	-0.1616702300193923
1000.800800800801	-0.16634699124935645	-0.1643993792273793
1001.8018018018016	-0.17079173451275448	-0.164814599542511
1002.8028028028028	-0.17319483792561624	-0.1697588365320641
1003.8038038038039	-0.16737827138968953	-0.1650030852902592
1004.8048048048049	-0.16505036102069032	-0.16519644900460384
1005.8058058058059	-0.16706458878933153	-0.1630602962794572
1006.8068068068069	-0.16730468830236725	-0.16306891131606632
1007.8078078078079	-0.16488710197539821	-0.1683730406671248
1008.8088088088089	-0.1612813402412178	-0.16908849642632037
1009.8098098098098	-0.16256451391033083	-0.16750881293111675
1010.8108108108108	-0.16232068480090936	-0.1685207540217198
1011.8118118118119	-0.16273696960325545	-0.16743739236645622
1012.8128128128129	-0.17199437331790673	-0.171689841618141
1013.8138138138141	-0.17103292995053002	-0.17476759643889714
1014.8148148148148	-0.16720481068744092	-0.1745307152461629
1015.8158158158159	-0.16826670998997156	-0.162644589332664
1016.8168168168169	-0.16524966176235445	-0.16795408836873973
1017.8178178178179	-0.17069346810581207	-0.16591463258620642
1018.8188188188191	-0.1643467644475342	-0.16624713252992615
1019.81981981982	-0.16847350002468756	-0.16709204128820998
1020.820820820821	-0.16524913530172486	-0.16503107247494642
1021.821821821822	-0.16776719871907525	-0.16742079087284342
1022.822822822823	-0.1690079887114737	-0.1678499536644218
1023.823823823824	-0.16848803125395975	-0.16842303912645265
1024.8248248248249	-0.16418293483192015	-0.15826007010927334
1025.8258258258259	-0.16150210840842674	-0.16076505970803234
1026.8268268268268	-0.16239642476880434	-0.14909871398680424
1027.8278278278278	-0.16311404831610138	-0.15332178293975274
1028.828828828829	-0.16198767297971414	-0.14746182353780238
1029.82982982983	-0.16722090756392124	-0.16069322986901904
1030.830830830831	-0.16978835520830332	-0.15946309722820953
1031.8318318318322	-0.1702330982209473	-0.16581426729459336
1032.8328328328328	-0.17096035833228182	-0.15664128577286646
1033.833833833834	-0.16894828995008093	-0.15442722444669738
1034.834834834835	-0.16480379828143832	-0.15690390060622
1035.835835835836	-0.17115804013176297	-0.168354290806717
1036.8368368368372	-0.1663281913312053	-0.16262203655445154
1037.8378378378377	-0.16825593944525621	-0.1619522446239629
1038.838838838839	-0.16690828808170802	-0.16316883034566793
1039.83983983984	-0.16771397788760545	-0.16274072285646968
1040.8408408408409	-0.1630651431328211	-0.1689821975326577
1041.841841841842	-0.16123944393082812	-0.1666661239622856
1042.8428428428426	-0.16785150933121384	-0.17055386812624354
1043.8438438438438	-0.16554453241668732	-0.1628417527236167
1044.8448448448448	-0.16648180538192497	-0.16642707392113495
1045.8458458458458	-0.16661074136827494	-0.16466101413760997
1046.846846846847	-0.16577658157211728	-0.16636317009792012
1047.8478478478476	-0.16774086858417916	-0.16891558902062925
1048.8488488488488	-0.16786760284383603	-0.17271416200479975
1049.8498498498498	-0.17062950201805743	-0.1656971382879412
1050.850850850851	-0.1588647811902884	-0.1699817856253102
1051.851851851852	-0.1632901843580774	-0.16751042178659786
1052.852852852853	-0.16253553219473416	-0.16781120017872952
1053.853853853854	-0.16431503491618166	-0.16810661103769498
1054.854854854855	-0.161824920368168	-0.1694456870376774
1055.855855855856	-0.16091234791315379	-0.17657930056310117
1056.856856856857	-0.16398257017225804	-0.16372797836228095
1057.8578578578579	-0.1608956811735774	-0.16816357647223723
1058.858858858859	-0.16821189991022586	-0.16842030768654526
1059.85985985986	-0.1701289222801384	-0.1711430189777461
1060.860860860861	-0.16774299972041123	-0.16709898975977802
1061.861861861862	-0.16610958557112931	-0.16740245624542216
1062.862862862863	-0.16435210219718874	-0.1635517687575672
1063.863863863864	-0.1687479661407255	-0.16388262978734
1064.864864864865	-0.16748413220296804	-0.16574485856965698
1065.865865865866	-0.16908639143352885	-0.16372687218043752
1066.866866866867	-0.1589711926180425	-0.162070894348829
1067.867867867868	-0.1612776243336581	-0.16368714084677524
1068.868868868869	-0.15999335187873137	-0.1615488621408201
1069.86986986987	-0.1625946688805779	-0.16869322817092502
1070.870870870871	-0.15607394089163146	-0.16962031620338222
1071.871871871872	-0.16305715099476106	-0.16057880502980715
1072.872872872873	-0.1655784315208107	-0.16755127975251227
1073.873873873874	-0.16523143061394274	-0.17001132464463312
1074.8748748748749	-0.1660435548791454	-0.1714298608410349
1075.8758758758759	-0.16912125630445118	-0.16977655392653482
1076.8768768768768	-0.16787780306489808	-0.16972448263779716
1077.8778778778778	-0.1673439007632202	-0.16823989618991494
1078.8788788788788	-0.1667605905473388	-0.16961062322494797
1079.8798798798798	-0.16835747751736385	-0.1670350611716586
1080.8808808808808	-0.16530764665384892	-0.17193528284041582
1081.881881881882	-0.16335680184868245	-0.16697813096131114
1082.882882882883	-0.16670148088909628	-0.1725309634458119
1083.883883883884	-0.1707965751768681	-0.17494432053321046
1084.884884884885	-0.16795304648474332	-0.16578090017155098
1085.885885885886	-0.1696675402380228	-0.16608434756343274
1086.886886886887	-0.1641227639709075	-0.171614600532005
1087.887887887888	-0.16010665131123164	-0.16857231381737198
1088.888888888889	-0.15833092534979676	-0.1680690418882428
1089.8898898898901	-0.15901145850203102	-0.16406099384682166
1090.8908908908913	-0.16570568697772547	-0.16679445467194948
1091.8918918918919	-0.15770515237976043	-0.16790147271540282
1092.892892892893	-0.16134745644356477	-0.17072195022940587
1093.893893893894	-0.16199737498097738	-0.16830378055026873
1094.894894894895	-0.16384830191638283	-0.17292468957688323
1095.8958958958963	-0.16727409095039858	-0.16727301306361278
1096.8968968968968	-0.16013728515710518	-0.17110812677702036
1097.897897897898	-0.1619984274234498	-0.1692598804884214
1098.898898898899	-0.15839806748677057	-0.16746855035765473
1099.8998998999	-0.15631614910450148	-0.17033681296282227
1100.9009009009012	-0.162955037116842	-0.1743588310502121
1101.9019019019017	-0.16262902129942636	-0.1686770678444293
1102.902902902903	-0.16437361572543607	-0.17081482958881705
1103.903903903904	-0.1627460930838622	-0.1691239518419142
1104.904904904905	-0.1637414048904063	-0.1693302187657197
1105.9059059059061	-0.16638301134777644	-0.17088089761342298
1106.9069069069067	-0.16408248319052113	-0.16596294379663004
1107.9079079079079	-0.16196136718783477	-0.172566967700794
1108.9089089089089	-0.15898944374330393	-0.16822751279998338
1109.9099099099099	-0.1641373089661105	-0.16505631122647452
1110.910910910911	-0.1619388413120335	-0.16834835281086025
1111.9119119119116	-0.16076304916475803	-0.16626589841566528
1112.912912912913	-0.16041231072910309	-0.16951660216332676
1113.913913913914	-0.16410613671740915	-0.1676909151742272
1114.914914914915	-0.16115516763448542	-0.16746637605818857
1115.915915915916	-0.16229550326073336	-0.16684546087589325
1116.916916916917	-0.16312210012218906	-0.17483903580218707
1117.917917917918	-0.15992886729766098	-0.1728371398719622
1118.918918918919	-0.16550373486540962	-0.16597747132880417
1119.91991991992	-0.1643150607068341	-0.17235103826955897
1120.9209209209212	-0.16638244233875601	-0.17368472092124443
1121.9219219219221	-0.16085270425484413	-0.17809936978749316
1122.9229229229231	-0.16098594379037018	-0.169432282885527
1123.9239239239241	-0.16455514830664839	-0.17011336294585067
1124.924924924925	-0.1646432548539867	-0.17099102825604115
1125.925925925926	-0.16050089820040414	-0.16740143839361246
1126.926926926927	-0.16699477790455677	-0.1732050894731615
1127.927927927928	-0.16691636835179563	-0.16733804532905927
1128.928928928929	-0.16463301032127234	-0.1716324105785084
1129.92992992993	-0.15804941484389878	-0.16705602521579727
1130.930930930931	-0.15936702214320744	-0.1650197599312177
1131.931931931932	-0.16549242846779286	-0.1666193404498927
1132.932932932933	-0.16488975907193176	-0.17210395224797476
1133.933933933934	-0.1613457890502646	-0.16705656558924686
1134.934934934935	-0.16281698826184307	-0.16925342522441655
1135.935935935936	-0.16380048125492097	-0.16735575751055806
1136.936936936937	-0.16380745399029262	-0.1633364400146426
1137.937937937938	-0.16301466295002057	-0.1696788302624343
1138.938938938939	-0.16519378044213948	-0.1682957042270821
1139.93993993994	-0.16144357472635085	-0.169809867000162
1140.940940940941	-0.16099128794640644	-0.16729502442446928
1141.9419419419419	-0.15636983922396985	-0.17003008697948915
1142.9429429429429	-0.16489835516319212	-0.16655326911861928
1143.943943943944	-0.16207896867139293	-0.16942688674522283
1144.944944944945	-0.16004699672004044	-0.16655061332629334
1145.945945945946	-0.15983859374892873	-0.17109041978274292
1146.946946946947	-0.15933154213772716	-0.16625678585929346
1147.947947947948	-0.1642709916465965	-0.1689488487983023
1148.948948948949	-0.16256721528631965	-0.16881617129723825
1149.94994994995	-0.1621869368283691	-0.16884145179140006
1150.950950950951	-0.1632816177621028	-0.1679691702859903
1151.9519519519522	-0.16841821511445182	-0.16800839021343822
1152.9529529529532	-0.16824792877212982	-0.1681695468270181
1153.9539539539542	-0.16224550965026308	-0.16726126118236553
1154.9549549549554	-0.1704973969260093	-0.17202502298201242
1155.955955955956	-0.16381716498751703	-0.16783973380764639
1156.9569569569571	-0.16577068615515422	-0.16753946763814853
1157.9579579579581	-0.16059811120352913	-0.16852293808433538
1158.958958958959	-0.16277777281317807	-0.167971858321756
1159.9599599599603	-0.1646921181020879	-0.1703196470617374
1160.9609609609608	-0.1645809279849777	-0.16731599777668818
1161.961961961962	-0.1621123237128304	-0.16422696914643464
1162.962962962963	-0.16950480095251858	-0.16826832721365714
1163.963963963964	-0.1676205430032583	-0.17464351692686908
1164.9649649649652	-0.16116534332067406	-0.1751946131132382
1165.9659659659658	-0.16084953314517234	-0.1691025036166767
1166.966966966967	-0.15710572208581913	-0.17224521867147935
1167.967967967968	-0.1593885235638247	-0.17011173482527472
1168.968968968969	-0.1611562233315919	-0.17085513848937425
1169.9699699699702	-0.16618212867338022	-0.16898807264104482
1170.9709709709707	-0.16874260480591963	-0.1647135760789282
1171.971971971972	-0.16508748979374574	-0.16889674309991598
1172.972972972973	-0.17015634987907707	-0.163589907110686
1173.973973973974	-0.1657733533192574	-0.16325152372740567
1174.974974974975	-0.1681646571270698	-0.1709872546276459
1175.975975975976	-0.16382090336464233	-0.1616637728185231
1176.976976976977	-0.16200005485414276	-0.16590871748029776
1177.977977977978	-0.15849418301547563	-0.16652856915565248
1178.978978978979	-0.1607802000158392	-0.16631262535720762
1179.97997997998	-0.15627852711887677	-0.16798096543543029
1180.980980980981	-0.15960281106968444	-0.16574598851199418
1181.981981981982	-0.16444717646710935	-0.1659570584699302
1182.9829829829832	-0.16218157567562136	-0.16367696710225044
1183.9839839839842	-0.1607549501511562	-0.15996112742256116
1184.9849849849852	-0.16046974050333884	-0.16046546686197202
1185.9859859859862	-0.16386008007328765	-0.1608247839238016
1186.9869869869872	-0.16126575971915674	-0.15966726786264365
1187.9879879879882	-0.1621471960510449	-0.16223475415269875
1188.9889889889891	-0.16611549924007063	-0.1639503240240996
1189.9899899899901	-0.15877453033658867	-0.1650777526032809
1190.9909909909911	-0.16127379601379122	-0.17235477133203558
1191.991991991992	-0.1612458781191744	-0.16483390987092103
1192.992992992993	-0.15709923487059202	-0.16749326383388866
1193.993993993994	-0.16549188288776023	-0.17068701928425
1194.994994994995	-0.16499074158927757	-0.16866474164504172
1195.995995995996	-0.16042191093138847	-0.1709518387871386
1196.996996996997	-0.15795756709956182	-0.16540326723914997
1197.997997997998	-0.15782381543415125	-0.16180719810971914
1198.998998998999	-0.15743869049574147	-0.16849122658743415
1200.0	-0.15257955340682242	-0.16298299557147905
1203.0050083472454	-0.15709709370999111	-0.16632502412124933
1206.0100166944906	-0.15836793614493283	-0.16473190965913553
1209.0150250417362	-0.16447456950337697	-0.1654210388290153
1212.0200333889816	-0.15864725474787103	-0.1704764556449857
1215.025041736227	-0.15846088159752922	-0.16797665319663718
1218.0300500834724	-0.15914304924200717	-0.16837896103234237
1221.0350584307178	-0.16357865537463742	-0.16664029084948678
1224.0400667779634	-0.15976232883751762	-0.17053929965403294
1227.0450751252088	-0.16207090766844298	-0.16680361062822452
1230.0500834724542	-0.16025221875880952	-0.16438167212200538
1233.0550918196996	-0.1590168144620346	-0.16403575793861983
1236.060100166945	-0.16281754508930413	-0.16467123356556398
1239.0651085141903	-0.16491179725704586	-0.1680502972365122
1242.0701168614357	-0.16216385555484064	-0.16317045816876924
1245.0751252086811	-0.15681351809150582	-0.16418295841393685
1248.0801335559265	-0.15824707577449465	-0.16303567002899008
1251.0851419031721	-0.1518214151937892	-0.16274452564385786
1254.0901502504173	-0.15699611934859545	-0.1670512407921602
1257.0951585976627	-0.15835022808872778	-0.16728485679355568
1260.100166944908	-0.16505681416709655	-0.16365923641783986
1263.1051752921533	-0.15998634673450085	-0.16693138540542324
1266.110183639399	-0.1666773728605951	-0.16319995193782832
1269.1151919866445	-0.16049771063492219	-0.16703021990227335
1272.12020033389	-0.15713312759430836	-0.1672541858969056
1275.1252086811353	-0.15264379862142818	-0.16214878301941343
1278.1302170283807	-0.15747367144733324	-0.1623883373151613
1281.135225375626	-0.15945191242508427	-0.16956976658079348
1284.1402337228715	-0.1627998547567901	-0.17341725802825084
1287.1452420701169	-0.16792134886619953	-0.165186325545904
1290.1502504173623	-0.15916023162429185	-0.16646844844463043
1293.1552587646077	-0.16397559165226028	-0.16162569974715726
1296.160267111853	-0.16371185409837818	-0.15347640012196828
1299.1652754590984	-0.16163694061298975	-0.15987953537891586
1302.1702838063438	-0.16128137014997768	-0.16121372261134598
1305.1752921535892	-0.16316451333914817	-0.15866342144215287
1308.1803005008348	-0.15962909794601648	-0.15985476681514718
1311.1853088480802	-0.1597370663291259	-0.16109180469182752
1314.1903171953256	-0.15955392892667855	-0.1598993531706095
1317.1953255425708	-0.16348731979573036	-0.1672005135079654
1320.2003338898164	-0.15653257141238	-0.16283472672427168
1323.2053422370618	-0.1623072271632391	-0.1606045569387158
1326.2103505843072	-0.1631972563299145	-0.15245630245988095
1329.2153589315526	-0.15649764417860385	-0.15571183168941394
1332.220367278798	-0.15761917893750477	-0.15650679333024278
1335.2253756260434	-0.15753002505536118	-0.1523553366385224
1338.2303839732888	-0.15811497208508232	-0.16220627875169186
1341.2353923205342	-0.1588594345275531	-0.1629786813710097
1344.2404006677796	-0.16366782619710685	-0.16143927585216739
1347.245409015025	-0.16325853965001608	-0.1651948975656365
1350.2504173622704	-0.1623771416544713	-0.1604455942190297
1353.2554257095157	-0.1626843640417192	-0.15959209688586595
1356.2604340567614	-0.15888951004370475	-0.16021999473122606
1359.2654424040068	-0.16060507867988022	-0.16065452911358055
1362.2704507512524	-0.15803708609153994	-0.15611527464234176
1365.2754590984975	-0.15842489370992338	-0.15634245475049802
1368.280467445743	-0.1589201600895711	-0.153946335481797
1371.2854757929883	-0.16000031438726636	-0.16121527639434105
1374.2904841402335	-0.16061209967542212	-0.16014906311994523
1377.2954924874791	-0.15797424074746955	-0.1653833793478456
1380.3005008347245	-0.15674692950808372	-0.16023125930373533
1383.30550918197	-0.15188217167815976	-0.16041013873836957
1386.3105175292155	-0.15269592420525024	-0.16009700658955917
1389.3155258764607	-0.1560164321625463	-0.16285622333514982
1392.320534223706	-0.16610052415067708	-0.1603359922276566
1395.3255425709515	-0.16093335685446966	-0.15811604584754518
1398.3305509181966	-0.15886919691169799	-0.16093598916264196
1401.3355592654425	-0.15449098396310942	-0.1638198236356102
1404.340567612688	-0.1522919837957967	-0.15924135593280517
1407.3455759599335	-0.1538362287754867	-0.15454684314461234
1410.3505843071787	-0.15060378322596166	-0.15770084899944348
1413.355592654424	-0.15439751240896302	-0.15489327362427624
1416.3606010016695	-0.1583287653000372	-0.15234623828023303
1419.3656093489146	-0.15764876467128364	-0.1527496273711253
1422.3706176961603	-0.15431966102180586	-0.15317072661328518
1425.3756260434056	-0.1517258218136069	-0.1535821695067203
1428.380634390651	-0.15819983974969568	-0.1515169126309811
1431.3856427378967	-0.15157759477209853	-0.15071335124099428
1434.3906510851418	-0.15218613557152105	-0.1508143443458128
1437.3956594323872	-0.15545456274432898	-0.14919277706431977
1440.4006677796326	-0.15511133590107265	-0.15715895173590136
1443.4056761268778	-0.16195113907686542	-0.1593321877686401
1446.4106844741236	-0.1567485000284705	-0.1520008945824775
1449.415692821369	-0.1572577007490788	-0.1534812030841989
1452.4207011686146	-0.15774380995742793	-0.15032877144842074
1455.4257095158598	-0.1516796244762518	-0.15028687025521065
1458.4307178631052	-0.14849606684424085	-0.15217166876374819
1461.4357262103506	-0.15026429216732448	-0.1522667390522628
1464.4407345575958	-0.15525367632653198	-0.15362568353393588
1467.4457429048414	-0.15867306801541073	-0.15820793786027942
1470.4507512520868	-0.1570079755796956	-0.16079635642702506
1473.4557595993322	-0.15288066614751594	-0.1546349429691608
1476.4607679465778	-0.1531212844970153	-0.1598617466713003
1479.465776293823	-0.1585430885913075	-0.15570542993658698
1482.4707846410683	-0.15681356245799927	-0.16427531679101015
1485.4757929883137	-0.15814079097502992	-0.16836609298098754
1488.480801335559	-0.15739576426598348	-0.1624308327979906
1491.4858096828048	-0.14984265747463527	-0.16511970125836864
1494.4908180300501	-0.1565653455799256	-0.16563697953803883
1497.4958263772958	-0.1582594708580317	-0.16246040872801545
1500.500834724541	-0.14974975418228986	-0.16314789307850408
1503.5058430717863	-0.15566731751133206	-0.16258178806091902
1506.5108514190317	-0.15841416167666997	-0.16283584984041832
1509.515859766277	-0.15111297503141294	-0.16209998026122915
1512.5208681135225	-0.1543625968383899	-0.16445524922444144
1515.525876460768	-0.15310572241467843	-0.16216009428175526
1518.5308848080133	-0.1586429826427916	-0.16243513017184386
1521.535893155259	-0.15526446594986026	-0.16524323991301565
1524.5409015025043	-0.15948093205251826	-0.1656923158308664
1527.5459098497495	-0.1571777120808599	-0.16389451699517738
1530.5509181969949	-0.15942610372607766	-0.16249801509527712
1533.55592654424	-0.15971130507140924	-0.16334880507683108
1536.5609348914859	-0.15429223504876108	-0.15874938057448035
1539.5659432387313	-0.15723838808517612	-0.15765310325788437
1542.570951585977	-0.15381526852701233	-0.16247118690026846
1545.575959933222	-0.15184565526758323	-0.1586855263584483
1548.5809682804675	-0.1616648882132608	-0.15754680032231638
1551.5859766277129	-0.1575896770346955	-0.15142512771667715
1554.590984974958	-0.1614199363752407	-0.1535279721909222
1557.5959933222036	-0.1539984296119315	-0.16064920247056222
1560.601001669449	-0.16008733775414247	-0.1467434633951481
1563.6060100166944	-0.15308424538895324	-0.14191572507049727
1566.61101836394	-0.1527458685934141	-0.1450402289064482
1569.6160267111854	-0.15887770269434076	-0.14250872253640454
1572.6210350584306	-0.15599815089745567	-0.14640933581814675
1575.626043405676	-0.16056053092089584	-0.14698623977861425
1578.6310517529212	-0.15808220940725073	-0.14783599499949693
1581.636060100167	-0.15266203662055686	-0.15316380108331148
1584.6410684474124	-0.15714114832153142	-0.14611773378136858
1587.646076794658	-0.15718897642907215	-0.14631377715931954
1590.6510851419032	-0.15142075711309932	-0.1459828762599667
1593.6560934891486	-0.15172098467953035	-0.15407418257587613
1596.661101836394	-0.1514459813875003	-0.1570407336500551
1599.6661101836391	-0.15739955739767217	-0.1500747034102503
1602.6711185308848	-0.157011230521097	-0.1472558594051282
1605.6761268781302	-0.16578305712666289	-0.1466532102301743
1608.6811352253756	-0.1568248146271913	-0.1494902997025191
1611.6861435726212	-0.14808197979875798	-0.14984695419844055
1614.6911519198666	-0.15473162658185982	-0.15643968187543073
1617.6961602671117	-0.1537438508549081	-0.15864888534911475
1620.7011686143571	-0.15187946704559113	-0.15691182187376934
1623.7061769616028	-0.14958163774527203	-0.15910009079936532
1626.7111853088481	-0.14961066279458618	-0.15931923733435152
1629.7161936560935	-0.14755399339964798	-0.15634782344653064
1632.7212020033392	-0.14773605358925562	-0.15627853281670698
1635.7262103505843	-0.14909657563784812	-0.14988454890294853
1638.7312186978297	-0.14585985606453888	-0.15296014225395718
1641.736227045075	-0.1478848472019958	-0.1535101649218601
1644.7412353923203	-0.15455600350410784	-0.14847566068422355
1647.746243739566	-0.15080575632396076	-0.15184345027825016
1650.7512520868113	-0.1531460300196861	-0.1539860598658205
1653.7562604340567	-0.1515883264052955	-0.15370139274119982
1656.7612687813023	-0.15255676419504088	-0.15616466686331856
1659.7662771285477	-0.15574623206506394	-0.1512241570989368
1662.7712854757929	-0.15146748418784728	-0.15109525822510583
1665.7762938230383	-0.1546188057920096	-0.15274477658981178
1668.7813021702839	-0.15117634551245412	-0.1609086026449691
1671.7863105175293	-0.1524020630366039	-0.16327786464558883
1674.7913188647747	-0.1565658721878571	-0.1625344889306533
1677.7963272120203	-0.15009080831332824	-0.15448079628958283
1680.8013355592655	-0.1509840677598618	-0.14383822462898477
1683.8063439065108	-0.1529628310026956	-0.14131987032083196
1686.8113522537562	-0.15072192720150776	-0.14179766050813422
1689.8163606010014	-0.15409671682571635	-0.13938047242400536
1692.821368948247	-0.15629680304456364	-0.1375655622988837
1695.8263772954924	-0.15198421278496183	-0.13178325479062913
1698.8313856427378	-0.14726014102549667	-0.12539440794104242
1701.8363939899834	-0.149875962771788	-0.12872695990294508
1704.8414023372288	-0.1467036841377728	-0.14944718421795666
1707.846410684474	-0.15221838915440927	-0.14395672299185674
1710.8514190317194	-0.15071656813856163	-0.13661050429203214
1713.8564273789646	-0.1554835723685776	-0.13749900327995895
1716.8614357262104	-0.1501407510201751	-0.13621758518591726
1719.8664440734558	-0.15318573925503093	-0.13185592757710998
1722.8714524207014	-0.15004299724994385	-0.14843312687731883
1725.8764607679466	-0.1543335874193405	-0.13716055387566478
1728.881469115192	-0.1557714775228735	-0.15900928837617068
1731.8864774624374	-0.1562162182823196	-0.14577868493577392
1734.8914858096825	-0.1564224722866081	-0.14455336939438268
1737.8964941569277	-0.15091689706244768	-0.1352057013246148
1740.9015025041735	-0.15042864630779362	-0.14974823772585785
1743.9065108514194	-0.14999625654374982	-0.1495862518462473
1746.9115191986646	-0.14699264467523615	-0.15333077586411714
1749.9165275459102	-0.15175484135361378	-0.16491984642112914
1752.9215358931554	-0.1454570037725901	-0.16236311999819755
1755.9265442404005	-0.1500290313036375	-0.16405827668658793
1758.9315525876457	-0.1497867762609557	-0.15775990052665706
1761.9365609348915	-0.1471027505617784	-0.15759554675047951
1764.941569282137	-0.1510463562633224	-0.16228681921935845
1767.9465776293825	-0.14978142751332768	-0.15875465184431053
1770.9515859766277	-0.1546848690069141	-0.16282071892727532
1773.9565943238729	-0.14931411545084372	-0.1617577719697609
1776.9616026711185	-0.14912988306303726	-0.16005292475523675
1779.9666110183637	-0.15230807470303348	-0.1578587488052495
1782.9716193656095	-0.1512381224630489	-0.16088921650369728
1785.9766277128547	-0.15183164399692273	-0.1558187685040012
1788.9816360601005	-0.15487556177094858	-0.15638387286522068
1791.9866444073457	-0.15621784465076843	-0.16251466058379846
1794.991652754591	-0.15652613754337857	-0.15754027483331118
1797.9966611018363	-0.1537395276502458	-0.1580505885944823
1801.0016694490816	-0.1529821709270254	-0.16294860539417588
1804.0066777963268	-0.15495880254957353	-0.15933804615144065
1807.0116861435727	-0.151481424580031	-0.16269188476705734
1810.0166944908178	-0.15681778926399606	-0.16041388921573274
1813.0217028380637	-0.1548137659341988	-0.15896796369123106
1816.0267111853088	-0.15118385772569914	-0.15911404359452652
1819.0317195325542	-0.1519111467786984	-0.16016947781276503
1822.0367278797996	-0.15298326771818477	-0.1552482978964147
1825.0417362270448	-0.15835618334632084	-0.15646597975241888
1828.0467445742906	-0.1572061583271828	-0.16226964983110992
1831.0517529215358	-0.15033417427135923	-0.15642567947745573
1834.0567612687817	-0.15324916623832918	-0.15520265998531246
1837.0617696160268	-0.15356711714615787	-0.15834002410109324
1840.0667779632722	-0.15110062525192913	-0.15209696878312712
1843.0717863105174	-0.15280979434859954	-0.1589088370540081
1846.0767946577628	-0.15147344389381662	-0.15661961696387441
1849.081803005008	-0.1508739862424878	-0.15657235718283313
1852.0868113522538	-0.15293061453065548	-0.15721420102266492
1855.0918196994992	-0.15366861473909918	-0.16453795356747483
1858.0968280467448	-0.15051353487919975	-0.16362967856707614
1861.10183639399	-0.15037926275743732	-0.16062500728937867
1864.1068447412356	-0.15054685220344555	-0.16074798337084112
1867.1118530884808	-0.14908640367503662	-0.1624957935862006
1870.116861435726	-0.15206909975885088	-0.16285296602626184
1873.1218697829718	-0.15783942506679624	-0.1638654410168767
1876.126878130217	-0.15426217545214535	-0.16020277571947922
1879.1318864774628	-0.1528521946903549	-0.15553030907933524
1882.136894824708	-0.15065425062294185	-0.15713738940768118
1885.1419031719531	-0.1478101605623246	-0.15716476532689844
1888.1469115191983	-0.14993988453237728	-0.1544184236871969
1891.151919866444	-0.14958860737542562	-0.15806982865386665
1894.1569282136895	-0.15817994792747142	-0.15685324490084357
1897.161936560935	-0.1564971373782641	-0.15256375256875573
1900.1669449081808	-0.15905013457638398	-0.14928728110126033
1903.171953255426	-0.1572888920185584	-0.14800837191857913
1906.176961602671	-0.14433495044244454	-0.14813406099433044
1909.1819699499165	-0.14142103664861355	-0.15455706155150212
1912.1869782971619	-0.13863495561422978	-0.16802019448575875
1915.191986644407	-0.1478617508757693	-0.15792109684504535
1918.196994991653	-0.15625597581121897	-0.15570864659985215
1921.202003338898	-0.151471234323431	-0.16056911079494623
1924.207011686144	-0.15387703556248863	-0.15540841034732894
1927.212020033389	-0.1517317609678312	-0.15916881278949857
1930.2170283806345	-0.15283448061285615	-0.15390494083464243
1933.2220367278796	-0.15654658647719075	-0.14983409565513622
1936.227045075125	-0.15500125326241218	-0.1474315224203374
1939.2320534223709	-0.15495934015802956	-0.14583785308972866
1942.237061769616	-0.1546166602601262	-0.16097416092764583
1945.2420701168614	-0.15424498915502052	-0.1559182104511323
1948.247078464107	-0.15603848151810848	-0.1577653332589242
1951.2520868113522	-0.16054764953055073	-0.15891157774403278
1954.2570951585976	-0.15466016434220087	-0.16201081484504667
1957.262103505843	-0.15125317783695938	-0.15565869541807797
1960.2671118530882	-0.14968475549027904	-0.15420950013872406
1963.272120200334	-0.1573458061277584	-0.154477015702787
1966.2771285475792	-0.1607114744304311	-0.154739678260005
1969.282136894825	-0.15508347535157113	-0.16183032307680564
1972.2871452420702	-0.1556861245970144	-0.15562112287502924
1975.2921535893158	-0.1566797532945582	-0.15866929784424014
1978.297161936561	-0.15543845511908363	-0.16106920524486495
1981.3021702838062	-0.1584893532029064	-0.1506059266162378
1984.3071786310518	-0.15764283273559812	-0.15317125787664973
1987.3121869782972	-0.15263464010484926	-0.1526593609325793
1990.3171953255426	-0.15401614191613086	-0.15279308822049442
1993.3222036727882	-0.15678398633713875	-0.15749459623505144
1996.3272120200334	-0.15991059747803946	-0.16061638051272797
1999.3322203672785	-0.15505117362634202	-0.16268057574455025
2002.3372287145241	-0.15553032728903032	-0.15721529273461374
2005.3422370617693	-0.15580854258104954	-0.16279551659122182
2008.3472454090152	-0.15394953907290848	-0.15184778855039172
2011.3522537562603	-0.1613490329874565	-0.15936063978896714
2014.3572621035062	-0.1548417248327791	-0.15925103174861022
2017.3622704507513	-0.15119461857347005	-0.15810315896918797
2020.3672787979967	-0.15346771380574323	-0.1570718669644623
2023.372287145242	-0.15416061448387902	-0.15393717243538663
2026.3772954924873	-0.15665557847112993	-0.15137077677437466
2029.382303839733	-0.1504845203348872	-0.15818210825261914
2032.3873121869783	-0.15157865551582708	-0.15214799209259094
2035.3923205342235	-0.1551967686618179	-0.155301467481069
2038.3973288814693	-0.15298808311764472	-0.15694238969339036
2041.4023372287145	-0.1512741027909822	-0.15955607654642312
2044.4073455759599	-0.15407575617244118	-0.16171102729637904
2047.4123539232053	-0.14876839425528882	-0.15805159554530807
2050.4173622704507	-0.1479868629469939	-0.15736243557626112
2053.4223706176963	-0.15287205028457618	-0.14719404932452823
2056.4273789649415	-0.14696203883234726	-0.14783217331185694
2059.432387312187	-0.14699264849858687	-0.14947310876112785
2062.4373956594322	-0.1436882645086334	-0.14864756463907527
2065.442404006678	-0.1420548852106573	-0.15019015895618737
2068.447412353923	-0.1529940553658499	-0.14924695146374045
2071.4524207011686	-0.15260084994411882	-0.14812865637262462
2074.4574290484143	-0.14659360604190613	-0.15293702733291112
2077.4624373956594	-0.13662029975581608	-0.15240044008451295
2080.4674457429046	-0.11849758361899915	-0.1504082298751172
2083.47245409015	-0.13468148392225715	-0.15132298208699474
2086.4774624373963	-0.14438547385903466	-0.15006878141189012
2089.4824707846415	-0.14332380651236631	-0.15711051843842927
2092.4874791318866	-0.1329265702171847	-0.1485497573874137
2095.492487479132	-0.13854595585515664	-0.15549965632317758
2098.4974958263774	-0.13793385549913814	-0.1574650077319379
2101.5025041736226	-0.1468775780902824	-0.15416920151880573
2104.507512520868	-0.13737164328534185	-0.16490481074644203
2107.5125208681134	-0.13675340747356762	-0.1605857698453776
2110.5175292153585	-0.12460845605018266	-0.15765194064459606
2113.5225375626037	-0.143932647500197	-0.14230941758092197
2116.52754590985	-0.14285436535136647	-0.14519111291456271
2119.5325542570954	-0.132148590397924	-0.1480411287275812
2122.5375626043406	-0.13068106830987178	-0.14694002236951298
2125.5425709515857	-0.13001252734548802	-0.1450047478317127
2128.5475792988314	-0.13474961691912235	-0.14492577788460426
2131.552587646077	-0.1377959326136239	-0.14825331322635188
2134.557595993322	-0.14103863204368378	-0.14799764441367233
2137.5626043405678	-0.1285946642223011	-0.15209108294870813
2140.567612687813	-0.12457955264987249	-0.1509410821806185
2143.5726210350585	-0.14244242144094277	-0.1518032111510311
2146.5776293823037	-0.147159039807371	-0.14931684642119053
2149.5826377295493	-0.13398213367328288	-0.15092985323149044
2152.5876460767945	-0.13292845740225828	-0.14905256649790216
2155.59265442404	-0.12571280703191115	-0.15609220122573494
2158.5976627712853	-0.12157812389548568	-0.14845208221502734
2161.602671118531	-0.14501928296016658	-0.15003337353757046
2164.6076794657765	-0.1335568727961951	-0.14631000267544372
2167.6126878130217	-0.16038376965989215	-0.15107539978528559
2170.617696160267	-0.14952358963540618	-0.14574171547951978
2173.6227045075125	-0.13122439819639847	-0.14209407080179565
2176.627712854758	-0.12269535347601274	-0.14660218913077028
2179.6327212020033	-0.14218691492932042	-0.14594903698445377
2182.637729549249	-0.14492125682581913	-0.14811632295055818
2185.642737896494	-0.14716397928004876	-0.14438596649774535
2188.6477462437397	-0.1440711853116713	-0.1507670716219095
2191.652754590985	-0.14499342595043485	-0.14927979564919042
2194.6577629382305	-0.14627823542118767	-0.15824770956872536
2197.6627712854756	-0.14833544591241127	-0.15820200986417185
2200.6677796327217	-0.15209589731010142	-0.15868219266123315
2203.672787979967	-0.1520110201538612	-0.15285702683162541
2206.677796327212	-0.1534575290694454	-0.1597655679631504
2209.6828046744577	-0.1471666729221765	-0.15411660134106236
2212.687813021703	-0.14743844532426553	-0.1532824340471021
2215.692821368948	-0.144387561441784	-0.1501670820684739
2218.6978297161936	-0.1509265703142051	-0.14898970005267648
2221.702838063439	-0.15107910659474727	-0.15134124734477997
2224.707846410684	-0.1496605624057501	-0.15067628969446187
2227.712854757929	-0.14883660117374206	-0.1466489093897421
2230.717863105175	-0.15130092484828403	-0.14698729984868691
2233.722871452421	-0.1468191359347295	-0.14671981659434347
2236.727879799666	-0.14130981500680365	-0.15053718649122066
2239.7328881469116	-0.14789984876496626	-0.15166032955760392
2242.737896494157	-0.1503631312634635	-0.14801696980588852
2245.7429048414024	-0.15127302603232423	-0.14256027849721778
2248.7479131886475	-0.15296498677578968	-0.1495682182075139
2251.752921535893	-0.14748520421854977	-0.1572384088262682
2254.757929883139	-0.1504517500520083	-0.15749837345993
2257.762938230384	-0.14687663100691672	-0.15613836651564708
2260.767946577629	-0.14292872666159193	-0.1483725433124235
2263.7729549248747	-0.14502619578575468	-0.1546563963627932
2266.7779632721204	-0.15018854306913726	-0.15663250361480888
2269.7829716193655	-0.1421805039891701	-0.15613511671040875
2272.7879799666107	-0.14871628900246858	-0.15369868436137876
2275.7929883138563	-0.15180102602842252	-0.15397477622670774
2278.797996661102	-0.15032071261661528	-0.14779080436961312
2281.803005008347	-0.1505828237489531	-0.1549717018847625
2284.8080133555927	-0.15204006080868016	-0.15471549243049115
2287.8130217028383	-0.14440423399477328	-0.16083930320406742
2290.8180300500835	-0.14797988664636244	-0.14966651866424768
2293.8230383973287	-0.14826510228748088	-0.15190313897630103
2296.8280467445743	-0.14512397929627646	-0.15021760622675273
2299.83305509182	-0.1522549029282438	-0.1531546292741754
2302.838063439065	-0.1505119378891448	-0.15698436456008458
2305.8430717863102	-0.14574491807980205	-0.15355048563161688
2308.848080133556	-0.14900311899339697	-0.1551199606785974
2311.853088480802	-0.15117899786974173	-0.15698324258465607
2314.858096828047	-0.14884572066205906	-0.15080250449995217
2317.8631051752923	-0.14567452615126933	-0.1569434961219991
2320.8681135225374	-0.14473293820616523	-0.1545323197416147
2323.873121869783	-0.1446163802985238	-0.15797854341155904
2326.8781302170282	-0.14438002929355945	-0.153744930431242
2329.883138564274	-0.14837519504909844	-0.153293754089424
2332.888146911519	-0.1467396389462513	-0.14949139841311646
2335.893155258764	-0.1468325833722715	-0.14897412910535132
2338.8981636060093	-0.14824468657369633	-0.14948279438374953
2341.9031719532554	-0.14666875137182503	-0.15498999571140765
2344.908180300501	-0.14856697523664805	-0.15247732879737586
2347.913188647746	-0.14635721781950078	-0.14957144937209824
2350.9181969949914	-0.14589098331052686	-0.14591575355673003
2353.923205342237	-0.1408951512872173	-0.14945543637944186
2356.9282136894826	-0.14682076728015148	-0.14641797008615565
2359.933222036728	-0.15182251483449824	-0.1518628398977267
2362.938230383973	-0.1513305115997437	-0.15158030810666778
2365.943238731219	-0.14654201861043017	-0.15179890310922384
2368.948247078464	-0.14708237348852912	-0.14795896462836106
2371.9532554257094	-0.14774464010297444	-0.1544018313430372
2374.958263772955	-0.14902193664828922	-0.15559158417498198
2377.9632721202006	-0.15310253214720182	-0.1531191562317373
2380.9682804674458	-0.15100986582944204	-0.1489859288124629
2383.973288814691	-0.1481147417416787	-0.1468631994938754
2386.9782971619366	-0.14696633784498309	-0.14405886471311363
2389.983305509182	-0.14635884295376203	-0.14261237255307055
2392.9883138564273	-0.14947847975259215	-0.13823262080035362
2395.9933222036725	-0.1483924324116317	-0.13442007166215705
2398.998330550918	-0.1492620381410072	-0.15063704617377463
2402.0033388981637	-0.14611390099041555	-0.15914091209667736
2405.008347245409	-0.1438746163929618	-0.15509898910209036
2408.013355592654	-0.1509523535165198	-0.15320937283435887
2411.0183639399	-0.1493141443211743	-0.15363852327394056
2414.0233722871453	-0.1486346919782796	-0.15604646322731483
2417.0283806343905	-0.1487963331533615	-0.15208515195147987
2420.033388981636	-0.14589904279019356	-0.15099318538899467
2423.038397328882	-0.15073267041498054	-0.15200677826247752
2426.0434056761273	-0.14849176061850283	-0.15215018123027094
2429.0484140233725	-0.1504566050036769	-0.15483472254311828
2432.0534223706177	-0.1496278232413967	-0.15648696217172758
2435.0584307178633	-0.1454317594885999	-0.15017352853313404
2438.0634390651085	-0.141198121066126	-0.15254763231086899
2441.0684474123536	-0.15162808019796145	-0.15987137494796266
2444.0734557595993	-0.14810881517438734	-0.15857421411730327
2447.0784641068444	-0.14320967222973838	-0.15507429894191058
2450.0834724540896	-0.15233602345791458	-0.15966838927394555
2453.0884808013357	-0.14307268767224787	-0.151167246432096
2456.0934891485813	-0.14488014360333915	-0.15708855378147552
2459.0984974958265	-0.14658069569518764	-0.151992809425726
2462.1035058430716	-0.1453313284641006	-0.152767324146058
2465.1085141903172	-0.1381085572419788	-0.14377204820431372
2468.113522537563	-0.1483553493284545	-0.13818858757940877
2471.118530884808	-0.1505274885011451	-0.14261616073699407
2474.123539232053	-0.14660161707041586	-0.14606452259472893
2477.128547579299	-0.14486563717194323	-0.1449993877490922
2480.1335559265444	-0.1466499759747265	-0.1466064847224537
2483.1385642737896	-0.14817972906094973	-0.14968098702059118
2486.1435726210348	-0.1494994794874931	-0.14883820670594944
2489.1485809682804	-0.15281460483299142	-0.14984907671527972
2492.153589315526	-0.1491159497178369	-0.1410831391360363
2495.158597662771	-0.15337160050848012	-0.13952332472550577
2498.163606010017	-0.1472870209375382	-0.1476323429243531
2501.1686143572624	-0.15177313599481107	-0.13969520530149698
2504.1736227045076	-0.14515944528511812	-0.1421090675717402
2507.1786310517527	-0.1483660901509079	-0.14636259558125628
2510.1836393989984	-0.1465393219002314	-0.14226215561948677
2513.188647746244	-0.1458705936790093	-0.1410160295957147
2516.193656093489	-0.1418700636128821	-0.1452985602869346
2519.1986644407343	-0.14108961075586868	-0.14385421195415413
2522.20367278798	-0.14228097796993952	-0.13786630773343014
2525.2086811352256	-0.14785045472509797	-0.14514281396489542
2528.2136894824707	-0.14639645948869054	-0.14573259680314168
2531.218697829716	-0.14731655203684574	-0.14906817380486284
2534.2237061769615	-0.14677995367414687	-0.14511758526291887
2537.2287145242076	-0.14307053554944144	-0.14418461316915682
2540.2337228714528	-0.14637172656772882	-0.15308427481918127
2543.238731218698	-0.14542315228966723	-0.14656513761244153
2546.2437395659435	-0.14473885891277855	-0.144859205836811
2549.2487479131887	-0.15376048204535248	-0.14301361982633037
2552.253756260434	-0.14794392318225458	-0.14257210835232997
2555.2587646076795	-0.145026228557302	-0.1437312404850955
2558.2637729549247	-0.14423396279425005	-0.14769468705508576
2561.26878130217	-0.149176065386927	-0.14522929147613153
2564.273789649415	-0.14146613201590003	-0.14876360716174833
2567.278797996661	-0.143409466175847	-0.1476463753877053
2570.2838063439067	-0.14179162653114097	-0.1387219686163893
2573.288814691152	-0.14060887782081138	-0.1367238394286022
2576.293823038397	-0.14833923053797765	-0.1363897475245021
2579.2988313856426	-0.1435308376337816	-0.1313584480307804
2582.3038397328883	-0.1408774182190102	-0.13631398769653238
2585.3088480801334	-0.15064885975820813	-0.14192375714419997
2588.313856427379	-0.1387369584350121	-0.1422078987637922
2591.3188647746247	-0.1385059917198957	-0.13285272828550282
2594.32387312187	-0.1451561923979237	-0.1342181073280831
2597.328881469115	-0.13613887436127411	-0.13645579731455662
2600.3338898163606	-0.14498914429191612	-0.13840126615361567
2603.3388981636062	-0.140285507423191	-0.13238598506322483
2606.3439065108514	-0.1480234032002769	-0.13460111631246435
2609.3489148580966	-0.14653020559609112	-0.14008895531845528
2612.353923205342	-0.1481066483585143	-0.14278107319126598
2615.358931552588	-0.1478251969043875	-0.13989612678229094
2618.363939899833	-0.14765814006292022	-0.13757141926178043
2621.368948247078	-0.1519277768256171	-0.1391822607498518
2624.3739565943238	-0.14851647905861348	-0.13488416505219183
2627.3789649415694	-0.14233519652906984	-0.1390308001046156
2630.3839732888146	-0.1436264605138171	-0.13935952310420474
2633.38898163606	-0.14365331648578294	-0.1406389916215416
2636.393989983306	-0.14111057831534723	-0.13732866440123398
2639.398998330551	-0.14043915720783345	-0.13851786435275082
2642.404006677796	-0.14054551244078559	-0.1380698816295985
2645.4090150250418	-0.14542156835052322	-0.139344504305435
2648.414023372288	-0.14459975866198888	-0.12681059592263183
2651.419031719533	-0.14669563549641862	-0.13355961154354118
2654.424040066778	-0.1523333496713479	-0.13246765665584778
2657.4290484140233	-0.14745028820792686	-0.13905392896086377
2660.434056761269	-0.1414070442193028	-0.1413974049126559
2663.439065108514	-0.14145431626085364	-0.13174358202514774
2666.4440734557593	-0.13975591573307156	-0.13603202314319654
2669.449081803005	-0.14645662464726028	-0.14186524524378605
2672.45409015025	-0.14998931942217145	-0.13678615150313517
2675.4590984974952	-0.14617997562902177	-0.14261345543564696
2678.4641068447413	-0.14531145397106734	-0.13364879371325872
2681.469115191987	-0.14406798437215776	-0.13946910546771094
2684.474123539232	-0.13995090348283762	-0.1349470252822763
2687.4791318864773	-0.14332566782218414	-0.13122473947129584
2690.484140233723	-0.1450885096136962	-0.13272919879605055
2693.4891485809685	-0.14507185711646461	-0.13427506924741167
2696.4941569282137	-0.1454430436853512	-0.13865856412526906
2699.499165275459	-0.14679284558865116	-0.14251460308884106
2702.5041736227045	-0.14536407144328034	-0.14632501683504398
2705.50918196995	-0.14047513191537006	-0.1393020860301556
2708.5141903171952	-0.14746479889423073	-0.14365984287512978
2711.5191986644404	-0.14662904194670665	-0.13977366282057846
2714.524207011686	-0.1465135430165895	-0.13665454807607058
2717.5292153589317	-0.14231856999684264	-0.14108639632648548
2720.534223706177	-0.14959233975000358	-0.14088875581273683
2723.5392320534224	-0.13819931655703238	-0.1298803216899025
2726.544240400668	-0.14631963255827285	-0.13403553046829536
2729.549248747913	-0.14100475047650857	-0.1337186081413356
2732.5542570951584	-0.14247432689671874	-0.13191547384690736
2735.559265442404	-0.14278050201059028	-0.1269749715741381
2738.56427378965	-0.1395566872592322	-0.13914467811094047
2741.5692821368953	-0.14240289673678933	-0.1402211131421848
2744.5742904841404	-0.14323492441286828	-0.136699681020468
2747.5792988313856	-0.14083663390685056	-0.1342132987980671
2750.584307178631	-0.13828043799052533	-0.136561623714799
2753.5893155258764	-0.14196242558268635	-0.13568288706739154
2756.5943238731215	-0.1380832992034891	-0.1371342042645771
2759.599332220367	-0.13929720261719242	-0.1382734489714552
2762.6043405676123	-0.14167078281875797	-0.13283396572896938
2765.6093489148575	-0.1343583311375636	-0.13549705001174736
2768.6143572621036	-0.134694563001789	-0.13183222096836694
2771.619365609349	-0.14115943870296457	-0.13063710254918928
2774.6243739565944	-0.13211311663310144	-0.1347042593004591
2777.6293823038395	-0.13706598070948853	-0.13422082012550204
2780.634390651085	-0.13676249867230605	-0.1368366460801122
2783.639398998331	-0.13358323777425146	-0.13845609517354462
2786.6444073455764	-0.13599170986194767	-0.12836237489612962
2789.6494156928215	-0.13292041608138794	-0.12643944774647528
2792.6544240400667	-0.1397843938938102	-0.12771618425935852
2795.6594323873123	-0.13798715769662626	-0.13031322689330344
2798.6644407345575	-0.1385957033550567	-0.13331306352576833
2801.6694490818027	-0.13959851377926422	-0.13155076987533085
2804.6744574290483	-0.13521931482946498	-0.1314922441276723
2807.6794657762935	-0.13654280253743506	-0.1330681858615693
2810.6844741235386	-0.13375618253117028	-0.13461079102140208
2813.6894824707847	-0.13736783717441362	-0.13146805917184612
2816.6944908180303	-0.13758644664340713	-0.13423214808660758
2819.6994991652755	-0.13505925318506334	-0.13505876140772338
2822.7045075125206	-0.1393208304942326	-0.13254713182893738
2825.7095158597663	-0.13339739347602472	-0.1349341660762313
2828.7145242070123	-0.13056566585349053	-0.1283000521029313
2831.7195325542575	-0.13699080716896803	-0.13056781543862192
2834.7245409015027	-0.13516672856987438	-0.13000060626483814
2837.729549248748	-0.13357091659550452	-0.1328704765661435
2840.7345575959935	-0.1308331694091263	-0.13305793516365305
2843.7395659432386	-0.12919276601046248	-0.1311232072837184
2846.744574290484	-0.13532515430016506	-0.13284470084081246
2849.7495826377294	-0.1385576042739868	-0.1345930525270928
2852.7545909849746	-0.13815313891433617	-0.13135525572809884
2855.7595993322198	-0.13753973110199216	-0.13190689211267786
2858.764607679466	-0.13485516904698197	-0.13236450495495097
2861.7696160267114	-0.1364848078969704	-0.13754885987736953
2864.7746243739566	-0.1366244597064848	-0.1316839666284503
2867.779632721202	-0.13493146510671716	-0.13154109141214115
2870.7846410684474	-0.1370429036092944	-0.12416739928340859
2873.7896494156935	-0.13366971411026177	-0.1305871578697883
2876.7946577629386	-0.13833037026601097	-0.12811635992377732
2879.799666110184	-0.1311693671198516	-0.13472840504720107
2882.804674457429	-0.13197344571286546	-0.12763939771687757
2885.8096828046746	-0.1363537491764703	-0.13392325774914726
2888.8146911519198	-0.13463815134513285	-0.1332078227328681
2891.819699499165	-0.13078264322735217	-0.14076256350524208
2894.8247078464105	-0.13005003092597625	-0.1349083870992149
2897.8297161936557	-0.13977094769795317	-0.12962516857327408
2900.834724540901	-0.12818241480103548	-0.13576348284608764
2903.839732888147	-0.13753598647474047	-0.1363065317052885
2906.8447412353926	-0.1421864366882388	-0.13321210511384507
2909.8497495826377	-0.13292257239939448	-0.12895429485819324
2912.854757929883	-0.13559102351292596	-0.12841393447440497
2915.8597662771285	-0.13213839096294372	-0.1287732633393097
2918.8647746243746	-0.1329204357518691	-0.12945113350915566
2921.8697829716198	-0.1385898214203652	-0.1297019493596501
2924.874791318865	-0.13150723269273548	-0.1278376040803194
2927.87979966611	-0.1349319941364375	-0.12247652939023455
2930.8848080133557	-0.12933940386550327	-0.12837580619548586
2933.889816360601	-0.12954135593625316	-0.13134017961261446
2936.8948247078465	-0.12895535409954703	-0.12529588727318838
2939.8998330550917	-0.1323972728469491	-0.1372378893414814
2942.904841402337	-0.12801215328887836	-0.13036853430328532
2945.909849749582	-0.1297744605335175	-0.12674345939451204
2948.914858096828	-0.13493412088543547	-0.13064195160675693
2951.9198664440737	-0.1335037325175072	-0.13689738496538933
2954.924874791319	-0.12682561076575155	-0.13327710887060182
2957.929883138564	-0.12736328176114545	-0.13599282897061143
2960.9348914858097	-0.13219315076041438	-0.12870135006783728
2963.9398998330557	-0.13275551889404769	-0.13286517263894193
2966.944908180301	-0.13100555741291603	-0.13373207789215105
2969.949916527546	-0.12680520510871002	-0.12995333668401882
2972.9549248747912	-0.12644103174636562	-0.1330912489451457
2975.959933222037	-0.13570543000078245	-0.12408950007061083
2978.964941569282	-0.13051730179566493	-0.12650764222155952
2981.9699499165276	-0.1276646152049225	-0.1356436728301708
2984.974958263773	-0.13596969469912973	-0.12700451660613388
2987.979966611018	-0.13489759288372888	-0.13450069600374018
2990.984974958263	-0.1326142600056189	-0.13023640944968576
2993.989983305509	-0.13017085267496475	-0.12390635791640647
2996.994991652755	-0.1277527048418419	-0.12875878374331787
3000.0	-0.12801000149742675	-0.1323725760765021
