2.000000000000000000e+02	4.646158076946849125e-03
2.010010010010010149e+02	1.653816224665809187e-03
2.020020020020020013e+02	-2.114673275624298632e-03
2.030030030030030161e+02	-3.169056695242380983e-03
2.040040040040040026e+02	-2.488515210641542574e-03
2.050050050050050174e+02	-1.005020466439168758e-02
2.060060060060060039e+02	-3.815758170945374866e-03
2.070070070070070187e+02	2.078687278800304961e-04
2.080080080080080052e+02	-8.722425674524997286e-03
2.090090090090090200e+02	-7.931233997808821018e-03
2.100100100100100065e+02	-6.084050437787411059e-03
2.110110110110110213e+02	2.393443288875987673e-03
2.120120120120120077e+02	1.171475566730959851e-03
2.130130130130130226e+02	-2.033568343689472202e-03
2.140140140140140090e+02	-1.443799884763487251e-03
2.150150150150150239e+02	3.536988375243327321e-03
2.160160160160160103e+02	2.511074315641043109e-03
2.170170170170170252e+02	1.440577389112643325e-03
2.180180180180180116e+02	-2.943458170898971549e-04
2.190190190190190265e+02	5.207994156840339839e-03
2.200200200200200129e+02	6.219943746461467637e-03
2.210210210210210278e+02	-1.648985025930055359e-04
2.220220220220220142e+02	3.910293331615410928e-04
2.230230230230230291e+02	-5.025371021192010651e-03
2.240240240240240155e+02	-2.089444342227037704e-04
2.250250250250250303e+02	-8.937818621461320057e-04
2.260260260260260168e+02	6.241429349715123774e-04
2.270270270270270316e+02	8.321189085643970751e-03
2.280280280280280181e+02	2.133473485999980157e-03
2.290290290290290329e+02	4.743379537899345549e-03
2.300300300300300478e+02	-4.312603432477371546e-03
2.310310310310310342e+02	1.033434343816047422e-03
2.320320320320320207e+02	7.931235665073668034e-03
2.330330330330330355e+02	-1.237006004928348224e-03
2.340340340340340504e+02	1.951923673893976585e-03
2.350350350350350368e+02	3.970451819360350243e-03
2.360360360360360232e+02	3.771713347433001962e-03
2.370370370370370381e+02	2.724850897568555086e-03
2.380380380380380529e+02	-2.180757481453909907e-04
2.390390390390390394e+02	6.485286471161670271e-03
2.400400400400400258e+02	7.063776155919007649e-03
2.410410410410410407e+02	-8.373828396600682678e-04
2.420420420420420555e+02	-1.140861988850598585e-03
2.430430430430430420e+02	-7.944140627716960584e-04
2.440440440440440568e+02	-4.970584950098831320e-03
2.450450450450450433e+02	-2.909625002518820974e-03
2.460460460460460581e+02	4.171876068065127896e-03
2.470470470470470445e+02	5.268690226683851729e-03
2.480480480480480594e+02	6.423515710349193830e-03
2.490490490490490458e+02	-9.940631943905278711e-03
2.500500500500500607e+02	-3.136830077137171824e-03
2.510510510510510471e+02	1.532426248981078737e-03
2.520520520520520620e+02	-9.307896696886471671e-03
2.530530530530530484e+02	-3.584792558279349672e-03
2.540540540540540633e+02	-5.894443530063240774e-03
2.550550550550550497e+02	-9.279428100877042118e-03
2.560560560560560361e+02	2.728611214036943261e-03
2.570570570570570794e+02	-2.968707432455044981e-03
2.580580580580580659e+02	-7.074513893234379847e-03
2.590590590590590523e+02	7.734618037584517491e-05
2.600600600600600956e+02	4.363629626082866919e-03
2.610610610610610820e+02	1.789710468102764795e-03
2.620620620620620684e+02	1.509329965020022452e-03
2.630630630630630549e+02	5.930432294615879674e-03
2.640640640640640413e+02	3.127695814980974848e-03
2.650650650650650846e+02	-1.493214738468306990e-04
2.660660660660660710e+02	-8.467291559022357972e-03
2.670670670670670575e+02	-6.107175725857498516e-04
2.680680680680681007e+02	-4.437218500748059055e-03
2.690690690690690872e+02	-3.529470343896473628e-03
2.700700700700700736e+02	-5.618361354923898099e-03
2.710710710710710600e+02	5.959974047432925470e-03
2.720720720720720465e+02	6.087272747777171256e-03
2.730730730730730897e+02	-2.750096057185864168e-03
2.740740740740740762e+02	-2.095337174781393419e-03
2.750750750750750626e+02	-2.047532272251822993e-03
2.760760760760761059e+02	1.545318474360846128e-03
2.770770770770770923e+02	3.184633480914425552e-03
2.780780780780780788e+02	5.039336034256380881e-03
2.790790790790790652e+02	8.249753583432870019e-03
2.800800800800800516e+02	3.796958183730964054e-03
2.810810810810810949e+02	6.370340472231089679e-03
2.820820820820820813e+02	5.465817083857391068e-03
2.830830830830831246e+02	3.281315620214372841e-03
2.840840840840841111e+02	2.998248426946292788e-03
2.850850850850850975e+02	6.670594206547038330e-03
2.860860860860860839e+02	-2.415467040377962393e-03
2.870870870870870704e+02	3.405931467112606470e-03
2.880880880880881136e+02	-8.624668914315007651e-03
2.890890890890891001e+02	3.311395250025073525e-03
2.900900900900900865e+02	-2.185037635416473695e-03
2.910910910910911298e+02	-3.112656884791009659e-03
2.920920920920921162e+02	5.648439107910713242e-03
2.930930930930931027e+02	-1.963203381191450103e-03
2.940940940940940891e+02	2.320930890841094163e-03
2.950950950950950755e+02	1.577008111420558079e-03
2.960960960960961188e+02	8.134268319326676266e-03
2.970970970970971052e+02	-1.879946237894909028e-04
2.980980980980980917e+02	2.592717259584403910e-03
2.990990990990991349e+02	2.286554260109763259e-03
3.001001001001001214e+02	-1.694639222324600958e-03
3.011011011011011078e+02	-7.526238986565569888e-03
3.021021021021020942e+02	4.471054804901758439e-03
3.031031031031030807e+02	5.610841042089198538e-03
3.041041041041041240e+02	1.414258376774502057e-03
3.051051051051051104e+02	2.574457315983826391e-03
3.061061061061060968e+02	-5.213905597185271301e-03
3.071071071071071401e+02	1.002711125989210611e-02
3.081081081081081265e+02	3.669117881752809174e-03
3.091091091091091130e+02	4.291723347082110340e-04
3.101101101101100994e+02	1.303235789285447921e-02
3.111111111111110858e+02	5.250441752061046907e-03
3.121121121121121291e+02	-3.187862942196251215e-03
3.131131131131131156e+02	1.585692654814896407e-03
3.141141141141141588e+02	5.484714319148709105e-03
3.151151151151151453e+02	-3.005133614067845294e-03
3.161161161161161317e+02	1.013781886536235799e-02
3.171171171171171181e+02	-1.792902107715765858e-03
3.181181181181181046e+02	-7.530624940742525197e-04
3.191191191191191479e+02	-1.019257512094820517e-02
3.201201201201201343e+02	1.811706234882276556e-03
3.211211211211211207e+02	-8.755732215620370962e-04
3.221221221221221640e+02	-3.951160441231671427e-03
3.231231231231231504e+02	-3.824449233572890794e-04
3.241241241241241369e+02	-2.100199116725209869e-03
3.251251251251251233e+02	-3.950657143162339402e-03
3.261261261261261097e+02	9.173196570770869585e-04
3.271271271271271530e+02	-1.486518949256165900e-02
3.281281281281281395e+02	-3.761669906938241992e-03
3.291291291291291827e+02	-2.159359668858384929e-03
3.301301301301301692e+02	-5.276820805998672093e-03
3.311311311311311556e+02	-1.142961487333893356e-02
3.321321321321321420e+02	-4.144002661859380598e-03
3.331331331331331285e+02	6.042529671313467965e-04
3.341341341341341149e+02	-2.722690443879793865e-03
3.351351351351351582e+02	-3.115353901616546572e-03
3.361361361361361446e+02	-2.123820564444295345e-03
3.371371371371371879e+02	2.209233579767239108e-03
3.381381381381381743e+02	8.723571099686300290e-03
3.391391391391391608e+02	5.843496808986742286e-03
3.401401401401401472e+02	-7.805507534028560679e-03
3.411411411411411336e+02	-3.310811863891371942e-03
3.421421421421421201e+02	2.366120367114282752e-03
3.431431431431431633e+02	4.452288503491691474e-03
3.441441441441441498e+02	-8.871780377856908206e-03
3.451451451451451931e+02	-4.481276305944664751e-03
3.461461461461461795e+02	-5.954055817314674037e-03
3.471471471471471659e+02	-1.115606531371798882e-03
3.481481481481481524e+02	5.219266442334391520e-03
3.491491491491491388e+02	6.134550580189801483e-03
3.501501501501501252e+02	8.342685497248703008e-03
3.511511511511511685e+02	2.601863077988320061e-03
3.521521521521521549e+02	5.687192757170556057e-03
3.531531531531531982e+02	-1.106908267749534547e-03
3.541541541541541847e+02	-8.261491422962313758e-03
3.551551551551551711e+02	2.690585532320016737e-03
3.561561561561561575e+02	2.236696899273499239e-03
3.571571571571571440e+02	4.928290255668293929e-03
3.581581581581581304e+02	1.378336096037191538e-02
3.591591591591591737e+02	1.182872561637746123e-02
3.601601601601601601e+02	8.720356607784668368e-03
3.611611611611612034e+02	7.700380552743413265e-03
3.621621621621621898e+02	9.574357529814225831e-03
3.631631631631631763e+02	8.547847038629041716e-03
3.641641641641641627e+02	3.731906364903503359e-03
3.651651651651651491e+02	3.576122946958276705e-03
3.661661661661661924e+02	-6.593838345498009845e-03
3.671671671671671788e+02	-8.035396621673684958e-04
3.681681681681682221e+02	-7.208230853321034859e-03
3.691691691691692085e+02	-1.102831868793069381e-02
3.701701701701701950e+02	-9.486234806889037863e-03
3.711711711711711814e+02	1.554464576585756763e-03
3.721721721721721678e+02	3.842064825020641283e-03
3.731731731731731543e+02	2.849424419576251921e-03
3.741741741741741976e+02	-4.890546755226543585e-03
3.751751751751751840e+02	-9.160750488198421415e-03
3.761761761761762273e+02	8.759461081837310870e-03
3.771771771771772137e+02	4.548398018657057174e-03
3.781781781781782001e+02	8.250227140479682308e-04
3.791791791791791866e+02	-9.793430484486387311e-03
3.801801801801801730e+02	-5.858403595175365464e-03
3.811811811811811594e+02	-3.117937355785138642e-03
3.821821821821822027e+02	-8.314068161683063618e-04
3.831831831831831892e+02	4.749029988276864955e-04
3.841841841841842324e+02	7.581616600074669865e-03
3.851851851851852189e+02	-2.245196879977484627e-03
3.861861861861862053e+02	-1.163211571880029549e-02
3.871871871871871917e+02	-5.498676466720725520e-03
3.881881881881881782e+02	-8.254656614056554709e-03
3.891891891891891646e+02	-5.704847811596441831e-03
3.901901901901902079e+02	-5.975539559142678536e-03
3.911911911911911943e+02	-8.938374326676157278e-03
3.921921921921922376e+02	4.738549809333553187e-03
3.931931931931932240e+02	7.421005770294503145e-03
3.941941941941942105e+02	-1.585053689541537913e-03
3.951951951951951969e+02	-1.247961739860545261e-02
3.961961961961961833e+02	-9.648405525063408206e-03
3.971971971971972266e+02	-4.487146223786431243e-03
3.981981981981982130e+02	-5.590402162659768859e-03
3.991991991991992563e+02	-9.270625043106550667e-04
4.002002002002002428e+02	-4.864704588247642514e-03
4.012012012012012292e+02	-5.543065592411217102e-03
4.022022022022022156e+02	5.244061288547124944e-03
4.032032032032032021e+02	-6.076510961833703206e-03
4.042042042042041885e+02	-1.139889806665048133e-02
4.052052052052052318e+02	1.911698209761503175e-03
4.062062062062062182e+02	-1.606066584122725627e-02
4.072072072072072615e+02	-7.918274272764702637e-03
4.082082082082082479e+02	-8.657873371665653073e-03
4.092092092092092344e+02	6.375297743905022907e-03
4.102102102102102208e+02	-5.377635757577936548e-03
4.112112112112112072e+02	-1.247848397311582258e-02
4.122122122122121937e+02	-1.192535251047496803e-02
4.132132132132132369e+02	-1.185560052607362302e-02
4.142142142142142234e+02	-1.472854639609416649e-03
4.152152152152152667e+02	-6.300698433759355233e-04
4.162162162162162531e+02	-9.487286295103619649e-03
4.172172172172172395e+02	-9.409902433780481523e-03
4.182182182182182260e+02	1.887488792630787060e-03
4.192192192192192124e+02	-6.348362732650436602e-03
4.202202202202201988e+02	-1.401209890541732506e-02
4.212212212212212421e+02	-5.415863188296676789e-03
4.222222222222222285e+02	3.026756054037904597e-03
4.232232232232232718e+02	-1.058895889534194890e-02
4.242242242242242583e+02	-8.091867323298029824e-03
4.252252252252252447e+02	-5.081751583251858939e-04
4.262262262262262311e+02	-7.137412184288732808e-03
4.272272272272272176e+02	-4.113857863641823265e-03
4.282282282282282608e+02	9.523305983286850518e-03
4.292292292292292473e+02	3.304445879112549722e-03
4.302302302302302905e+02	-6.993331569219163324e-04
4.312312312312312770e+02	5.438953210690961049e-03
4.322322322322322634e+02	7.793726822576119151e-04
4.332332332332332498e+02	-1.221949890122059346e-03
4.342342342342342363e+02	-8.635922899730169577e-03
4.352352352352352227e+02	-4.438321072548406798e-03
4.362362362362362660e+02	-1.039384969530182667e-03
4.372372372372372524e+02	1.144097765688467661e-04
4.382382382382382957e+02	-6.772576431172433464e-03
4.392392392392392821e+02	6.720196642879538995e-04
4.402402402402402686e+02	1.593766170247756797e-03
4.412412412412412550e+02	-1.438892883215692198e-04
4.422422422422422414e+02	6.614279181750837289e-03
4.432432432432432279e+02	9.238692214036892114e-03
4.442442442442442712e+02	8.747231743973016282e-03
4.452452452452452576e+02	3.057938264196397027e-03
4.462462462462463009e+02	-3.892539369383968273e-03
4.472472472472472873e+02	-4.597071721653411824e-04
4.482482482482482737e+02	-4.846474101058317885e-03
4.492492492492492602e+02	5.225213540511974841e-03
4.502502502502502466e+02	6.756581817820045410e-03
4.512512512512512330e+02	-3.941956487930331487e-04
4.522522522522522763e+02	4.592867244256337855e-04
4.532532532532532628e+02	-3.005141626884699768e-03
4.542542542542543060e+02	7.615514724658378753e-03
4.552552552552552925e+02	1.068569228099203183e-02
4.562562562562562789e+02	-1.211203395376725389e-03
4.572572572572572653e+02	-5.970691972138536530e-03
4.582582582582583086e+02	4.882726177874718854e-04
4.592592592592592950e+02	4.181505310783734108e-03
4.602602602602602815e+02	1.753649889435354714e-03
4.612612612612612679e+02	-2.944069422465417363e-03
4.622622622622623112e+02	-4.264836821426615243e-03
4.632632632632632976e+02	3.967751098763711015e-03
4.642642642642642841e+02	2.501325490118361250e-03
4.652652652652652705e+02	-6.435814387980021145e-04
4.662662662662663138e+02	2.343459870308539639e-03
4.672672672672673002e+02	-3.085254307647250505e-03
4.682682682682682866e+02	2.987039195927077007e-03
4.692692692692692731e+02	1.097427879748147372e-03
4.702702702702703164e+02	1.021084060561311402e-03
4.712712712712713028e+02	3.405898843658133890e-03
4.722722722722722892e+02	-3.710480313280167808e-03
4.732732732732732757e+02	-1.963769528403380704e-03
4.742742742742743189e+02	-1.685539949939751647e-03
4.752752752752753054e+02	7.597649389864818970e-03
4.762762762762762918e+02	1.665629556661984978e-02
4.772772772772772782e+02	1.364515940850591358e-02
4.782782782782783215e+02	1.053807688826124966e-03
4.792792792792793080e+02	2.053947722829518874e-03
4.802802802802802944e+02	4.798685678414238431e-03
4.812812812812812808e+02	4.027915313813912324e-03
4.822822822822823241e+02	-4.283673165334456190e-03
4.832832832832833105e+02	5.822955531685297670e-03
4.842842842842842970e+02	1.320901336740104570e-02
4.852852852852852834e+02	6.909007801098543400e-03
4.862862862862863267e+02	-1.660120635937900602e-04
4.872872872872873131e+02	-5.908985174744113555e-03
4.882882882882882996e+02	-2.541704366982672214e-03
4.892892892892893428e+02	-3.288821800055963251e-03
4.902902902902903293e+02	-2.813997602134105103e-03
4.912912912912913157e+02	2.341869735365292859e-03
4.922922922922923021e+02	-5.590814637818075639e-05
4.932932932932933454e+02	-3.721283526446433898e-03
4.942942942942943318e+02	-6.397806377401143996e-03
4.952952952952953183e+02	2.395566338995624989e-03
4.962962962962963047e+02	-2.196300160318964689e-03
4.972972972972973480e+02	-5.704314463140236491e-03
4.982982982982983344e+02	-7.017641342938668592e-03
4.992992992992993209e+02	-2.616175210165549991e-04
5.003003003003003073e+02	-5.973092137111501998e-04
5.013013013013013506e+02	-1.585600705769657504e-03
5.023023023023023370e+02	-1.171531299303099627e-02
5.033033033033033234e+02	-1.686211286983821389e-02
5.043043043043043099e+02	-9.188666955730284691e-03
5.053053053053053532e+02	1.122616627446171300e-03
5.063063063063063396e+02	-2.779090789876842438e-03
5.073073073073073260e+02	1.523827148814327348e-03
5.083083083083083125e+02	4.396408926912148685e-03
5.093093093093093557e+02	1.160568447336973730e-02
5.103103103103103422e+02	8.293718334612176779e-03
5.113113113113113286e+02	6.572771238992164422e-03
5.123123123123123150e+02	9.054303918639677873e-03
5.133133133133133015e+02	-3.780964888883103781e-03
5.143143143143142879e+02	-1.819394499084636685e-03
5.153153153153152743e+02	7.518624857712319365e-03
5.163163163163162608e+02	2.102257261448026160e-03
5.173173173173173609e+02	3.855673171331563953e-04
5.183183183183183473e+02	-3.216411635769356181e-03
5.193193193193193338e+02	-1.652480457202132325e-02
5.203203203203203202e+02	-5.833868118288038085e-03
5.213213213213214203e+02	-2.747494439554187817e-03
5.223223223223224068e+02	-1.449776173173711324e-03
5.233233233233233932e+02	6.041599109273765311e-03
5.243243243243243796e+02	4.700932349113284836e-03
5.253253253253253661e+02	4.011794362111298362e-03
5.263263263263263525e+02	1.547401489653182916e-03
5.273273273273273389e+02	-2.907542711061861240e-03
5.283283283283283254e+02	5.121476530403623606e-03
5.293293293293293118e+02	5.548487758768400058e-03
5.303303303303302982e+02	4.015563598191163042e-03
5.313313313313312847e+02	6.860201153970763022e-03
5.323323323323323848e+02	8.768628578560172526e-03
5.333333333333333712e+02	7.769644324507024580e-03
5.343343343343343577e+02	8.154708567612301007e-03
5.353353353353353441e+02	5.405157402537053013e-03
5.363363363363364442e+02	-6.550195238744227488e-05
5.373373373373374307e+02	5.922406148200609621e-03
5.383383383383384171e+02	-6.526107272526476821e-03
5.393393393393394035e+02	-1.836565052425465083e-04
5.403403403403403900e+02	1.590661183246025456e-02
5.413413413413413764e+02	4.113354488686632449e-03
5.423423423423423628e+02	-5.489446520100582649e-03
5.433433433433433493e+02	-7.679254478454300425e-05
5.443443443443443357e+02	2.654452013310715230e-03
5.453453453453453221e+02	-1.137964494098270274e-02
5.463463463463463086e+02	-3.496195240090788081e-03
5.473473473473472950e+02	-1.555742261397993764e-02
5.483483483483483951e+02	-3.084197592027743129e-03
5.493493493493493816e+02	-2.021199963123526677e-03
5.503503503503503680e+02	4.799816922419153364e-03
5.513513513513513544e+02	2.492773521949320781e-04
5.523523523523524545e+02	-1.444311534453984747e-03
5.533533533533534410e+02	-4.183146664333781128e-03
5.543543543543544274e+02	-8.836832963280083497e-03
5.553553553553554138e+02	-2.945071310188451807e-03
5.563563563563564003e+02	5.636615004644851545e-03
5.573573573573573867e+02	1.770877827788452930e-03
5.583583583583583732e+02	4.054774442858455341e-03
5.593593593593593596e+02	2.851083861789671658e-03
5.603603603603603460e+02	-2.634646713153332431e-03
5.613613613613613325e+02	-1.465334460852951715e-03
5.623623623623623189e+02	2.122678136277450500e-03
5.633633633633634190e+02	3.301163243171478801e-03
5.643643643643644054e+02	1.259573214164755317e-03
5.653653653653653919e+02	6.243566306239345387e-03
5.663663663663663783e+02	-1.734412447634642307e-03
5.673673673673674784e+02	-6.308597697681689320e-03
5.683683683683684649e+02	-1.268539116289624236e-02
5.693693693693694513e+02	-1.392025927666759588e-02
5.703703703703704377e+02	-9.657103625888036058e-03
5.713713713713714242e+02	-1.180669209416634891e-02
5.723723723723724106e+02	-8.551669816213802733e-03
5.733733733733733970e+02	-1.228199628162984780e-02
5.743743743743743835e+02	-1.195920658227669908e-02
5.753753753753753699e+02	-6.167908774814462314e-03
5.763763763763763563e+02	-8.416332205658572096e-03
5.773773773773773428e+02	-1.941181933902025314e-03
5.783783783783783292e+02	-6.109279513615617496e-03
5.793793793793794293e+02	-6.500873011400620793e-03
5.803803803803804158e+02	-7.823851739766324309e-03
5.813813813813814022e+02	-6.203828838033498272e-03
5.823823823823823886e+02	-4.866905653202635573e-03
5.833833833833834888e+02	-1.410551561149667177e-02
5.843843843843844752e+02	-1.415816523253926595e-02
5.853853853853854616e+02	-6.758679541352008435e-03
5.863863863863864481e+02	-4.268564832666910114e-03
5.873873873873874345e+02	-1.005481015316167515e-03
5.883883883883884209e+02	9.086104324579652447e-03
5.893893893893894074e+02	3.416214612976364862e-03
5.903903903903903938e+02	7.574986329707267263e-04
5.913913913913913802e+02	-1.132688342538104576e-02
5.923923923923923667e+02	-7.650308760183077705e-03
5.933933933933933531e+02	-4.478018637633029986e-03
5.943943943943944532e+02	-1.702064644601125609e-03
5.953953953953954397e+02	-2.239738680833297524e-03
5.963963963963964261e+02	6.932191919682972880e-03
5.973973973973974125e+02	-2.739410147538812179e-03
5.983983983983985127e+02	-1.501389693219681853e-02
5.993993993993994991e+02	-4.492609065853331307e-03
6.004004004004004855e+02	-7.715892953391645381e-03
6.014014014014014720e+02	-1.477321827292352174e-02
6.024024024024024584e+02	-4.487204830378788145e-03
6.034034034034034448e+02	1.500697057953276348e-03
6.044044044044044313e+02	2.170034988308033874e-04
6.054054054054054177e+02	-1.417476380158932958e-03
6.064064064064064041e+02	1.410532001386743950e-03
6.074074074074073906e+02	7.680960519167168155e-04
6.084084084084083770e+02	-7.530612606979902868e-04
6.094094094094093634e+02	4.105270122583160042e-03
6.104104104104104636e+02	-6.843023454927654736e-03
6.114114114114114500e+02	1.747323255354010785e-03
6.124124124124124364e+02	-1.763933020209246250e-03
6.134134134134134229e+02	5.054261536912019181e-04
6.144144144144145230e+02	3.443510994782683632e-03
6.154154154154155094e+02	-1.796214863879930235e-03
6.164164164164164958e+02	-3.467745537511335296e-03
6.174174174174174823e+02	-1.117395187701414327e-02
6.184184184184184687e+02	-3.035951532406794273e-03
6.194194194194194552e+02	6.566832679425538277e-03
6.204204204204204416e+02	-2.202831492895795940e-03
6.214214214214214280e+02	-1.145271402894337820e-02
6.224224224224224145e+02	-4.608074583298649163e-03
6.234234234234234009e+02	-7.053615944535074345e-03
6.244244244244243873e+02	-2.470313809955965167e-03
6.254254254254254874e+02	5.342746211279808533e-03
6.264264264264264739e+02	-1.124430993591352124e-02
6.274274274274274603e+02	-6.681904969865370969e-03
6.284284284284284468e+02	-3.286715924740779560e-03
6.294294294294295469e+02	-5.412637878756204612e-03
6.304304304304305333e+02	-5.071036821876623302e-03
6.314314314314315197e+02	9.227935939137010823e-04
6.324324324324325062e+02	3.687371811628953333e-03
6.334334334334334926e+02	2.475583562744104738e-03
6.344344344344344790e+02	-9.544694912247131402e-04
6.354354354354354655e+02	3.022981812001196422e-03
6.364364364364364519e+02	-3.532072881423653499e-03
6.374374374374374383e+02	5.126367304702533767e-03
6.384384384384384248e+02	3.244837444087322886e-03
6.394394394394394112e+02	4.678497379153656599e-03
6.404404404404403977e+02	7.267921902668089684e-03
6.414414414414414978e+02	-6.259687931133156580e-03
6.424424424424424842e+02	-4.297588122187279147e-03
6.434434434434434706e+02	-2.738308132846645204e-03
6.444444444444444571e+02	-7.194302822671194697e-03
6.454454454454455572e+02	-7.925884104163144483e-03
6.464464464464465436e+02	4.023207053133470712e-04
6.474474474474475301e+02	-1.173681319906227927e-02
6.484484484484485165e+02	1.469019382358799364e-03
6.494494494494495029e+02	-5.454023966538573687e-03
6.504504504504504894e+02	-6.044856301711920565e-03
6.514514514514514758e+02	9.437691566445138847e-04
6.524524524524524622e+02	-1.122597395799684872e-02
6.534534534534534487e+02	-1.307935821391714715e-03
6.544544544544544351e+02	-1.441141424319780651e-03
6.554554554554554215e+02	9.729900102904309733e-03
6.564564564564565217e+02	5.538387986790987982e-03
6.574574574574575081e+02	4.346040818681284890e-03
6.584584584584584945e+02	1.138164548697873091e-02
6.594594594594594810e+02	1.199563539075465535e-03
6.604604604604605811e+02	1.453575115247332517e-02
6.614614614614615675e+02	6.558027023502527308e-03
6.624624624624625540e+02	1.558204060354986820e-02
6.634634634634635404e+02	1.759640162831738186e-02
6.644644644644645268e+02	-7.751625010555124318e-03
6.654654654654655133e+02	7.362405454169773655e-03
6.664664664664664997e+02	3.812336722278303336e-02
6.674674674674674861e+02	1.852328780391190866e-02
6.684684684684684726e+02	-3.037880284327831859e-03
6.694694694694694590e+02	4.999870984675053309e-03
6.704704704704704454e+02	1.457292577969698799e-02
6.714714714714714319e+02	1.655296584252277658e-02
6.724724724724725320e+02	1.154904428032441088e-02
6.734734734734735184e+02	2.686952007930562547e-02
6.744744744744745049e+02	3.508454161195273535e-02
6.754754754754754913e+02	4.292222017880617524e-02
6.764764764764765914e+02	7.524589533408704289e-03
6.774774774774775778e+02	-4.484508521009983317e-03
6.784784784784785643e+02	-7.612735706932910462e-03
6.794794794794795507e+02	2.444481540909371198e-03
6.804804804804805372e+02	7.768504627559347231e-03
6.814814814814815236e+02	-9.661839739177058295e-03
6.824824824824825100e+02	-1.481377777850650945e-03
6.834834834834834965e+02	1.973941053120764622e-03
6.844844844844844829e+02	1.069392854780831792e-03
6.854854854854854693e+02	-1.183828108835049964e-03
6.864864864864864558e+02	2.981064680173062253e-03
6.874874874874875559e+02	-6.174821782588907348e-03
6.884884884884885423e+02	-7.266768400550543960e-03
6.894894894894895288e+02	-2.161458791149306613e-02
6.904904904904905152e+02	-1.059005605960725016e-02
6.914914914914916153e+02	-1.556547741501571047e-02
6.924924924924926017e+02	-1.203226576971599959e-02
6.934934934934935882e+02	-2.053235685495688467e-02
6.944944944944945746e+02	-1.674395674763232145e-02
6.954954954954955610e+02	-1.667624705792339346e-02
6.964964964964965475e+02	-1.199460283601477828e-02
6.974974974974975339e+02	-1.111908728520255574e-02
6.984984984984985203e+02	-1.028547201450896731e-02
6.994994994994995068e+02	-1.075118721490633811e-02
7.005005005005004932e+02	-6.050203900323541939e-03
7.015015015015014797e+02	-2.146919865075813671e-03
7.025025025025024661e+02	-4.796569991492194429e-03
7.035035035035035662e+02	-2.034538402223759479e-02
7.045045045045045526e+02	-1.417323751520288555e-02
7.055055055055055391e+02	-1.453525990823975600e-02
7.065065065065065255e+02	-7.950589445386763154e-03
7.075075075075076256e+02	-2.756030322500990781e-03
7.085085085085086121e+02	3.496073737698224271e-04
7.095095095095095985e+02	-1.856394955858708951e-03
7.105105105105105849e+02	-4.219761639040614520e-03
7.115115115115115714e+02	9.633362325416311434e-03
7.125125125125125578e+02	-8.030393288040726940e-04
7.135135135135135442e+02	2.527074994713079947e-03
7.145145145145145307e+02	-9.155497341652191201e-03
7.155155155155155171e+02	-1.076526047900319694e-02
7.165165165165166172e+02	-5.227274227121159189e-04
7.175175175175176037e+02	8.931500469203934589e-04
7.185185185185185901e+02	2.727468356916673553e-03
7.195195195195195765e+02	6.305818600497531401e-03
7.205205205205205630e+02	-2.831247192792984979e-04
7.215215215215215494e+02	-1.762356678131293819e-03
7.225225225225225358e+02	-2.966084211447450603e-03
7.235235235235235223e+02	-4.624751006053917646e-03
7.245245245245246224e+02	-7.552645212807990172e-03
7.255255255255256088e+02	-1.600538771167500651e-02
7.265265265265265953e+02	-8.975449405791147139e-03
7.275275275275275817e+02	-1.334500018441125979e-02
7.285285285285285681e+02	-5.017337054723791656e-04
7.295295295295295546e+02	-4.329295282661543842e-03
7.305305305305305410e+02	1.250375748085341687e-03
7.315315315315315274e+02	-6.115771043630757742e-03
7.325325325325326276e+02	-1.128670453024269160e-02
7.335335335335336140e+02	1.516853725384653684e-03
7.345345345345346004e+02	-3.371053417190877921e-03
7.355355355355355869e+02	6.331586160819302478e-03
7.365365365365365733e+02	-1.258179133437106745e-02
7.375375375375375597e+02	8.683770161344556149e-03
7.385385385385385462e+02	6.420834958506205226e-03
7.395395395395395326e+02	-6.250601926884952197e-03
7.405405405405406327e+02	-1.347869281233299299e-02
7.415415415415416192e+02	-2.366377389486692961e-02
7.425425425425426056e+02	-3.162680882208862565e-03
7.435435435435435920e+02	-6.455778240912729560e-03
7.445445445445445785e+02	-5.750464147446399110e-03
7.455455455455455649e+02	-5.621031525858466438e-03
7.465465465465465513e+02	-9.384701384626104037e-03
7.475475475475476514e+02	-1.096548371912600683e-02
7.485485485485486379e+02	-1.191189080486931839e-02
7.495495495495496243e+02	-5.512583246478242049e-03
7.505505505505506108e+02	-1.005562887818031714e-02
7.515515515515515972e+02	-5.039376340518098019e-03
7.525525525525525836e+02	-6.714719873453400822e-03
7.535535535535535701e+02	-1.449757193292156021e-03
7.545545545545545565e+02	3.904882682521704229e-03
7.555555555555556566e+02	5.765516716300239652e-03
7.565565565565566430e+02	5.820377674724763750e-03
7.575575575575576295e+02	6.525127227185900658e-03
7.585585585585586159e+02	1.252585828814486990e-02
7.595595595595596023e+02	4.684285467962234772e-03
7.605605605605605888e+02	-1.618392163047932542e-03
7.615615615615615752e+02	-4.806789960141444329e-03
7.625625625625625617e+02	-5.977693711215370520e-03
7.635635635635636618e+02	-1.890209213650462239e-02
7.645645645645646482e+02	-1.778274380382302566e-02
7.655655655655656346e+02	-1.289161985508327501e-02
7.665665665665666211e+02	-1.550101522317631764e-02
7.675675675675676075e+02	-1.392237434404081098e-02
7.685685685685685939e+02	-1.187746497037897586e-02
7.695695695695695804e+02	-1.327217972580146954e-03
7.705705705705705668e+02	3.414516794048083614e-03
7.715715715715716669e+02	3.595538687879373807e-03
7.725725725725726534e+02	2.164620030945224594e-03
7.735735735735736398e+02	8.928706357516330572e-03
7.745745745745746262e+02	1.141398706038282418e-02
7.755755755755756127e+02	4.799230982085067598e-03
7.765765765765765991e+02	-6.987002560934318929e-03
7.775775775775775855e+02	-5.166648176495231004e-03
7.785785785785786857e+02	-3.583686773198868636e-03
7.795795795795796721e+02	-4.916284468735460100e-03
7.805805805805806585e+02	-4.766476921188173010e-03
7.815815815815816450e+02	-1.768747304411399934e-03
7.825825825825826314e+02	-9.628557083973643405e-03
7.835835835835836178e+02	-9.146812458693143189e-03
7.845845845845846043e+02	-1.368229086567440689e-02
7.855855855855855907e+02	3.818983503509010280e-03
7.865865865865866908e+02	-5.985221397841411495e-03
7.875875875875876773e+02	-1.035208564944775644e-02
7.885885885885886637e+02	-3.279224773461458797e-03
7.895895895895896501e+02	-3.540205131157270202e-04
7.905905905905906366e+02	4.905564396589096043e-03
7.915915915915916230e+02	3.760418950992661102e-03
7.925925925925926094e+02	7.239894644484101693e-03
7.935935935935935959e+02	1.680614014109849119e-03
7.945945945945946960e+02	-1.023609888454823924e-02
7.955955955955956824e+02	-3.191172017342008838e-03
7.965965965965966689e+02	-4.139704781764980135e-03
7.975975975975976553e+02	-1.250763165455656689e-02
7.985985985985986417e+02	-7.401686896884973610e-03
7.995995995995996282e+02	-8.395382923602645597e-03
8.006006006006006146e+02	2.954159937373745937e-03
8.016016016016016010e+02	-1.065397514836977089e-02
8.026026026026027012e+02	-1.494343436468287267e-03
8.036036036036036876e+02	5.940069178389240090e-03
8.046046046046046740e+02	1.381470612009522148e-03
8.056056056056056605e+02	-8.041209951577532600e-04
8.066066066066066469e+02	-6.257064081933744193e-03
8.076076076076076333e+02	-5.319770122322015071e-03
8.086086086086086198e+02	-3.401160937786279481e-03
8.096096096096097199e+02	-1.729570901419924533e-03
8.106106106106107063e+02	3.688993608088247944e-03
8.116116116116116928e+02	7.820033356404521019e-03
8.126126126126126792e+02	-1.746778189168518569e-03
8.136136136136136656e+02	-1.803189245999425872e-03
8.146146146146146521e+02	-5.285912686978644359e-04
8.156156156156156385e+02	5.624730181165271681e-03
8.166166166166166249e+02	-3.585392980821971998e-03
8.176176176176177250e+02	4.462401273408189706e-03
8.186186186186187115e+02	1.249673580407467677e-02
8.196196196196196979e+02	2.443879171685481300e-03
8.206206206206206843e+02	2.497216714680283722e-04
8.216216216216216708e+02	3.607347524771098435e-03
8.226226226226226572e+02	-2.279030380275021139e-03
8.236236236236236437e+02	7.366203184086345113e-03
8.246246246246246301e+02	6.177533048075167788e-03
8.256256256256257302e+02	9.893747076745451619e-04
8.266266266266267166e+02	3.238321627003992731e-03
8.276276276276277031e+02	7.605738945686002506e-04
8.286286286286286895e+02	3.473079062322220745e-03
8.296296296296296759e+02	4.613378004670515287e-03
8.306306306306306624e+02	-7.662190765753501553e-03
8.316316316316316488e+02	-1.524936867017046005e-03
8.326326326326326353e+02	-1.441499621287761768e-02
8.336336336336337354e+02	-6.818382858173432925e-03
8.346346346346347218e+02	-1.252625377855337563e-03
8.356356356356357082e+02	-8.836855168332241606e-03
8.366366366366366947e+02	-3.906591716758139876e-03
8.376376376376376811e+02	3.963309247620172560e-04
8.386386386386386675e+02	-6.251138465310362990e-03
8.396396396396396540e+02	-7.902812709418838288e-03
8.406406406406406404e+02	2.042691110249406083e-03
8.416416416416417405e+02	-3.820615839367741406e-03
8.426426426426427270e+02	-6.641573530329625275e-03
8.436436436436437134e+02	-5.462638035719225016e-04
8.446446446446446998e+02	-2.263451320437953607e-03
8.456456456456456863e+02	-2.301592535162322317e-03
8.466466466466466727e+02	-4.159592377547177700e-03
8.476476476476476591e+02	-1.519218907703598354e-02
8.486486486486487593e+02	-1.654494883028545527e-04
8.496496496496497457e+02	-6.735064963423159634e-03
8.506506506506507321e+02	-9.000694875162890130e-03
8.516516516516517186e+02	-4.463947217202002271e-04
8.526526526526527050e+02	-1.557878731048290000e-04
8.536536536536536914e+02	-8.027358446502458333e-03
8.546546546546546779e+02	-2.493883262723844974e-03
8.556556556556556643e+02	-5.153209070969555494e-03
8.566566566566567644e+02	-7.052733941741995416e-04
8.576576576576577509e+02	4.402268210619203481e-03
8.586586586586587373e+02	-6.853253153066729553e-03
8.596596596596597237e+02	6.531512277808126932e-04
8.606606606606607102e+02	-2.969262151394452820e-03
8.616616616616616966e+02	6.855882944760860465e-03
8.626626626626626830e+02	-5.073737622397600511e-03
8.636636636636636695e+02	-5.052782408265760195e-03
8.646646646646647696e+02	4.602620160673531746e-03
8.656656656656657560e+02	-2.112546293929928876e-03
8.666666666666667425e+02	-4.706884765761171208e-03
8.676676676676677289e+02	-1.789739528101658150e-03
8.686686686686687153e+02	-1.554995856980878610e-03
8.696696696696697018e+02	-5.681750106510674581e-03
8.706706706706706882e+02	-5.829982485235030154e-03
8.716716716716716746e+02	-5.853125106168588498e-03
8.726726726726727748e+02	-1.778616932506249526e-04
8.736736736736737612e+02	-1.166140699471268638e-03
8.746746746746747476e+02	-1.092685353188449504e-02
8.756756756756757341e+02	-6.165212514059048576e-03
8.766766766766767205e+02	-1.302325129435066842e-02
8.776776776776777069e+02	-1.224281193016613090e-02
8.786786786786786934e+02	-1.506759219135400674e-02
8.796796796796797935e+02	-5.715626354212993698e-03
8.806806806806807799e+02	-5.934229581162742129e-03
8.816816816816817663e+02	1.943773264560799685e-04
8.826826826826827528e+02	-3.028903938500804305e-03
8.836836836836837392e+02	-3.676136412431751932e-03
8.846846846846847257e+02	-2.198520517691426868e-03
8.856856856856857121e+02	-1.177600301570744246e-02
8.866866866866866985e+02	-9.131130183180319326e-03
8.876876876876877986e+02	-1.002067271382051095e-02
8.886886886886887851e+02	-1.172042952189700227e-03
8.896896896896897715e+02	-4.172453454848734644e-03
8.906906906906907579e+02	-6.150632732743854802e-03
8.916916916916917444e+02	-6.501900574882507611e-03
8.926926926926927308e+02	-1.330358679012050294e-02
8.936936936936937173e+02	-1.151498082122906497e-02
8.946946946946947037e+02	-1.986947384995885191e-02
8.956956956956958038e+02	-1.980180251840105154e-02
8.966966966966967902e+02	-8.659593277857230431e-03
8.976976976976977767e+02	-1.720479251259801612e-02
8.986986986986987631e+02	-1.618589836107775515e-02
8.996996996996997495e+02	-2.451030994286834686e-02
9.007007007007007360e+02	-1.402338229908153822e-02
9.017017017017017224e+02	-2.545467233493692305e-03
9.027027027027027088e+02	-1.953016888943975848e-03
9.037037037037038090e+02	-2.083563258931497852e-03
9.047047047047047954e+02	-3.537021715597110649e-03
9.057057057057057818e+02	-2.389713057099229765e-03
9.067067067067067683e+02	-3.004193724371773122e-03
9.077077077077077547e+02	-1.522267141726152406e-03
9.087087087087087411e+02	-3.807192310809753844e-03
9.097097097097097276e+02	4.163854283737444817e-03
9.107107107107108277e+02	8.198789264260181175e-03
9.117117117117118141e+02	-1.648944211561753637e-03
9.127127127127128006e+02	-8.599429179667106293e-03
9.137137137137137870e+02	3.516551221724562026e-03
9.147147147147147734e+02	8.859044209336142117e-05
9.157157157157157599e+02	-6.649081795390726635e-03
9.167167167167167463e+02	1.662980303862054976e-03
9.177177177177177327e+02	2.665776325748575593e-03
9.187187187187188329e+02	5.183288435354926893e-03
9.197197197197198193e+02	4.995287931099656742e-03
9.207207207207208057e+02	-4.473761741120269031e-03
9.217217217217217922e+02	-2.901033612944164952e-03
9.227227227227227786e+02	1.230549734134167572e-03
9.237237237237237650e+02	6.318803757299873425e-03
9.247247247247247515e+02	5.782181083270970801e-03
9.257257257257257379e+02	-3.619825513027363773e-04
9.267267267267268380e+02	-7.571861221593562119e-03
9.277277277277278245e+02	-3.149160244523663277e-03
9.287287287287288109e+02	7.166918876125333293e-03
9.297297297297297973e+02	4.843288048580557392e-03
9.307307307307307838e+02	4.624717080715101680e-04
9.317317317317317702e+02	-2.143139874475674667e-03
9.327327327327327566e+02	6.968701568971780169e-03
9.337337337337337431e+02	9.963272465791650490e-04
9.347347347347348432e+02	8.339420601513214404e-03
9.357357357357358296e+02	3.627755125181902907e-03
9.367367367367368161e+02	1.777342420386379684e-03
9.377377377377378025e+02	1.866535050961348752e-03
9.387387387387387889e+02	4.011261551036426898e-03
9.397397397397397754e+02	1.829469226637431278e-03
9.407407407407407618e+02	3.207191097786527001e-03
9.417417417417418619e+02	-6.151756440333527864e-03
9.427427427427428483e+02	-3.012217333630828886e-03
9.437437437437438348e+02	-2.710372885867018411e-02
9.447447447447448212e+02	-4.411444173573396410e-02
9.457457457457458077e+02	-3.386621181363633215e-02
9.467467467467467941e+02	-1.084854568012486031e-02
9.477477477477477805e+02	-1.312830845146517600e-02
9.487487487487487670e+02	-2.171855252373672274e-02
9.497497497497498671e+02	-3.426870018217156866e-02
9.507507507507508535e+02	-2.853913393230572693e-02
9.517517517517518399e+02	3.593865927515149661e-03
9.527527527527528264e+02	4.061725438701258017e-03
9.537537537537538128e+02	1.465827000758618270e-02
9.547547547547547993e+02	1.049226534852942816e-02
9.557557557557557857e+02	6.395034908067864787e-03
9.567567567567567721e+02	1.088218953305036818e-02
9.577577577577578722e+02	1.108255249890321981e-02
9.587587587587588587e+02	9.427743025370555197e-03
9.597597597597598451e+02	-3.513313340446688748e-03
9.607607607607608315e+02	-5.907869986824770825e-03
9.617617617617618180e+02	-5.306332497807875193e-03
9.627627627627628044e+02	-1.192157723558220916e-02
9.637637637637637908e+02	-1.427044191641776982e-02
9.647647647647647773e+02	1.359741048667861829e-02
9.657657657657658774e+02	4.720267699075908485e-03
9.667667667667668638e+02	3.268956477060686039e-03
9.677677677677678503e+02	4.777729816235171123e-03
9.687687687687688367e+02	2.867195597182681244e-03
9.697697697697698231e+02	-4.676759726946588813e-03
9.707707707707708096e+02	-3.612209981397579428e-03
9.717717717717717960e+02	-1.126355821658209244e-03
9.727727727727728961e+02	3.091746963854530295e-03
9.737737737737738826e+02	2.949901715749936315e-03
9.747747747747748690e+02	-1.380439058623089688e-03
9.757757757757758554e+02	2.957451272090794170e-03
9.767767767767768419e+02	3.638035342591133814e-03
9.777777777777778283e+02	-3.033134900292278058e-03
9.787787787787788147e+02	-2.606101684607814439e-03
9.797797797797798012e+02	-1.206604710304787220e-02
9.807807807807809013e+02	-7.842038928254912999e-04
9.817817817817818877e+02	3.106215585662985834e-03
9.827827827827828742e+02	3.698145662656443511e-03
9.837837837837838606e+02	9.385816269041585835e-03
9.847847847847848470e+02	-5.995944264047842198e-03
9.857857857857858335e+02	-3.315625823403778316e-03
9.867867867867868199e+02	-3.121699404119299137e-03
9.877877877877878063e+02	1.280091478277733952e-03
9.887887887887889065e+02	7.973218124127656736e-03
9.897897897897898929e+02	1.450200786251493179e-02
9.907907907907908793e+02	1.489893710258810566e-02
9.917917917917918658e+02	7.472571282950812854e-03
9.927927927927928522e+02	1.278416844100610517e-02
9.937937937937938386e+02	2.297844392559506010e-03
9.947947947947948251e+02	7.321084233688046616e-03
9.957957957957958115e+02	8.562105587626434033e-04
9.967967967967969116e+02	4.540910855324015172e-03
9.977977977977978981e+02	-3.292702504958944232e-04
9.987987987987988845e+02	5.409981318925977112e-03
9.997997997997998709e+02	1.062227202192353448e-02
1.000800800800800857e+03	9.695218748937473041e-03
1.001801801801801844e+03	-1.342569342416555234e-04
1.002802802802802830e+03	-7.890144688651179461e-04
1.003803803803803930e+03	7.664816711776600844e-03
1.004804804804804917e+03	-5.984663471451601158e-03
1.005805805805805903e+03	-5.145135538160039435e-03
1.006806806806806890e+03	-5.005828190904892949e-04
1.007807807807807876e+03	-2.760867352095242033e-03
1.008808808808808863e+03	-5.182756733504184643e-03
1.009809809809809849e+03	-5.058151597462423599e-03
1.010810810810810835e+03	-2.051296092126619897e-03
1.011811811811811936e+03	2.823672063501814211e-03
1.012812812812812922e+03	1.337556099319514580e-04
1.013813813813813908e+03	3.990355600531403368e-03
1.014814814814814895e+03	-1.185419965510497997e-03
1.015815815815815881e+03	-5.092492119626257363e-03
1.016816816816816868e+03	-3.933354033991809384e-03
1.017817817817817854e+03	2.122262965972288029e-04
1.018818818818818841e+03	4.537737864844265667e-03
1.019819819819819941e+03	4.022062616148153191e-03
1.020820820820820927e+03	-2.614678432088596294e-03
1.021821821821821914e+03	5.953104292806932207e-03
1.022822822822822900e+03	1.339714207817088720e-03
1.023823823823823886e+03	8.503658925398949187e-04
1.024824824824824873e+03	5.125893133813952396e-03
1.025825825825825859e+03	1.137870718102867995e-03
1.026826826826826846e+03	1.548177077566129101e-02
1.027827827827828060e+03	1.449330940494839015e-02
1.028828828828829046e+03	1.901307223748124886e-02
1.029829829829830032e+03	4.587654123950790641e-03
1.030830830830831019e+03	1.621121536559330667e-02
1.031831831831832005e+03	1.026722982846184351e-02
1.032832832832832992e+03	1.014575525729818906e-02
1.033833833833833978e+03	2.278333689473116541e-02
1.034834834834834965e+03	2.170528976489946582e-02
1.035835835835835951e+03	1.512984735313827045e-02
1.036836836836836937e+03	7.187855246894747641e-03
1.037837837837837924e+03	9.979710547530218356e-04
1.038838838838838910e+03	2.033571449334636849e-03
1.039839839839839897e+03	-6.268263202020840641e-04
1.040840840840840883e+03	6.905359325778737123e-03
1.041841841841841870e+03	-2.784966647216613467e-03
1.042842842842842856e+03	-4.338349737625118996e-03
1.043843843843843842e+03	-1.894963413851702416e-03
1.044844844844844829e+03	-7.102975208041373278e-03
1.045845845845845815e+03	2.922014852289045450e-04
1.046846846846846802e+03	1.305237741805465035e-03
1.047847847847847788e+03	3.966689305467840931e-03
1.048848848848848775e+03	5.804743205693019270e-03
1.049849849849849761e+03	6.483254561873708077e-04
1.050850850850850975e+03	1.452949627241795216e-03
1.051851851851851961e+03	-3.675536390190109470e-03
1.052852852852852948e+03	-5.051160378952923580e-03
1.053853853853853934e+03	-5.436241195533320081e-07
1.054854854854854921e+03	-4.200371565269228613e-03
1.055855855855855907e+03	1.654079926369234066e-04
1.056856856856856894e+03	1.890744691039336622e-04
1.057857857857857880e+03	5.935811075919450452e-04
1.058858858858859094e+03	-3.148593498066176721e-03
1.059859859859860080e+03	7.110546883204310609e-03
1.060860860860861067e+03	-4.268551018755395443e-03
1.061861861861862053e+03	7.755553589950392457e-03
1.062862862862863039e+03	-3.017618499073171368e-03
1.063863863863864026e+03	3.339842071139242918e-03
1.064864864864865012e+03	9.055543459495496439e-04
1.065865865865865999e+03	5.693536690021205882e-03
1.066866866866866985e+03	5.318084406816914189e-03
1.067867867867867972e+03	-1.931537534680116686e-03
1.068868868868868958e+03	-3.910449495089785010e-04
1.069869869869869945e+03	-5.392987413661010088e-04
1.070870870870870931e+03	2.954224253325921090e-04
1.071871871871871917e+03	-2.807053546244636655e-03
1.072872872872872904e+03	-8.811611729181934027e-03
1.073873873873873890e+03	-4.864736179759882040e-03
1.074874874874874877e+03	-2.874728724699959770e-03
1.075875875875875863e+03	-3.740599657771292996e-03
1.076876876876876850e+03	-8.410402447923071012e-03
1.077877877877877836e+03	-6.114721040418491516e-03
1.078878878878878822e+03	-7.163156911242585245e-03
1.079879879879879809e+03	-7.831321332731705498e-03
1.080880880880880795e+03	-1.871896571773112861e-03
1.081881881881882009e+03	-9.260370979421450599e-04
1.082882882882882996e+03	3.141648206865244042e-03
1.083883883883883982e+03	2.259129323941483358e-03
1.084884884884884968e+03	-3.003623694158963353e-03
1.085885885885885955e+03	-6.824196277048721893e-03
1.086886886886886941e+03	5.665628794659621770e-03
1.087887887887887928e+03	4.016092171687968282e-03
1.088888888888888914e+03	2.867922492162389148e-04
1.089889889889890128e+03	7.234730679775147610e-04
1.090890890890891114e+03	-1.932069982352346837e-03
1.091891891891892101e+03	1.229003812043150123e-02
1.092892892892893087e+03	2.490624276990704988e-03
1.093893893893894074e+03	1.467988167771994146e-03
1.094894894894895060e+03	1.297593875680541631e-02
1.095895895895896047e+03	1.045997694809239209e-02
1.096896896896897033e+03	-1.599095205749523352e-03
1.097897897897898019e+03	6.645845618601792237e-03
1.098898898898899006e+03	4.387758581615164299e-03
1.099899899899899992e+03	-4.319106898936331262e-03
1.100900900900900979e+03	7.784108385888721671e-05
1.101901901901901965e+03	3.763099137942510497e-03
1.102902902902902952e+03	6.276865903931783119e-03
1.103903903903903938e+03	-3.291538905342339394e-03
1.104904904904904924e+03	9.041485693522088862e-03
1.105905905905905911e+03	5.508793281898710648e-03
1.106906906906906897e+03	7.106751952041356901e-03
1.107907907907907884e+03	5.615701753755142356e-03
1.108908908908908870e+03	3.039649632390117873e-03
1.109909909909909857e+03	8.755785679545685651e-03
1.110910910910910843e+03	5.130149761546354270e-04
1.111911911911911830e+03	4.807881539564767825e-03
1.112912912912913043e+03	1.571105037514589076e-02
1.113913913913914030e+03	4.753641287889132094e-03
1.114914914914915016e+03	4.360426400852490669e-03
1.115915915915916003e+03	1.296136827668298297e-03
1.116916916916916989e+03	-5.929802184310162261e-04
1.117917917917917976e+03	5.048845813787061765e-04
1.118918918918918962e+03	1.421208891801473140e-03
1.119919919919919948e+03	-6.794936809636775710e-04
1.120920920920921162e+03	-4.028999864722160318e-03
1.121921921921922149e+03	-4.536067219922834681e-03
1.122922922922923135e+03	-4.968983450784086875e-03
1.123923923923924121e+03	-3.158220271841927218e-04
1.124924924924925108e+03	6.271525704894975739e-03
1.125925925925926094e+03	-4.290064473502552822e-03
1.126926926926927081e+03	8.325357251496301458e-04
1.127927927927928067e+03	-8.492199921035781252e-04
1.128928928928929054e+03	-7.149193821122112880e-04
1.129929929929930040e+03	-7.495080991662517178e-03
1.130930930930931027e+03	-7.912964412729039942e-03
1.131931931931932013e+03	3.912434827403998838e-03
1.132932932932932999e+03	8.822338572282428792e-03
1.133933933933933986e+03	4.448494280392845113e-03
1.134934934934934972e+03	8.518292159749363268e-03
1.135935935935935959e+03	-4.836857592743187828e-03
1.136936936936936945e+03	2.585199179539476866e-03
1.137937937937937932e+03	-1.912733028283486458e-03
1.138938938938938918e+03	2.959279755815613644e-04
1.139939939939939904e+03	5.843352479577568204e-04
1.140940940940940891e+03	1.337419427222125146e-03
1.141941941941941877e+03	5.079061905038734226e-03
1.142942942942942864e+03	1.649495619263807722e-03
1.143943943943944078e+03	-4.167061240411384926e-03
1.144944944944945064e+03	-5.521596174999365836e-04
1.145945945945946050e+03	3.341074537913102382e-04
1.146946946946947037e+03	1.335872683317751441e-03
1.147947947947948023e+03	1.472319440366659515e-03
1.148948948948949010e+03	2.405300208174782073e-03
1.149949949949949996e+03	1.505623828866459180e-03
1.150950950950950983e+03	-8.566614956317109009e-04
1.151951951951952196e+03	-4.946113992415623883e-04
1.152952952952953183e+03	-4.242463438764998429e-04
1.153953953953954169e+03	2.899470586254171423e-03
1.154954954954955156e+03	3.181959091692193597e-03
1.155955955955956142e+03	6.805933275102760138e-03
1.156956956956957129e+03	4.090219520160309763e-03
1.157957957957958115e+03	6.692370936988711883e-04
1.158958958958959101e+03	4.101469491616605012e-03
1.159959959959960088e+03	1.039290242881685256e-03
1.160960960960961074e+03	-9.855271625457462381e-03
1.161961961961962061e+03	-4.347034492461265831e-03
1.162962962962963047e+03	-6.208199369534594947e-03
1.163963963963964034e+03	2.933207210204513693e-03
1.164964964964965020e+03	9.705428329769838491e-04
1.165965965965966006e+03	3.427427738468519225e-03
1.166966966966966993e+03	1.093055553245145251e-02
1.167967967967967979e+03	1.088863431189218689e-02
1.168968968968968966e+03	7.239903946388070999e-03
1.169969969969969952e+03	3.316228442304031132e-03
1.170970970970970939e+03	4.345454532407588832e-04
1.171971971971971925e+03	-2.402029670182881382e-03
1.172972972972972912e+03	-3.284537563166739504e-03
1.173973973973973898e+03	-9.416095751529629521e-04
1.174974974974975112e+03	-9.400308161383985617e-03
1.175975975975976098e+03	6.092123759863704580e-03
1.176976976976977085e+03	1.517388925922152909e-03
1.177977977977978071e+03	-1.118301267898483276e-02
1.178978978978979058e+03	-3.614893374712713214e-03
1.179979979979980044e+03	-7.126116298158208240e-03
1.180980980980981030e+03	-5.151063307727854479e-04
1.181981981981982017e+03	-1.796673065526360746e-03
1.182982982982983231e+03	-3.998380513669574920e-03
1.183983983983984217e+03	2.212931988679056605e-03
1.184984984984985203e+03	-3.415069403049142416e-03
1.185985985985986190e+03	-8.142319716264195817e-03
1.186986986986987176e+03	-7.885067470042389504e-03
1.187987987987988163e+03	-7.351717289619780216e-03
1.188988988988989149e+03	-7.205609401750967535e-03
1.189989989989990136e+03	-1.565749267276539403e-03
1.190990990990991122e+03	-1.282715413653157110e-03
1.191991991991992109e+03	6.090776140551812379e-04
1.192992992992993095e+03	2.005084871075757391e-03
1.193993993993994081e+03	-7.387675396709481035e-03
1.194994994994995068e+03	-5.553938507514566414e-04
1.195995995995996054e+03	-6.409003958754516672e-03
1.196996996996997041e+03	-9.867047170577958326e-03
1.197997997997998027e+03	-5.213354251703217201e-03
1.198998998998999014e+03	-5.894982294822381785e-03
1.200000000000000000e+03	-7.878581769753534303e-03
1.200000000000000000e+03	-7.849044698760354599e-03
1.203005008347245393e+03	-5.329410564303055375e-03
1.206010016694490787e+03	-1.860615987267277838e-03
1.209015025041736180e+03	-1.352464859703860888e-03
1.212020033388981574e+03	1.708615909135622387e-03
1.215025041736226967e+03	3.715910772448535477e-03
1.218030050083472361e+03	4.147245734697482464e-03
1.221035058430717754e+03	5.117813118415915664e-03
1.224040066777963375e+03	2.061524906981513673e-03
1.227045075125208768e+03	-8.051457957555402953e-04
1.230050083472454162e+03	-3.512800537096036867e-03
1.233055091819699555e+03	3.646072146275786824e-03
1.236060100166944949e+03	5.378284147467254223e-03
1.239065108514190342e+03	1.320852090182813438e-02
1.242070116861435736e+03	-3.713720213665159132e-03
1.245075125208681129e+03	-3.050917453929052545e-03
1.248080133555926523e+03	9.572085022304268817e-03
1.251085141903171916e+03	3.274259135534700500e-03
1.254090150250417310e+03	3.976861639998441333e-03
1.257095158597662703e+03	2.165665862652674765e-03
1.260100166944908096e+03	4.172401121091974183e-03
1.263105175292153490e+03	-2.307520600136417094e-03
1.266110183639399111e+03	5.998619965275808243e-03
1.269115191986644504e+03	4.610716139243216730e-03
1.272120200333889898e+03	-1.330466819773476082e-03
1.275125208681135291e+03	1.068889249109015050e-03
1.278130217028380684e+03	3.447286811011505275e-03
1.281135225375626078e+03	2.455220787601557902e-03
1.284140233722871471e+03	3.891493013177380403e-03
1.287145242070116865e+03	5.845003208436057134e-03
1.290150250417362258e+03	5.756898564851842259e-03
1.293155258764607652e+03	2.514303248272032991e-03
1.296160267111853045e+03	1.180718922165294518e-02
1.299165275459098439e+03	4.187488594135471351e-03
1.302170283806343832e+03	3.315210713873696126e-03
1.305175292153589226e+03	1.285997166103538918e-02
1.308180300500834619e+03	2.156035768448025421e-03
1.311185308848080240e+03	8.371679564247582611e-03
1.314190317195325633e+03	1.015007797431872159e-02
1.317195325542571027e+03	7.374187143338675927e-03
1.320200333889816420e+03	1.308819853686727340e-03
1.323205342237061814e+03	-2.047665117445526123e-03
1.326210350584307207e+03	-2.941636472239182298e-03
1.329215358931552601e+03	-6.418294975742925429e-04
1.332220367278797994e+03	4.288153710712726795e-03
1.335225375626043387e+03	2.333299267062242596e-03
1.338230383973288781e+03	-1.306536492449830982e-03
1.341235392320534174e+03	-7.448292593936213166e-03
1.344240400667779568e+03	-3.447742108372757984e-03
1.347245409015024961e+03	-1.023672279008894584e-02
1.350250417362270355e+03	-1.189088983363264726e-02
1.353255425709515748e+03	-6.698912454398466346e-03
1.356260434056761369e+03	-3.217184578261148703e-03
1.359265442404006762e+03	6.207932878296990031e-04
1.362270450751252156e+03	7.231657007191305553e-03
1.365275459098497549e+03	-1.514601593468889451e-04
1.368280467445742943e+03	6.623380449868515596e-03
1.371285475792988336e+03	1.519596175473314492e-03
1.374290484140233730e+03	5.754812327180086617e-03
1.377295492487479123e+03	-6.294068177717271340e-03
1.380300500834724517e+03	-3.024566738396128329e-03
1.383305509181969910e+03	-1.927971848914022956e-05
1.386310517529215304e+03	3.077274465430629435e-03
1.389315525876460697e+03	-2.558320177195455569e-03
1.392320534223706090e+03	7.172393387079950555e-03
1.395325542570951711e+03	8.212822452614787494e-03
1.398330550918196877e+03	1.165254641996207874e-02
1.401335559265442498e+03	1.607629779080743671e-03
1.404340567612687892e+03	-1.139413332746944119e-02
1.407345575959933285e+03	1.736506321791592145e-03
1.410350584307178679e+03	-1.140809728370981158e-02
1.413355592654424072e+03	-6.190429918128348419e-03
1.416360601001669465e+03	-1.078237732812101224e-02
1.419365609348914859e+03	-5.449260272181094544e-03
1.422370617696160252e+03	-5.982594147814823682e-03
1.425375626043405646e+03	2.161360876045403945e-03
1.428380634390651039e+03	7.086266880280633895e-03
1.431385642737896433e+03	9.035559505665896607e-03
1.434390651085141826e+03	-4.996940028064000838e-03
1.437395659432387220e+03	1.013987636631860645e-02
1.440400667779632840e+03	7.836223918088747187e-04
1.443405676126878006e+03	-5.838647168801780474e-03
1.446410684474123627e+03	-2.288469591259778557e-04
1.449415692821369021e+03	-1.100900781644820192e-02
1.452420701168614414e+03	1.556597803373249711e-03
1.455425709515859808e+03	1.010230565248695922e-02
1.458430717863105201e+03	7.116894234070469949e-04
1.461435726210350595e+03	5.532610199600607181e-04
1.464440734557595988e+03	3.325120510396795126e-04
1.467445742904841381e+03	4.133199346834454113e-03
1.470450751252086775e+03	-8.019875659841052551e-03
1.473455759599332168e+03	-3.928025209636781812e-03
1.476460767946577562e+03	-1.585711498059638735e-02
1.479465776293822955e+03	2.060455375594516525e-03
1.482470784641068349e+03	-5.764383118452537369e-03
1.485475792988313970e+03	2.638962649824161399e-03
1.488480801335559136e+03	-6.021744990441751932e-03
1.491485809682804756e+03	-1.569812038031243029e-02
1.494490818030050150e+03	-9.302549792225084380e-03
1.497495826377295543e+03	-2.392933135300284730e-03
1.500500834724540937e+03	-1.751899651358529431e-02
1.503505843071786330e+03	3.137101961869781519e-04
1.506510851419031724e+03	3.718533116088301727e-03
1.509515859766277117e+03	-1.173407060052866768e-02
1.512520868113522511e+03	-1.122590580830029605e-02
1.515525876460767904e+03	-8.214768401024946654e-03
1.518530884808013298e+03	2.346777322244641972e-03
1.521535893155258691e+03	-7.535680940484457135e-04
1.524540901502504312e+03	-2.655061253722390546e-03
1.527545909849749478e+03	-5.125853967151400292e-03
1.530550918196995099e+03	-8.947032046588587750e-03
1.533555926544240265e+03	-6.365633951568583360e-04
1.536560934891485886e+03	-2.865663926435169095e-03
1.539565943238731279e+03	1.331343125492434609e-04
1.542570951585976673e+03	2.862634693197863012e-04
1.545575959933222066e+03	3.892628078328380647e-03
1.548580968280467459e+03	1.045789145024278444e-02
1.551585976627712853e+03	8.361524271404130459e-03
1.554590984974958246e+03	1.108368786361185743e-02
1.557595993322203640e+03	6.112317203889605643e-04
1.560601001669449033e+03	2.072772117753085563e-03
1.563606010016694427e+03	3.320530982882652360e-03
1.566611018363939820e+03	1.807429018182288294e-03
1.569616026711185441e+03	-1.582398146762142854e-03
1.572621035058430607e+03	-7.680935915687803206e-03
1.575626043405676228e+03	-2.923040052196318461e-03
1.578631051752921394e+03	-8.797792985230368235e-04
1.581636060100167015e+03	-4.491984278071181613e-03
1.584641068447412408e+03	-6.157139899266195204e-03
1.587646076794657802e+03	-9.886950127195842652e-03
1.590651085141903195e+03	2.855351269522965474e-03
1.593656093489148589e+03	-3.918911890983228785e-03
1.596661101836393982e+03	-7.360862017383451583e-03
1.599666110183639375e+03	5.972295760554691135e-03
1.602671118530884769e+03	1.713447786036548237e-03
1.605676126878130162e+03	8.420594976821349498e-03
1.608681135225375556e+03	-1.381923754410185889e-02
1.611686143572620949e+03	-1.488817283721646789e-02
1.614691151919866570e+03	-8.170843728375232207e-03
1.617696160267111736e+03	-1.017322402366199752e-02
1.620701168614357357e+03	-1.573410067129266121e-02
1.623706176961602750e+03	-1.839073278873662454e-02
1.626711185308848144e+03	-1.177325374049809081e-02
1.629716193656093537e+03	-1.302858381256377651e-02
1.632721202003338931e+03	-1.417058212453911614e-02
1.635726210350584324e+03	-1.342448272307084078e-02
1.638731218697829718e+03	-1.504606826260490582e-02
1.641736227045075111e+03	-6.925229888167461212e-03
1.644741235392320505e+03	-6.468138996479522174e-03
1.647746243739565898e+03	-1.507663409868392757e-02
1.650751252086811292e+03	7.638786368738270660e-04
1.653756260434056685e+03	-2.128068948193007071e-03
1.656761268781302078e+03	-4.870676553259373209e-03
1.659766277128547699e+03	-1.337621593626991956e-04
1.662771285475792865e+03	-6.300507955405210136e-03
1.665776293823038486e+03	-4.037020012340714059e-03
1.668781302170283880e+03	-4.929212927100579122e-03
1.671786310517529273e+03	-8.905045439425440801e-03
1.674791318864774667e+03	-6.949922266679481320e-03
1.677796327212020060e+03	-6.851608821687532602e-03
1.680801335559265453e+03	-6.325723522848991642e-03
1.683806343906510847e+03	3.775999487206693761e-03
1.686811352253756240e+03	-4.453915496524102346e-03
1.689816360601001634e+03	6.450780898141772468e-04
1.692821368948247027e+03	6.339703555949371960e-03
1.695826377295492421e+03	-2.058011620555133536e-04
1.698831385642737814e+03	-1.102729706903157747e-02
1.701836393989983208e+03	1.170360829503502842e-03
1.704841402337228828e+03	-1.324884915248383810e-02
1.707846410684473994e+03	-5.747824224904579671e-03
1.710851419031719615e+03	4.731553954781780869e-03
1.713856427378964781e+03	-6.197953543230577678e-03
1.716861435726210402e+03	-4.221316287797177713e-03
1.719866444073455796e+03	-8.674102842472442010e-03
1.722871452420701189e+03	-2.391867662815072570e-03
1.725876460767946583e+03	-3.028903638837066037e-03
1.728881469115191976e+03	-1.375534844285430935e-02
1.731886477462437369e+03	5.299297486484055852e-03
1.734891485809682763e+03	-7.145430147767639628e-03
1.737896494156928156e+03	-1.001531230370478198e-02
1.740901502504173550e+03	-1.071573928581376345e-02
1.743906510851419171e+03	-1.257256810248558176e-02
1.746911519198664337e+03	-1.440898917658919864e-02
1.749916527545909958e+03	-1.220194951147457463e-02
1.752921535893155124e+03	4.361741948306907535e-04
1.755926544240400744e+03	-1.450998700374281358e-02
1.758931552587645911e+03	-1.039022546120424439e-02
1.761936560934891531e+03	-1.677937503564652655e-02
1.764941569282136925e+03	-1.019258582310156314e-02
1.767946577629382318e+03	-5.544780028735180055e-03
1.770951585976627712e+03	-9.938997211311251245e-03
1.773956594323873105e+03	-1.327401059651500681e-02
1.776961602671118499e+03	-1.085853049670859605e-02
1.779966611018363892e+03	-7.304396772348009659e-03
1.782971619365609513e+03	-6.182348631485257151e-03
1.785976627712854679e+03	-6.517023674609323525e-03
1.788981636060100300e+03	-1.296043623082443474e-02
1.791986644407345466e+03	-2.966055243126319851e-03
1.794991652754591087e+03	-1.352600773134038370e-02
1.797996661101836253e+03	1.267129726790494626e-04
1.801001669449081874e+03	-8.529581420967269345e-03
1.804006677796327040e+03	-5.198880065613337154e-03
1.807011686143572661e+03	-1.227774971317036057e-02
1.810016694490818054e+03	-7.984964093771612648e-03
1.813021702838063447e+03	-3.271159976065501906e-03
1.816026711185308841e+03	-1.644099323464803808e-02
1.819031719532554234e+03	-2.436631900857719191e-02
1.822036727879799628e+03	-8.451782810257491008e-03
1.825041736227045021e+03	-8.303017808464319138e-03
1.828046744574290642e+03	-1.004429655397098831e-02
1.831051752921535808e+03	-6.427218403678491843e-03
1.834056761268781429e+03	-1.495324460529356969e-03
1.837061769616026595e+03	-4.927068915243804081e-03
1.840066777963272216e+03	-8.432900518450248128e-03
1.843071786310517382e+03	-1.337033717318525383e-04
1.846076794657763003e+03	-4.555396252191645790e-03
1.849081803005008396e+03	-1.516916253696876105e-03
1.852086811352253790e+03	3.109910427828432855e-04
1.855091819699499183e+03	3.028836789238126270e-03
1.858096828046744577e+03	1.962661537035947923e-03
1.861101836393989970e+03	-2.889603760073966576e-04
1.864106844741235363e+03	5.511420562792079814e-04
1.867111853088480757e+03	-4.233029777471308819e-03
1.870116861435726150e+03	-8.376436970362027834e-03
1.873121869782971771e+03	-1.529151102916445626e-02
1.876126878130216937e+03	-3.753987533227975959e-03
1.879131886477462558e+03	1.235399603257525403e-03
1.882136894824707724e+03	-9.601180783110146999e-03
1.885141903171953345e+03	-5.727395778977684149e-03
1.888146911519198511e+03	-1.177870140623837880e-02
1.891151919866444132e+03	-5.983654921113773506e-03
1.894156928213689525e+03	1.618341007948054244e-03
1.897161936560934919e+03	-4.061225243185834222e-03
1.900166944908180312e+03	-1.069444494489535380e-03
1.903171953255425706e+03	-6.298431013345401341e-03
1.906176961602671099e+03	-1.723919554433878121e-02
1.909181969949916493e+03	-2.642141190662833372e-02
1.912186978297161886e+03	-4.383724778468428562e-02
1.915191986644407280e+03	-2.046462925594697002e-02
1.918196994991652900e+03	-1.283525322724868301e-02
1.921202003338898066e+03	-7.778188424983151217e-03
1.924207011686143687e+03	-6.319871768491636121e-03
1.927212020033388853e+03	-6.718412262960299364e-03
1.930217028380634474e+03	-4.494664196502462516e-03
1.933222036727879640e+03	4.029538089827644498e-03
1.936227045075125261e+03	3.816278241300291585e-03
1.939232053422370655e+03	-5.897806579288344953e-04
1.942237061769616048e+03	2.588977251457291739e-04
1.945242070116861441e+03	-5.661899247697360638e-03
1.948247078464106835e+03	-4.368498010112936702e-03
1.951252086811352228e+03	6.196324773038303091e-03
1.954257095158597622e+03	-2.525589069217543114e-03
1.957262103505843015e+03	2.706585474694350735e-03
1.960267111853088409e+03	-1.498581684997779551e-03
1.963272120200334030e+03	4.764544791186209327e-04
1.966277128547579196e+03	3.579451687303114582e-03
1.969282136894824816e+03	-4.982986243564385687e-03
1.972287145242069982e+03	4.672935859870136488e-03
1.975292153589315603e+03	-5.218229326903162102e-03
1.978297161936560769e+03	-1.198923594176892760e-03
1.981302170283806390e+03	1.143004646759632204e-02
1.984307178631051784e+03	2.912885097317519101e-03
1.987312186978297177e+03	-4.332474411259445990e-03
1.990317195325542571e+03	-3.775473203241952458e-03
1.993322203672787964e+03	2.648400582829224525e-04
1.996327212020033357e+03	1.013545105834734450e-03
1.999332220367278751e+03	3.092728801393940241e-03
2.002337228714524372e+03	-2.511657614478413070e-03
2.005342237061769538e+03	-3.730897128480070712e-03
2.008347245409015159e+03	7.708290857171257171e-03
2.011352253756260325e+03	1.207940690309483589e-02
2.014357262103505946e+03	5.094610801894883245e-03
2.017362270450751112e+03	-1.022713607991304618e-03
2.020367278797996732e+03	-2.531473971827125080e-03
2.023372287145241899e+03	7.063776660641507554e-03
2.026377295492487519e+03	5.560352885887520635e-03
2.029382303839732913e+03	4.611228701382141804e-03
2.032387312186978306e+03	6.614754702186420587e-03
2.035392320534223700e+03	1.027261866306933280e-02
2.038397328881469093e+03	7.503188246594100219e-03
2.041402337228714487e+03	1.341204771568405008e-03
2.044407345575959880e+03	8.580058106912757943e-03
2.047412353923205501e+03	7.360779712835635591e-03
2.050417362270450667e+03	-4.404981077737096795e-03
2.053422370617696288e+03	-2.523966302650648696e-02
2.056427378964941454e+03	-7.792649814932772756e-03
2.059432387312187075e+03	-2.118001902700972217e-02
2.062437395659432241e+03	-1.273366656020105681e-02
2.065442404006677862e+03	-1.794377085510034942e-02
2.068447412353923028e+03	-8.976379929757111187e-03
2.071452420701168649e+03	-1.317088348278327992e-02
2.074457429048414269e+03	-1.595909685217550278e-02
2.077462437395659435e+03	-3.412728214617394285e-02
2.080467445742904602e+03	-5.975475324529894161e-02
2.083472454090150222e+03	-3.316061177294961360e-02
2.086477462437395843e+03	-1.356623923401359399e-02
2.089482470784641009e+03	-1.718003277290089392e-02
2.092487479131886630e+03	-3.568735311595941373e-02
2.095492487479131796e+03	-2.145841870851464273e-02
2.098497495826377417e+03	-2.005501388731484314e-02
2.101502504173622583e+03	-1.232681104127300586e-02
2.104507512520868204e+03	-2.785593552804102591e-02
2.107512520868113370e+03	-3.659021547485361014e-02
2.110517529215358991e+03	-4.752601061753974898e-02
2.113522537562604157e+03	-1.482583073447182875e-02
2.116527545909849778e+03	-1.907339715536340852e-02
2.119532554257095398e+03	-4.036894049981298860e-02
2.122537562604340565e+03	-4.077945896815321492e-02
2.125542570951585731e+03	-3.818689544477191222e-02
2.128547579298831351e+03	-2.653463952218038102e-02
2.131552587646076972e+03	-1.118679699741262357e-02
2.134557595993322138e+03	-1.919742924753439772e-02
2.137562604340567759e+03	-4.888783882215895493e-02
2.140567612687812925e+03	-6.394906556635074346e-02
2.143572621035058546e+03	-1.551857633666439695e-02
2.146577629382303712e+03	-7.079057915424458169e-03
2.149582637729549333e+03	-2.723758196041925483e-02
2.152587646076794499e+03	-4.012885387373321677e-02
2.155592654424040120e+03	-5.802146324159056234e-02
2.158597662771285286e+03	-4.796241777230676739e-02
2.161602671118530907e+03	-1.775199427474583036e-02
2.164607679465776528e+03	-2.915324890772233446e-02
2.167612687813021694e+03	1.493165689542275132e-03
2.170617696160266860e+03	-1.311454004605361323e-02
2.173622704507512481e+03	-3.320210472232162924e-02
2.176627712854758101e+03	-4.244498199544732842e-02
2.179632721202003268e+03	-2.138368358121531254e-02
2.182637729549248888e+03	-1.338245406449339869e-02
2.185642737896494054e+03	-9.597392548142430480e-03
2.188647746243739675e+03	-3.276499138880895057e-04
2.191652754590984841e+03	1.400276834440578044e-03
2.194657762938230462e+03	-1.065681828935904907e-03
2.197662771285475628e+03	-1.895795186343265937e-02
2.200667779632721249e+03	7.100958927666045639e-04
2.203672787979966415e+03	-1.108112519604492752e-03
2.206677796327212036e+03	-6.823148264552297837e-03
2.209682804674457657e+03	-6.687249836080350063e-03
2.212687813021702823e+03	-1.161380826121011234e-02
2.215692821368947989e+03	-1.123888276637063921e-02
2.218697829716193610e+03	-1.049981206698019642e-02
2.221702838063439231e+03	2.916015129074633894e-03
2.224707846410684397e+03	-1.119218314214043275e-02
2.227712854757929563e+03	-2.579672490121698303e-05
2.230717863105175184e+03	2.213466936076935454e-03
2.233722871452420804e+03	-8.651573571388626593e-03
2.236727879799665970e+03	-8.430821050287806706e-03
2.239732888146911591e+03	-1.052722062031083428e-02
2.242737896494157212e+03	4.424851785825273387e-03
2.245742904841402378e+03	9.972885567020667308e-03
2.248747913188647544e+03	2.637359781493930910e-03
2.251752921535893165e+03	-4.160549102421168266e-03
2.254757929883138786e+03	1.427203772486396183e-02
2.257762938230383952e+03	6.305699863297098418e-04
2.260767946577629118e+03	-7.322149909646163968e-03
2.263772954924874739e+03	-1.047413593493223827e-03
2.266777963272120360e+03	8.266382927163334893e-03
2.269782971619365526e+03	-5.163998390868868027e-03
2.272787979966610692e+03	2.541115097801444067e-03
2.275792988313856313e+03	6.289544401470448243e-04
2.278797996661101934e+03	-4.381938720195349690e-03
2.281803005008347100e+03	-2.629304176075819566e-03
2.284808013355592720e+03	-1.571698034906782171e-03
2.287813021702838341e+03	-3.022975422028312265e-03
2.290818030050083507e+03	2.104960957291318602e-03
2.293823038397328673e+03	-3.310350775217907326e-03
2.296828046744574294e+03	-3.758812773168751509e-03
2.299833055091819915e+03	-5.600617542347724465e-03
2.302838063439065081e+03	3.394990902141903355e-04
2.305843071786310247e+03	-1.472750029287464568e-02
2.308848080133555868e+03	-5.200472494208491225e-03
2.311853088480801489e+03	-9.302533430785464574e-03
2.314858096828046655e+03	-6.358536835424616340e-03
2.317863105175291821e+03	-1.303127915186821917e-02
2.320868113522537442e+03	-1.568363455855562028e-02
2.323873121869783063e+03	-2.165328565562082974e-02
2.326878130217028229e+03	-7.786784046195177611e-03
2.329883138564273850e+03	4.864734334664500004e-03
2.332888146911519470e+03	-8.745566514465952235e-03
2.335893155258764637e+03	-6.506283674900276148e-03
2.338898163606009803e+03	-6.314524857923775603e-03
2.341903171953255423e+03	-1.087583895014943014e-02
2.344908180300501044e+03	2.669446595464003424e-03
2.347913188647746210e+03	-7.466652425446473895e-03
2.350918196994991376e+03	2.618467228474474773e-03
2.353923205342236997e+03	3.146457734979513088e-03
2.356928213689482618e+03	1.115589082236856378e-03
2.359933222036727784e+03	-1.495925466596659259e-03
2.362938230383972950e+03	-3.117480220616281050e-03
2.365943238731219026e+03	-9.273525328625353836e-03
2.368948247078464192e+03	-9.679387520592774852e-04
2.371953255425709358e+03	-2.954798954431236968e-03
2.374958263772954979e+03	-5.208611596372259012e-03
2.377963272120200600e+03	1.678530419934182172e-03
2.380968280467445766e+03	-6.547561736134605015e-03
2.383973288814690932e+03	2.491196578054466482e-03
2.386978297161936553e+03	3.713689703921829732e-03
2.389983305509182173e+03	7.229222361716969303e-03
2.392988313856427339e+03	2.061232382853359080e-02
2.395993322203672506e+03	2.422994022308691542e-02
2.398998330550918126e+03	7.088231916946297062e-05
2.402003338898163747e+03	-8.273940155077541547e-03
2.405008347245408913e+03	-6.924110514528042382e-03
2.408013355592654079e+03	1.894447827342798929e-03
2.411018363939900155e+03	-1.998634012278899252e-03
2.414023372287145321e+03	-1.704241321661165154e-03
2.417028380634390487e+03	-6.243562473902120047e-03
2.420033388981636108e+03	-1.517932116387954444e-03
2.423038397328881729e+03	7.021904288924712967e-03
2.426043405676126895e+03	-5.874565908902090738e-03
2.429048414023372061e+03	2.624484737445198501e-03
2.432053422370617682e+03	1.242960727797642884e-03
2.435058430717863303e+03	-3.813335215226143493e-04
2.438063439065108469e+03	-5.327216939365053694e-03
2.441068447412353635e+03	-1.145172175961134409e-03
2.444073455759599256e+03	-3.646598221603014611e-03
2.447078464106844876e+03	-1.184952020162305386e-03
2.450083472454090042e+03	-4.167597694333474712e-03
2.453088480801335663e+03	-3.507430077682838210e-03
2.456093489148581284e+03	-1.293990586279603061e-02
2.459098497495826450e+03	-5.240210458670013782e-03
2.462103505843071616e+03	-2.975115394179911332e-03
2.465108514190317237e+03	-1.271433622926121387e-02
2.468113522537562858e+03	-7.179766482887567358e-03
2.471118530884808024e+03	-8.274996367800296904e-03
2.474123539232053190e+03	-5.472283224946444813e-03
2.477128547579298811e+03	-1.278098187922230289e-02
2.480133555926544432e+03	-1.086724468917116271e-02
2.483138564273789598e+03	-5.052772242839592698e-03
2.486143572621034764e+03	-6.332117293624317522e-03
2.489148580968280385e+03	-2.566373383163428334e-03
2.492153589315526006e+03	-3.250695300496264650e-03
2.495158597662771172e+03	4.336794027455459499e-03
2.498163606010016792e+03	-7.551533537490384695e-04
2.501168614357262413e+03	4.473779987194975716e-03
2.504173622704507579e+03	-3.963982378199754075e-03
2.507178631051752745e+03	-6.255430357505892269e-03
2.510183639398998366e+03	-9.132821562202020349e-03
2.513188647746243987e+03	-3.783019473009824329e-03
2.516193656093489153e+03	8.502500329454765193e-04
2.519198664440734319e+03	-7.936607239586779272e-03
2.522203672787979940e+03	2.595911476476697732e-03
2.525208681135225561e+03	-1.379910606644607629e-03
2.528213689482470727e+03	-3.198610736939333510e-03
2.531218697829715893e+03	-4.992104510456701894e-03
2.534223706176961514e+03	6.596387522259439251e-03
2.537228714524207135e+03	4.381249036647522077e-03
2.540233722871452301e+03	-3.626793488682472644e-03
2.543238731218697922e+03	-6.892533101691300512e-03
2.546243739565943542e+03	-4.234784663398105664e-03
2.549248747913188708e+03	3.781360018152435387e-03
2.552253756260433875e+03	-1.286455344545522905e-03
2.555258764607679495e+03	2.578727298905680865e-03
2.558263772954925116e+03	-2.051968026818007385e-04
2.561268781302170282e+03	1.210472090656625199e-02
2.564273789649415448e+03	5.357335513315131248e-03
2.567278797996661069e+03	9.614605010206889180e-03
2.570283806343906690e+03	3.123391964865551707e-03
2.573288814691151856e+03	-5.672173696964211143e-04
2.576293823038397022e+03	7.053062345183019888e-03
2.579298831385642643e+03	6.572849392233098831e-03
2.582303839732888264e+03	7.229208876353393487e-03
2.585308848080133430e+03	1.559284338403177372e-02
2.588313856427379051e+03	-3.524101585642092083e-03
2.591318864774624672e+03	-1.705385866949626905e-03
2.594323873121869838e+03	1.074199713220758134e-04
2.597328881469115004e+03	1.455510840101537084e-04
2.600333889816360625e+03	-1.208770681490334287e-04
2.603338898163606245e+03	7.252285405857261669e-03
2.606343906510851411e+03	5.087664826524618267e-03
2.609348914858096578e+03	2.077088621621536735e-03
2.612353923205342198e+03	4.569849003754955508e-03
2.615358931552587819e+03	7.207706824824827718e-03
2.618363939899832985e+03	5.332040204538840422e-03
2.621368948247078151e+03	6.060960873704362983e-03
2.624373956594323772e+03	8.676804541222576939e-03
2.627378964941569393e+03	-5.817086766676166087e-03
2.630383973288814559e+03	3.221719158728875154e-03
2.633388981636060180e+03	-6.139110440067097052e-04
2.636393989983305801e+03	-2.405779409919206469e-03
2.639398998330550967e+03	3.475764114751783707e-03
2.642404006677796133e+03	-2.540613776792211009e-04
2.645409015025041754e+03	1.010342802569147436e-03
2.648414023372287375e+03	1.022910932486886804e-02
2.651419031719532541e+03	5.747362522822485609e-03
2.654424040066777707e+03	8.874446360471854867e-03
2.657429048414023327e+03	7.103503216544321264e-03
2.660434056761268948e+03	-4.199318421387793210e-03
2.663439065108514114e+03	1.551978919134833212e-04
2.666444073455759280e+03	-1.157013049582739095e-03
2.669449081803004901e+03	-6.381683621296235787e-03
2.672454090150250522e+03	4.300193668256735435e-03
2.675459098497495688e+03	-1.564683251653764540e-03
2.678464106844741309e+03	6.545960491090185851e-03
2.681469115191986930e+03	1.043632302489105879e-03
2.684474123539232096e+03	-1.438985175438028952e-03
2.687479131886477262e+03	3.835085453529202271e-03
2.690484140233722883e+03	1.234643564350157430e-02
2.693489148580968504e+03	3.763137914504249837e-03
2.696494156928213670e+03	6.841938522563928426e-03
2.699499165275458836e+03	4.689129544723169563e-03
2.702504173622704457e+03	-5.367547400783101441e-03
2.705509181969950077e+03	5.655432647083236120e-03
2.708514190317195244e+03	6.287073878761456625e-03
2.711519198664440410e+03	5.061948507166180722e-03
2.714524207011686030e+03	4.313190549832729426e-03
2.717529215358931651e+03	8.358283895436580124e-03
2.720534223706176817e+03	6.965474330976606510e-03
2.723539232053422438e+03	1.324003362533854311e-03
2.726544240400668059e+03	9.049562266117361364e-03
2.729549248747913225e+03	-2.824953330743118496e-04
2.732554257095158391e+03	8.311553431829543648e-03
2.735559265442404012e+03	3.171804569818220676e-03
2.738564273789649633e+03	-2.288605481685690446e-03
2.741569282136894799e+03	-3.775567259701739786e-04
2.744574290484139965e+03	-2.331114708128773083e-03
2.747579298831385586e+03	1.782726879699686462e-03
2.750584307178631207e+03	1.725835641034373369e-03
2.753589315525876373e+03	-1.557131399687161633e-03
2.756594323873121539e+03	6.374667941694944773e-03
2.759599332220367160e+03	3.786943564214606539e-04
2.762604340567612780e+03	2.680795368319971450e-03
2.765609348914857947e+03	-7.810083695109493185e-04
2.768614357262103567e+03	-4.693440999028408722e-03
2.771619365609349188e+03	4.053151034916352424e-03
2.774624373956594354e+03	-7.152970142964509837e-03
2.777629382303839520e+03	-6.414420202162485207e-03
2.780634390651085141e+03	-6.484259832555905323e-03
2.783639398998330762e+03	-6.136177308818130394e-03
2.786644407345575928e+03	-5.544256629589683349e-03
2.789649415692821094e+03	3.054094769170817569e-03
2.792654424040066715e+03	1.318382768672443639e-02
2.795659432387312336e+03	1.197366949684289250e-02
2.798664440734557502e+03	7.116979677835033602e-04
2.801669449081802668e+03	6.292447646387394622e-03
2.804674457429048744e+03	-1.817645282165908371e-03
2.807679465776293910e+03	4.939417233423337716e-03
2.810684474123539076e+03	6.690462784228468074e-03
2.813689482470784696e+03	9.120962311331248795e-03
2.816694490818030317e+03	1.114648433163906160e-02
2.819699499165275483e+03	6.189864882503642862e-03
2.822704507512520649e+03	1.720852266784578255e-02
2.825709515859766270e+03	9.384706765332762046e-03
2.828714524207011891e+03	1.068567964679190130e-02
2.831719532554257057e+03	8.379802518214130025e-03
2.834724540901502223e+03	1.003415136632551663e-02
2.837729549248747844e+03	1.122819836291796824e-02
2.840734557595993465e+03	1.281592619306071157e-02
2.843739565943238631e+03	2.172715383744444617e-03
2.846744574290483797e+03	4.097244464609461900e-03
2.849749582637729873e+03	3.783048006235245619e-03
2.852754590984975039e+03	7.082066743242299012e-03
2.855759599332220205e+03	7.010114231564279486e-03
2.858764607679465826e+03	6.731904045339381915e-03
2.861769616026711446e+03	4.434046031330129978e-03
2.864774624373956613e+03	1.145105819229050303e-02
2.867779632721201779e+03	1.259570928965528247e-02
2.870784641068447399e+03	8.152030737159920992e-03
2.873789649415693020e+03	2.879104719213931851e-04
2.876794657762938186e+03	1.526359500988502815e-02
2.879799666110183352e+03	3.531606665015091240e-03
2.882804674457428973e+03	7.715280357192377814e-03
2.885809682804674594e+03	-1.355694642142413198e-03
2.888814691151919760e+03	9.344968152610350076e-03
2.891819699499164926e+03	2.646441816407607561e-03
2.894824707846411002e+03	1.343361585822591686e-02
2.897829716193656168e+03	2.247355666894990112e-03
2.900834724540901334e+03	-2.376791328842331463e-03
2.903839732888146955e+03	-8.808753979323291627e-04
2.906844741235392576e+03	4.410361464023265787e-03
2.909849749582637742e+03	1.079089979913275266e-02
2.912854757929882908e+03	1.584527171470062612e-03
2.915859766277128529e+03	8.589736555348254088e-03
2.918864774624374149e+03	1.043264385628386859e-02
2.921869782971619316e+03	1.469368421301242567e-02
2.924874791318864482e+03	3.465532398046783369e-03
2.927879799666110102e+03	1.470441869422077497e-02
2.930884808013355723e+03	2.297293293030494565e-03
2.933889816360600889e+03	-3.045509990826311686e-03
2.936894824707846510e+03	3.562247490686260010e-03
2.939899833055092131e+03	-4.075198651023542729e-03
2.942904841402337297e+03	6.728619465311488912e-03
2.945909849749582463e+03	4.129441853686854902e-03
2.948914858096828084e+03	2.808112991305761197e-03
2.951919866444073705e+03	1.003327025535405426e-03
2.954924874791318871e+03	-7.387115436474439578e-03
2.957929883138564037e+03	-1.079628552920508522e-02
2.960934891485809658e+03	2.272037510075902711e-03
2.963939899833055279e+03	1.908910697538318546e-03
2.966944908180300445e+03	-3.971033360703146720e-03
2.969949916527545611e+03	5.757859570094947532e-04
2.972954924874791232e+03	1.004952527917185590e-03
2.975959933222036852e+03	6.518052514225769478e-03
2.978964941569282018e+03	8.835818157008623608e-04
2.981969949916527639e+03	-9.031260197944285251e-03
2.984974958263773260e+03	1.729547206298170936e-03
2.987979966611018426e+03	1.148347370730107286e-03
2.990984974958263592e+03	1.070604172972294821e-02
2.993989983305509213e+03	1.211598133662038224e-02
2.996994991652754834e+03	5.537560089742821212e-04
3.000000000000000000e+03	-8.034905914695078533e-03
