# time (ps)	 sum signal (V)	 MOKE (V)	 B plus signal (V) 	 B minus signal (V)
200.0	nan	nan	0.0010842822645975025	nan
201.00100100100101	nan	nan	0.0019028659300467377	nan
202.002002002002	nan	nan	-0.0014162281478665509	nan
203.00300300300304	nan	nan	-0.0007279877886147146	nan
204.00400400400403	nan	nan	0.0008977203365474751	nan
205.00500500500502	nan	nan	-0.0015318894806644334	nan
206.006006006006	nan	nan	0.00031368270232878803	nan
207.00700700700702	nan	nan	-0.0023955911345514558	nan
208.008008008008	nan	nan	-0.0039994576122484304	nan
209.00900900900902	nan	nan	0.0015694879314009924	nan
210.01001001001	nan	nan	0.0030415772535537094	nan
211.011011011011	nan	nan	0.0028256521457593886	nan
212.01201201201198	nan	nan	0.002335433436373241	nan
213.01301301301302	nan	nan	0.0025470619562436847	nan
214.014014014014	nan	nan	0.0030766701575232758	nan
215.01501501501502	nan	nan	-0.0007552021233182271	nan
216.016016016016	nan	nan	0.0016450446214407444	nan
217.01701701701703	nan	nan	-0.0015404834207847773	nan
218.018018018018	nan	nan	-0.0006893144909169147	nan
219.01901901901905	nan	nan	0.0023988136557652195	nan
220.02002002002004	nan	nan	0.0032872239123143687	nan
221.02102102102103	nan	nan	0.0013252739774362865	nan
222.022022022022	nan	nan	0.0013703927962542828	nan
223.02302302302303	nan	nan	-0.00046909153269675263	nan
224.02402402402402	nan	nan	0.003912799478188039	nan
225.02502502502503	nan	nan	0.0007265553900290267	nan
226.02602602602602	nan	nan	0.0018513019254728924	nan
227.027027027027	nan	nan	0.0021646257391902124	nan
228.028028028028	nan	nan	0.0005016777513952575	nan
229.02902902902906	nan	nan	-0.0010488326018378569	nan
230.03003003003005	nan	nan	0.003311574483816221	nan
231.03103103103103	nan	nan	-0.0022459116808663804	nan
232.03203203203202	nan	nan	0.0026308546170892844	nan
233.03303303303304	nan	nan	-0.0005872598592189249	nan
234.03403403403408	nan	nan	0.0005589712801460089	nan
235.03503503503507	nan	nan	-0.0006585190050835965	nan
236.03603603603605	nan	nan	0.0026412380879419495	nan
237.03703703703704	nan	nan	0.003552565243965855	nan
238.03803803803808	nan	nan	0.003734831124925647	nan
239.03903903903904	nan	nan	0.002239465560176568	nan
240.04004004004003	nan	nan	-0.0020822683871626335	nan
241.04104104104104	nan	nan	0.0010015650849643926	nan
242.04204204204203	nan	nan	0.001935810053945053	nan
243.043043043043	nan	nan	0.0030777448427437293	nan
244.044044044044	nan	nan	-0.00019515608652614924	nan
245.04504504504507	nan	nan	0.0017503217769498855	nan
246.04604604604606	nan	nan	0.00017510321110822402	nan
247.04704704704704	nan	nan	0.0014541851141609413	nan
248.04804804804806	nan	nan	0.0010241243136763223	nan
249.04904904904905	nan	nan	0.0015974194021274868	nan
250.0500500500501	nan	nan	0.0042264819979934	nan
251.05105105105108	nan	nan	-0.0003996237540968839	nan
252.05205205205206	nan	nan	0.0033244661000716297	nan
253.05305305305305	nan	nan	0.003176934753936031	nan
254.0540540540541	nan	nan	0.004203565558141428	nan
255.05505505505505	nan	nan	0.0005826052507370005	nan
256.05605605605604	nan	nan	0.002180024327567323	nan
257.0570570570571	nan	nan	-0.00025280817535200395	nan
258.05805805805807	nan	nan	-0.0006234265858655885	nan
259.05905905905905	nan	nan	0.0015813053428328228	nan
260.0600600600601	nan	nan	-0.0005575391286663789	nan
261.0610610610611	nan	nan	0.005597592290894765	nan
262.06206206206207	nan	nan	0.001686224869435038	nan
263.06306306306305	nan	nan	-0.0016819276624580604	nan
264.06406406406404	nan	nan	0.0045978172573370585	nan
265.0650650650651	nan	nan	-0.0015626850422920807	nan
266.06606606606607	nan	nan	0.0015687736758052406	nan
267.06706706706706	nan	nan	0.004051021199986932	nan
268.0680680680681	nan	nan	0.004235076877234872	nan
269.06906906906903	nan	nan	0.0036607074645745308	nan
270.07007007007013	nan	nan	0.0007372979303727767	nan
271.07107107107106	nan	nan	0.0033212422587457213	nan
272.07207207207205	nan	nan	-0.0012787230255953408	nan
273.0730730730731	nan	nan	-0.002813118890841182	nan
274.0740740740741	nan	nan	0.0019000012139876177	nan
275.07507507507506	nan	nan	0.0012572382265146342	nan
276.0760760760761	nan	nan	-0.0007863556382765591	nan
277.0770770770771	nan	nan	-0.0015497936900835674	nan
278.0780780780781	nan	nan	0.001869563803131885	nan
279.07907907907907	nan	nan	-8.415093104900684e-05	nan
280.08008008008005	nan	nan	0.0036410128920630197	nan
281.0810810810811	nan	nan	0.005238432175289617	nan
282.0820820820821	nan	nan	0.0026115178773785247	nan
283.0830830830831	nan	nan	0.004287714910053017	nan
284.0840840840841	nan	nan	0.003628479395685419	nan
285.08508508508504	nan	nan	0.0025456285909395415	nan
286.08608608608614	nan	nan	0.001643612639324804	nan
287.08708708708707	nan	nan	-0.0010466839325166677	nan
288.0880880880881	nan	nan	0.004898251949655805	nan
289.0890890890891	nan	nan	0.004973806946040521	nan
290.0900900900901	nan	nan	0.0009303052584180571	nan
291.09109109109113	nan	nan	-0.001244704845643707	nan
292.0920920920921	nan	nan	0.0035582945664505428	nan
293.0930930930931	nan	nan	0.002470431342658036	nan
294.0940940940941	nan	nan	-0.0006689037115042984	nan
295.0950950950951	nan	nan	-0.001167000322288253	nan
296.0960960960961	nan	nan	0.002321468214317862	nan
297.0970970970971	nan	nan	0.0007845655062307111	nan
298.0980980980981	nan	nan	-2.148656554012973e-06	nan
299.09909909909913	nan	nan	0.0015920479064444049	nan
300.1001001001001	nan	nan	-0.001859179327618532	nan
301.10110110110105	nan	nan	-7.16155297800225e-06	nan
302.10210210210215	nan	nan	0.0016443278208370105	nan
303.1031031031031	nan	nan	0.00024170733126843702	nan
304.1041041041041	nan	nan	0.002425312658294765	nan
305.1051051051051	nan	nan	-0.0027633462822350477	nan
306.1061061061061	nan	nan	0.0015924069801293989	nan
307.10710710710714	nan	nan	-0.016995093425229674	nan
308.1081081081081	nan	nan	-0.06458107095958454	nan
309.1091091091091	nan	nan	-0.07287934109009973	nan
310.1101101101101	nan	nan	-0.11260606203697782	nan
311.1111111111111	nan	nan	-0.178348773029555	nan
312.11211211211213	nan	nan	-0.230822646066207	nan
313.1131131131131	nan	nan	-0.26638559233831627	nan
314.11411411411416	nan	nan	-0.27128348598251373	nan
315.11511511511515	nan	nan	-0.25433243286268636	nan
316.11611611611613	nan	nan	-0.21145417670218591	nan
317.11711711711706	nan	nan	-0.18122889600673248	nan
318.11811811811816	nan	nan	-0.16870054484768737	nan
319.11911911911915	nan	nan	-0.16733193210751302	nan
320.12012012012013	nan	nan	-0.15158797842135657	nan
321.1211211211211	nan	nan	-0.1433362654849094	nan
322.12212212212216	nan	nan	-0.13880146761748827	nan
323.12312312312315	nan	nan	-0.1457178734797455	nan
324.12412412412414	nan	nan	-0.16212499476194564	nan
325.1251251251251	nan	nan	-0.19115932008972783	nan
326.1261261261261	nan	nan	-0.22549256968714168	nan
327.12712712712715	nan	nan	-0.24067219369702259	nan
328.12812812812814	nan	nan	-0.25090377319026663	nan
329.12912912912924	nan	nan	-0.23108009471198054	nan
330.13013013013017	nan	nan	-0.21729918870702858	nan
331.13113113113116	nan	nan	-0.2013607968992594	nan
332.13213213213214	nan	nan	-0.1918822686331309	nan
333.1331331331331	nan	nan	-0.18657366420226773	nan
334.1341341341342	nan	nan	-0.1769662071538426	nan
335.13513513513516	nan	nan	-0.16664223154792945	nan
336.13613613613614	nan	nan	-0.15878264283778828	nan
337.1371371371372	nan	nan	-0.1620161709157161	nan
338.1381381381382	nan	nan	-0.17613008835087432	nan
339.13913913913916	nan	nan	-0.1902751699181099	nan
340.14014014014015	nan	nan	-0.20699094280712793	nan
341.14114114114113	nan	nan	-0.2196485436033752	nan
342.1421421421421	nan	nan	-0.22371138260197518	nan
343.14314314314316	nan	nan	-0.2236934744820859	nan
344.14414414414415	nan	nan	-0.22522073711243207	nan
345.14514514514514	nan	nan	-0.21711367771719	nan
346.1461461461461	nan	nan	-0.20614766998193085	nan
347.1471471471471	nan	nan	-0.20041259135910527	nan
348.1481481481481	nan	nan	-0.19393125715864243	nan
349.1491491491491	nan	nan	-0.18015605444507762	nan
350.15015015015007	nan	nan	-0.1699287660055519	nan
351.15115115115117	nan	nan	-0.17301903796023885	nan
352.15215215215215	nan	nan	-0.18109350454083709	nan
353.1531531531532	nan	nan	-0.18578623286936344	nan
354.1541541541542	nan	nan	-0.19346715340141393	nan
355.15515515515517	nan	nan	-0.1972531979725072	nan
356.15615615615616	nan	nan	-0.20122651585746235	nan
357.15715715715714	nan	nan	-0.19852227564758934	nan
358.15815815815813	nan	nan	-0.19469865110924547	nan
359.1591591591592	nan	nan	-0.20042444406869275	nan
360.16016016016016	nan	nan	-0.1994264315530457	nan
361.16116116116126	nan	nan	-0.19116108115311894	nan
362.16216216216225	nan	nan	-0.18833684124424188	nan
363.16316316316323	nan	nan	-0.18351772916519685	nan
364.1641641641642	nan	nan	-0.1796887345916019	nan
365.1651651651652	nan	nan	-0.18717056651243422	nan
366.1661661661662	nan	nan	-0.19346284738590283	nan
367.1671671671672	nan	nan	-0.1940737520689502	nan
368.1681681681682	nan	nan	-0.2028630045179144	nan
369.1691691691692	nan	nan	-0.20388746791655013	nan
370.1701701701702	nan	nan	-0.20818664125611347	nan
371.1711711711712	nan	nan	-0.20449048617231602	nan
372.17217217217217	nan	nan	-0.20630633122882175	nan
373.17317317317315	nan	nan	-0.19946113702897364	nan
374.1741741741742	nan	nan	-0.2012845002706388	nan
375.1751751751752	nan	nan	-0.19448443918935354	nan
376.17617617617617	nan	nan	-0.19396341542415485	nan
377.17717717717716	nan	nan	-0.18584777374564287	nan
378.17817817817814	nan	nan	-0.18766829972521432	nan
379.17917917917913	nan	nan	-0.1887110567011227	nan
380.1801801801801	nan	nan	-0.18812878775907713	nan
381.1811811811811	nan	nan	-0.1883740741752738	nan
382.1821821821822	nan	nan	-0.1949141393326692	nan
383.1831831831832	nan	nan	-0.19567077248440456	nan
384.18418418418423	nan	nan	-0.19757508546359065	nan
385.1851851851852	nan	nan	-0.199099832509102	nan
386.1861861861862	nan	nan	-0.20379576697359125	nan
387.1871871871872	nan	nan	-0.20540039249220737	nan
388.1881881881882	nan	nan	-0.20731932774287187	nan
389.18918918918916	nan	nan	-0.20910330572308747	nan
390.1901901901902	nan	nan	-0.20491153871763818	nan
391.1911911911912	nan	nan	-0.20306240961791158	nan
392.1921921921923	nan	nan	-0.19966705158237336	nan
393.1931931931933	nan	nan	-0.1976886516693015	nan
394.19419419419427	nan	nan	-0.19749098094991963	nan
395.19519519519525	nan	nan	-0.1919993601779335	nan
396.19619619619624	nan	nan	-0.19474945751106576	nan
397.1971971971972	nan	nan	-0.19441966706902883	nan
398.1981981981982	nan	nan	-0.19257588298483758	nan
399.19919919919926	nan	nan	-0.19809542461593127	nan
400.20020020020024	nan	nan	-0.19845495343417055	nan
401.20120120120123	nan	nan	-0.19952920105429076	nan
402.2022022022022	nan	nan	-0.19349045700859088	nan
403.2032032032032	nan	nan	-0.19322438153392602	nan
404.2042042042042	nan	nan	-0.19139706004031307	nan
405.20520520520523	nan	nan	-0.1912667285480369	nan
406.2062062062062	nan	nan	-0.19249282954357683	nan
407.2072072072072	nan	nan	-0.19625270799547104	nan
408.2082082082082	nan	nan	-0.19691121692904517	nan
409.2092092092092	nan	nan	-0.20286870771947985	nan
410.21021021021016	nan	nan	-0.19782794222874955	nan
411.21121121121115	nan	nan	-0.20231477182837782	nan
412.21221221221214	nan	nan	-0.2012982063689676	nan
413.21321321321324	nan	nan	-0.20196814300897922	nan
414.2142142142142	nan	nan	-0.20356195276211086	nan
415.21521521521527	nan	nan	-0.20301083152298818	nan
416.21621621621625	nan	nan	-0.20187929019837228	nan
417.21721721721724	nan	nan	-0.2003624451369984	nan
418.2182182182182	nan	nan	-0.1956518421200846	nan
419.2192192192192	nan	nan	-0.19496753607688666	nan
420.2202202202202	nan	nan	-0.19440998470931775	nan
421.22122122122124	nan	nan	-0.19134118291309593	nan
422.22222222222223	nan	nan	-0.19173186078628218	nan
423.22322322322333	nan	nan	-0.19241796935980304	nan
424.2242242242243	nan	nan	-0.19236246446525904	nan
425.2252252252253	nan	nan	-0.1905766798519428	nan
426.2262262262263	nan	nan	-0.19285088461095806	nan
427.2272272272273	nan	nan	-0.19226828063054865	nan
428.22822822822826	nan	nan	-0.1967554215029861	nan
429.22922922922925	nan	nan	-0.19456108279105727	nan
430.2302302302303	nan	nan	-0.19555013018802087	nan
431.23123123123133	nan	nan	-0.19725141587273853	nan
432.23223223223226	nan	nan	-0.20065644629655094	nan
433.23323323323325	nan	nan	-0.19957036715432894	nan
434.2342342342342	nan	nan	-0.19901820189843727	nan
435.2352352352352	nan	nan	-0.20101632426741906	nan
436.23623623623627	nan	nan	-0.2001587081342046	nan
437.23723723723725	nan	nan	-0.2008720192245523	nan
438.23823823823824	nan	nan	-0.19913924279520334	nan
439.2392392392392	nan	nan	-0.19703797641246895	nan
440.2402402402402	nan	nan	-0.19602712149984056	nan
441.2412412412412	nan	nan	-0.19449668836332337	nan
442.2422422422422	nan	nan	-0.19374040275303955	nan
443.24324324324317	nan	nan	-0.19631790640214908	nan
444.24424424424427	nan	nan	-0.19606116531017284	nan
445.2452452452453	nan	nan	-0.19367811365216597	nan
446.2462462462463	nan	nan	-0.18834909526772542	nan
447.2472472472473	nan	nan	-0.19114501522945007	nan
448.2482482482483	nan	nan	-0.18904307567319156	nan
449.24924924924926	nan	nan	-0.18807049848430984	nan
450.25025025025025	nan	nan	-0.19065263567906482	nan
451.25125125125123	nan	nan	-0.1972643108926211	nan
452.2522522522522	nan	nan	-0.19548462833553581	nan
453.25325325325326	nan	nan	-0.1926700820732445	nan
454.25425425425436	nan	nan	-0.1926400073096422	nan
455.25525525525535	nan	nan	-0.19833102845722472	nan
456.25625625625634	nan	nan	-0.19579151192583644	nan
457.2572572572573	nan	nan	-0.19859710724152455	nan
458.2582582582583	nan	nan	-0.19844957938653957	nan
459.2592592592593	nan	nan	-0.19685323866886068	nan
460.2602602602603	nan	nan	-0.19714077108071987	nan
461.26126126126127	nan	nan	-0.19488843182065985	nan
462.2622622622623	nan	nan	-0.19674650927497309	nan
463.26326326326335	nan	nan	-0.19098631073679895	nan
464.2642642642643	nan	nan	-0.19157072115505563	nan
465.26526526526527	nan	nan	-0.1898687494514774	nan
466.2662662662663	nan	nan	-0.18996150090948463	nan
467.2672672672673	nan	nan	-0.18935774453955012	nan
468.2682682682683	nan	nan	-0.1908033513150007	nan
469.2692692692693	nan	nan	-0.18983832973164375	nan
470.27027027027026	nan	nan	-0.188215461067099	nan
471.27127127127125	nan	nan	-0.19197537055908562	nan
472.27227227227223	nan	nan	-0.19443898569272816	nan
473.2732732732732	nan	nan	-0.19219163781128232	nan
474.2742742742743	nan	nan	-0.19155280300974015	nan
475.2752752752752	nan	nan	-0.19620112255271144	nan
476.2762762762763	nan	nan	-0.1915477861916244	nan
477.27727727727734	nan	nan	-0.19117144154094998	nan
478.2782782782783	nan	nan	-0.19493563986883902	nan
479.2792792792793	nan	nan	-0.19718014839623466	nan
480.2802802802803	nan	nan	-0.1954717026990023	nan
481.2812812812813	nan	nan	-0.19160043822743614	nan
482.2822822822823	nan	nan	-0.19234384718908865	nan
483.2832832832833	nan	nan	-0.19200651701389654	nan
484.28428428428424	nan	nan	-0.19111308763754828	nan
485.2852852852853	nan	nan	-0.19269833873438924	nan
486.2862862862864	nan	nan	-0.18912605448641057	nan
487.28728728728737	nan	nan	-0.18763068039239156	nan
488.28828828828836	nan	nan	-0.18856243872842116	nan
489.28928928928934	nan	nan	-0.18755871290544668	nan
490.29029029029033	nan	nan	-0.18155288876626535	nan
491.2912912912913	nan	nan	-0.18395746658957024	nan
492.2922922922923	nan	nan	-0.181515685285068	nan
493.2932932932933	nan	nan	-0.18203742168585083	nan
494.29429429429433	nan	nan	-0.1814809681397383	nan
495.2952952952954	nan	nan	-0.18455334494035283	nan
496.2962962962963	nan	nan	-0.18184047478464724	nan
497.29729729729735	nan	nan	-0.18420922975109094	nan
498.29829829829833	nan	nan	-0.18513847775937847	nan
499.2992992992993	nan	nan	-0.1846779611832926	nan
500.3003003003003	nan	nan	-0.18246532595863657	nan
501.3013013013013	nan	nan	-0.18937851149680976	nan
502.3023023023023	nan	nan	-0.19088390056581084	nan
503.30330330330327	nan	nan	-0.19271982763796133	nan
504.30430430430425	nan	nan	-0.1902232549269844	nan
505.30530530530535	nan	nan	-0.19327199167566425	nan
506.30630630630634	nan	nan	-0.18929866448120256	nan
507.3073073073072	nan	nan	-0.18660192213478174	nan
508.3083083083083	nan	nan	-0.18641432282445153	nan
509.30930930930936	nan	nan	-0.18497370002507108	nan
510.31031031031034	nan	nan	-0.18672510180053978	nan
511.31131131131133	nan	nan	-0.1831392355984631	nan
512.3123123123123	nan	nan	-0.17975105113967257	nan
513.3133133133133	nan	nan	-0.180269221588709	nan
514.3143143143143	nan	nan	-0.17938690177736694	nan
515.3153153153153	nan	nan	-0.17769815674987172	nan
516.3163163163163	nan	nan	-0.1780283398413932	nan
517.3173173173174	nan	nan	-0.1779739067150275	nan
518.3183183183183	nan	nan	-0.17830835899317266	nan
519.3193193193193	nan	nan	-0.18057610077896036	nan
520.3203203203203	nan	nan	-0.18217927640987114	nan
521.3213213213214	nan	nan	-0.18949352718667642	nan
522.3223223223225	nan	nan	-0.18614578570735407	nan
523.3233233233234	nan	nan	-0.18764328875937164	nan
524.3243243243244	nan	nan	-0.1920241225575305	nan
525.3253253253253	nan	nan	-0.19061968734036522	nan
526.3263263263264	nan	nan	-0.18901831180605974	nan
527.3273273273275	nan	nan	-0.19237393553564858	nan
528.3283283283283	nan	nan	-0.1847449164685245	nan
529.3293293293293	nan	nan	-0.18518212345449148	nan
530.3303303303302	nan	nan	-0.1839685435070335	nan
531.3313313313313	nan	nan	-0.18048866497638155	nan
532.3323323323324	nan	nan	-0.18482080152061295	nan
533.3333333333334	nan	nan	-0.18361228346677919	nan
534.3343343343344	nan	nan	-0.1851914175827697	nan
535.3353353353353	nan	nan	-0.17913618300354234	nan
536.3363363363364	nan	nan	-0.17968084027626957	nan
537.3373373373374	nan	nan	-0.183783429334369	nan
538.3383383383384	nan	nan	-0.18192423445949327	nan
539.3393393393394	nan	nan	-0.18080056048160126	nan
540.3403403403404	nan	nan	-0.1776805861279199	nan
541.3413413413414	nan	nan	-0.17739339728225162	nan
542.3423423423424	nan	nan	-0.17539885606984695	nan
543.3433433433433	nan	nan	-0.18253621983171953	nan
544.3443443443443	nan	nan	-0.17988709174587056	nan
545.3453453453453	nan	nan	-0.1838815389841727	nan
546.3463463463463	nan	nan	-0.1871791504010321	nan
547.3473473473473	nan	nan	-0.18799343561159573	nan
548.3483483483484	nan	nan	-0.19054622611000674	nan
549.3493493493494	nan	nan	-0.18751719654334692	nan
550.3503503503504	nan	nan	-0.18817248799189065	nan
551.3513513513514	nan	nan	-0.18672545600853896	nan
552.3523523523523	nan	nan	-0.18491317702668994	nan
553.3533533533534	nan	nan	-0.18498800433044588	nan
554.3543543543545	nan	nan	-0.18698291961994656	nan
555.3553553553554	nan	nan	-0.18711150145200525	nan
556.3563563563564	nan	nan	-0.17790118526557325	nan
557.3573573573573	nan	nan	-0.17918278222964557	nan
558.3583583583584	nan	nan	-0.17500035245183665	nan
559.3593593593595	nan	nan	-0.17994191194174072	nan
560.3603603603603	nan	nan	-0.1743958625234333	nan
561.3613613613613	nan	nan	-0.17492044427427603	nan
562.3623623623622	nan	nan	-0.1749841799116768	nan
563.3633633633634	nan	nan	-0.17735362162997304	nan
564.3643643643644	nan	nan	-0.1793066394235675	nan
565.3653653653654	nan	nan	-0.17756205023342236	nan
566.3663663663664	nan	nan	-0.1737527134742088	nan
567.3673673673675	nan	nan	-0.17875087823326144	nan
568.3683683683685	nan	nan	-0.18092231552452553	nan
569.3693693693695	nan	nan	-0.17900405431664151	nan
570.3703703703704	nan	nan	-0.18359365048010354	nan
571.3713713713714	nan	nan	-0.18907235150166593	nan
572.3723723723724	nan	nan	-0.1828835568738321	nan
573.3733733733734	nan	nan	-0.18425538203399755	nan
574.3743743743744	nan	nan	-0.18103976254802517	nan
575.3753753753754	nan	nan	-0.1801782186569132	nan
576.3763763763764	nan	nan	-0.18513521997495858	nan
577.3773773773773	nan	nan	-0.18026741184272235	nan
578.3783783783783	nan	nan	-0.17836024667826106	nan
579.3793793793794	nan	nan	-0.17966224863749375	nan
580.3803803803804	nan	nan	-0.17757605451209935	nan
581.3813813813814	nan	nan	-0.17549378755494205	nan
582.3823823823824	nan	nan	-0.1747453862118607	nan
583.3833833833835	nan	nan	-0.17280885302203042	nan
584.3843843843844	nan	nan	-0.17147103079729784	nan
585.3853853853855	nan	nan	-0.1763460074261503	nan
586.3863863863866	nan	nan	-0.1712579727785182	nan
587.3873873873874	nan	nan	-0.17385123682678083	nan
588.3883883883884	nan	nan	-0.17390531012675942	nan
589.3893893893893	nan	nan	-0.1719154053233071	nan
590.3903903903904	nan	nan	-0.17834591590779358	nan
591.3913913913915	nan	nan	-0.1781529008452063	nan
592.3923923923924	nan	nan	-0.1827145756214831	nan
593.3933933933934	nan	nan	-0.1837139813608888	nan
594.3943943943945	nan	nan	-0.1848122063753257	nan
595.3953953953954	nan	nan	-0.17467194193991967	nan
596.3963963963964	nan	nan	-0.17857149829966942	nan
597.3973973973974	nan	nan	-0.17629840978227934	nan
598.3983983983985	nan	nan	-0.1832556568216171	nan
599.3993993993995	nan	nan	-0.1843263319609996	nan
600.4004004004005	nan	nan	-0.17939044239216237	nan
601.4014014014015	nan	nan	-0.1806512541112936	nan
602.4024024024025	nan	nan	-0.17747538327553686	nan
603.4034034034034	nan	nan	-0.1760584745007704	nan
604.4044044044044	nan	nan	-0.18221362748284475	nan
605.4054054054054	nan	nan	-0.1721921945824894	nan
606.4064064064064	nan	nan	-0.1742526194335943	nan
607.4074074074074	nan	nan	-0.17504935991046836	nan
608.4084084084084	nan	nan	-0.1715376266164387	nan
609.4094094094094	nan	nan	-0.17260116696479447	nan
610.4104104104105	nan	nan	-0.17468021067578784	nan
611.4114114114114	nan	nan	-0.17724768889720544	nan
612.4124124124124	nan	nan	-0.17863453798557627	nan
613.4134134134134	nan	nan	-0.17913050309115813	nan
614.4144144144145	nan	nan	-0.17658202590168542	nan
615.4154154154155	nan	nan	-0.18234611070808993	nan
616.4164164164164	nan	nan	-0.18446704145949644	nan
617.4174174174175	nan	nan	-0.18438146313326398	nan
618.4184184184186	nan	nan	-0.18259569880035065	nan
619.4194194194195	nan	nan	-0.18330973096623382	nan
620.4204204204204	nan	nan	-0.18110248701331805	nan
621.4214214214213	nan	nan	-0.18191282181349575	nan
622.4224224224224	nan	nan	-0.18125359011243064	nan
623.4234234234235	nan	nan	-0.17834413875585636	nan
624.4244244244244	nan	nan	-0.18032899132204042	nan
625.4254254254255	nan	nan	-0.1740578371884924	nan
626.4264264264265	nan	nan	-0.1745183413660025	nan
627.4274274274275	nan	nan	-0.17545475406345418	nan
628.4284284284284	nan	nan	-0.1719053994127777	nan
629.4294294294295	nan	nan	-0.1775681598014455	nan
630.4304304304305	nan	nan	-0.1710001519214285	nan
631.4314314314315	nan	nan	-0.1696071948414261	nan
632.4324324324325	nan	nan	-0.17195160816352503	nan
633.4334334334335	nan	nan	-0.17520877983053057	nan
634.4344344344345	nan	nan	-0.17484639570460944	nan
635.4354354354355	nan	nan	-0.17831910519708047	nan
636.4364364364365	nan	nan	-0.17310465545618586	nan
637.4374374374374	nan	nan	-0.17915233658015145	nan
638.4384384384384	nan	nan	-0.18256165409048689	nan
639.4394394394394	nan	nan	-0.18944479914846726	nan
640.4404404404404	nan	nan	-0.178557186369508	nan
641.4414414414415	nan	nan	-0.18127719059336456	nan
642.4424424424425	nan	nan	-0.17839638666835336	nan
643.4434434434435	nan	nan	-0.1772687600549161	nan
644.4444444444445	nan	nan	-0.17918451222898713	nan
645.4454454454457	nan	nan	-0.17965181526824336	nan
646.4464464464465	nan	nan	-0.1767606229880503	nan
647.4474474474475	nan	nan	-0.178546426613915	nan
648.4484484484484	nan	nan	-0.1744477874788775	nan
649.4494494494495	nan	nan	-0.1763270462028023	nan
650.4504504504506	nan	nan	-0.17360772235249136	nan
651.4514514514515	nan	nan	-0.17090058391760032	nan
652.4524524524525	nan	nan	-0.16828834588958197	nan
653.4534534534533	nan	nan	-0.17289152892837562	nan
654.4544544544544	nan	nan	-0.1683051629562125	nan
655.4554554554555	nan	nan	-0.16216732194643713	nan
656.4564564564565	nan	nan	-0.1715114293155062	nan
657.4574574574575	nan	nan	-0.175647277570925	nan
658.4584584584585	nan	nan	-0.16742902252164626	nan
659.4594594594595	nan	nan	-0.1732073073122014	nan
660.4604604604606	nan	nan	-0.16483535849272257	nan
661.4614614614616	nan	nan	-0.16443874872374292	nan
662.4624624624626	nan	nan	-0.16429354263113985	nan
663.4634634634635	nan	nan	-0.17082494452378968	nan
664.4644644644645	nan	nan	-0.17981925313818636	nan
665.4654654654655	nan	nan	-0.17693538283350918	nan
666.4664664664665	nan	nan	-0.16082287662732936	nan
667.4674674674675	nan	nan	-0.16765675722150156	nan
668.4684684684685	nan	nan	-0.175152416228413	nan
669.4694694694695	nan	nan	-0.17207350485045347	nan
670.4704704704704	nan	nan	-0.16828255984824397	nan
671.4714714714714	nan	nan	-0.16629758269124278	nan
672.4724724724725	nan	nan	-0.167830922548056	nan
673.4734734734735	nan	nan	-0.1604457628013894	nan
674.4744744744745	nan	nan	-0.15668364139899432	nan
675.4754754754755	nan	nan	-0.15584047358166075	nan
676.4764764764766	nan	nan	-0.1727171994792533	nan
677.4774774774777	nan	nan	-0.17542392925150632	nan
678.4784784784786	nan	nan	-0.17486782782007637	nan
679.4794794794796	nan	nan	-0.1731744547529329	nan
680.4804804804804	nan	nan	-0.17787970999671904	nan
681.4814814814815	nan	nan	-0.17006877678609136	nan
682.4824824824826	nan	nan	-0.17181909801893241	nan
683.4834834834834	nan	nan	-0.17700417513443945	nan
684.4844844844844	nan	nan	-0.1784311552108898	nan
685.4854854854854	nan	nan	-0.1779287693229158	nan
686.4864864864863	nan	nan	-0.1770106167133203	nan
687.4874874874876	nan	nan	-0.18428548754877366	nan
688.4884884884885	nan	nan	-0.17523666817586483	nan
689.4894894894895	nan	nan	-0.1723920362980798	nan
690.4904904904905	nan	nan	-0.17307670490017935	nan
691.4914914914916	nan	nan	-0.17345015330394203	nan
692.4924924924926	nan	nan	-0.17087443661065987	nan
693.4934934934936	nan	nan	-0.17376850830039967	nan
694.4944944944946	nan	nan	-0.17700200052345738	nan
695.4954954954956	nan	nan	-0.1731271555985562	nan
696.4964964964965	nan	nan	-0.17521730273445035	nan
697.4974974974975	nan	nan	-0.17066639549198512	nan
698.4984984984985	nan	nan	-0.17826857279619754	nan
699.4994994994995	nan	nan	-0.17257071003915214	nan
700.5005005005005	nan	nan	-0.1751582136862202	nan
701.5015015015015	nan	nan	-0.17318874561837658	nan
702.5025025025025	nan	nan	-0.18087864067339768	nan
703.5035035035036	nan	nan	-0.17670660064779206	nan
704.5045045045046	nan	nan	-0.17422794591846294	nan
705.5055055055055	nan	nan	-0.173536808026033	nan
706.5065065065065	nan	nan	-0.17259862772334927	nan
707.5075075075077	nan	nan	-0.179338884181187	nan
708.5085085085087	nan	nan	-0.17994334281101554	nan
709.5095095095097	nan	nan	-0.18209405249956218	nan
710.5105105105107	nan	nan	-0.18412298241211603	nan
711.5115115115117	nan	nan	-0.17630022271162776	nan
712.5125125125127	nan	nan	-0.1784677244587392	nan
713.5135135135137	nan	nan	-0.1774099517828772	nan
714.5145145145146	nan	nan	-0.17826721357988157	nan
715.5155155155156	nan	nan	-0.1796873649110802	nan
716.5165165165166	nan	nan	-0.1746691393783901	nan
717.5175175175176	nan	nan	-0.17530009343944364	nan
718.5185185185186	nan	nan	-0.1749258659363352	nan
719.5195195195196	nan	nan	-0.17327724874244368	nan
720.5205205205206	nan	nan	-0.1700265419364067	nan
721.5215215215215	nan	nan	-0.17189037400468388	nan
722.5225225225225	nan	nan	-0.1695001433895174	nan
723.5235235235235	nan	nan	-0.17971561434582164	nan
724.5245245245246	nan	nan	-0.17357087504049562	nan
725.5255255255256	nan	nan	-0.17317733574597927	nan
726.5265265265266	nan	nan	-0.17288548158083836	nan
727.5275275275276	nan	nan	-0.17806197632174722	nan
728.5285285285286	nan	nan	-0.17896292748771134	nan
729.5295295295296	nan	nan	-0.17877423191456543	nan
730.5305305305305	nan	nan	-0.1742852739025612	nan
731.5315315315315	nan	nan	-0.18031542356847008	nan
732.5325325325326	nan	nan	-0.17908431601926195	nan
733.5335335335336	nan	nan	-0.17691899119899787	nan
734.5345345345346	nan	nan	-0.1747375303661957	nan
735.5355355355356	nan	nan	-0.17212888765838655	nan
736.5365365365366	nan	nan	-0.17813866093076977	nan
737.5375375375376	nan	nan	-0.1722753469604536	nan
738.5385385385385	nan	nan	-0.17735907741689033	nan
739.5395395395395	nan	nan	-0.1760330605909243	nan
740.5405405405405	nan	nan	-0.1771381111112909	nan
741.5415415415415	nan	nan	-0.17399342240772542	nan
742.5425425425425	nan	nan	-0.176121876852245	nan
743.5435435435435	nan	nan	-0.1756176783754356	nan
744.5445445445445	nan	nan	-0.1711759667322296	nan
745.5455455455455	nan	nan	-0.17598389242575058	nan
746.5465465465464	nan	nan	-0.17058925410154688	nan
747.5475475475477	nan	nan	-0.16933128215666862	nan
748.5485485485486	nan	nan	-0.17303746831406383	nan
749.5495495495496	nan	nan	-0.17650733571464902	nan
750.5505505505506	nan	nan	-0.17718463637092816	nan
751.5515515515516	nan	nan	-0.179490534015074	nan
752.5525525525526	nan	nan	-0.17457178173527457	nan
753.5535535535536	nan	nan	-0.18062708712239517	nan
754.5545545545546	nan	nan	-0.17853308890743957	nan
755.5555555555557	nan	nan	-0.17619176320712582	nan
756.5565565565566	nan	nan	-0.1764243560999479	nan
757.5575575575576	nan	nan	-0.1812029480430659	nan
758.5585585585586	nan	nan	-0.17602422401785922	nan
759.5595595595596	nan	nan	-0.1755910189261098	nan
760.5605605605606	nan	nan	-0.18089543292215654	nan
761.5615615615616	nan	nan	-0.17655808525486777	nan
762.5625625625626	nan	nan	-0.17684221362576868	nan
763.5635635635637	nan	nan	-0.17274795371781587	nan
764.5645645645646	nan	nan	-0.1750710349047215	nan
765.5655655655656	nan	nan	-0.17247186316354726	nan
766.5665665665666	nan	nan	-0.17583536500491143	nan
767.5675675675676	nan	nan	-0.17499099483022834	nan
768.5685685685686	nan	nan	-0.17525608668422363	nan
769.5695695695696	nan	nan	-0.171854196837141	nan
770.5705705705706	nan	nan	-0.17738634069394388	nan
771.5715715715718	nan	nan	-0.17137694398866676	nan
772.5725725725728	nan	nan	-0.1760679790170912	nan
773.5735735735738	nan	nan	-0.17756227754020773	nan
774.5745745745747	nan	nan	-0.17492737476295983	nan
775.5755755755757	nan	nan	-0.17607738221087818	nan
776.5765765765767	nan	nan	-0.17482988136440952	nan
777.5775775775777	nan	nan	-0.17688224421594584	nan
778.5785785785787	nan	nan	-0.17885565169621678	nan
779.5795795795797	nan	nan	-0.17600779625296628	nan
780.5805805805807	nan	nan	-0.17821349760130895	nan
781.5815815815816	nan	nan	-0.178465694647914	nan
782.5825825825826	nan	nan	-0.1733334395962911	nan
783.5835835835836	nan	nan	-0.17623798126135154	nan
784.5845845845846	nan	nan	-0.17600945419453684	nan
785.5855855855856	nan	nan	-0.17500150889554583	nan
786.5865865865867	nan	nan	-0.17173227914424893	nan
787.5875875875877	nan	nan	-0.1756635374557494	nan
788.5885885885887	nan	nan	-0.17414479526174767	nan
789.5895895895897	nan	nan	-0.1721703052647917	nan
790.5905905905906	nan	nan	-0.1717217759063969	nan
791.5915915915916	nan	nan	-0.1690578875111181	nan
792.5925925925926	nan	nan	-0.16939762510410028	nan
793.5935935935936	nan	nan	-0.16923863357389177	nan
794.5945945945947	nan	nan	-0.1720872880823286	nan
795.5955955955957	nan	nan	-0.1766784189398935	nan
796.5965965965967	nan	nan	-0.1760966921386053	nan
797.5975975975977	nan	nan	-0.17446357747468075	nan
798.5985985985986	nan	nan	-0.1715063915327367	nan
799.5995995995996	nan	nan	-0.176869077570456	nan
800.6006006006006	nan	nan	-0.17557646791049183	nan
801.6016016016016	nan	nan	-0.17486315857199872	nan
802.6026026026026	nan	nan	-0.17183644966648765	nan
803.6036036036036	nan	nan	-0.17475468669723326	nan
804.6046046046046	nan	nan	-0.17531113815575464	nan
805.6056056056055	nan	nan	-0.1744944293602157	nan
806.6066066066065	nan	nan	-0.174088905316057	nan
807.6076076076075	nan	nan	-0.17382491916729714	nan
808.6086086086085	nan	nan	-0.17178330099421063	nan
809.6096096096097	nan	nan	-0.17109145306066573	nan
810.6106106106107	nan	nan	-0.16991997923152347	nan
811.6116116116117	nan	nan	-0.16869558499247309	nan
812.6126126126127	nan	nan	-0.167067018754133	nan
813.6136136136137	nan	nan	-0.1698386022096479	nan
814.6146146146147	nan	nan	-0.1706725131986678	nan
815.6156156156156	nan	nan	-0.17178732958566506	nan
816.6166166166166	nan	nan	-0.17070768378752174	nan
817.6176176176177	nan	nan	-0.17068055866823806	nan
818.6186186186187	nan	nan	-0.1696538502010822	nan
819.6196196196197	nan	nan	-0.1724326929699909	nan
820.6206206206207	nan	nan	-0.17248962448227906	nan
821.6216216216217	nan	nan	-0.17527302269955408	nan
822.6226226226227	nan	nan	-0.17623152770692843	nan
823.6236236236236	nan	nan	-0.17209643497150892	nan
824.6246246246246	nan	nan	-0.17645255615738403	nan
825.6256256256257	nan	nan	-0.17720668438042658	nan
826.6266266266267	nan	nan	-0.1780671445652657	nan
827.6276276276277	nan	nan	-0.17271734563662713	nan
828.6286286286287	nan	nan	-0.17267893492952	nan
829.6296296296297	nan	nan	-0.173632636309732	nan
830.6306306306307	nan	nan	-0.16834086593772996	nan
831.6316316316316	nan	nan	-0.16609860218843414	nan
832.6326326326326	nan	nan	-0.16991975105683282	nan
833.6336336336338	nan	nan	-0.16658338417106594	nan
834.6346346346348	nan	nan	-0.16659842732573527	nan
835.6356356356358	nan	nan	-0.16930231920214023	nan
836.6366366366368	nan	nan	-0.17081567913046103	nan
837.6376376376378	nan	nan	-0.173725324855655	nan
838.6386386386388	nan	nan	-0.17004758256782243	nan
839.6396396396398	nan	nan	-0.17263329463442212	nan
840.6406406406408	nan	nan	-0.17172473820263276	nan
841.6416416416417	nan	nan	-0.17426132541453637	nan
842.6426426426427	nan	nan	-0.1709743555310252	nan
843.6436436436437	nan	nan	-0.17418182891486686	nan
844.6446446446447	nan	nan	-0.17279093746018	nan
845.6456456456457	nan	nan	-0.17240232598638155	nan
846.6466466466467	nan	nan	-0.1780153190552759	nan
847.6476476476477	nan	nan	-0.1783502061204698	nan
848.6486486486488	nan	nan	-0.1729783627214876	nan
849.6496496496497	nan	nan	-0.17490748057127714	nan
850.6506506506507	nan	nan	-0.17708715704917516	nan
851.6516516516517	nan	nan	-0.17230725265312016	nan
852.6526526526527	nan	nan	-0.1726870012302542	nan
853.6536536536537	nan	nan	-0.16932457618163893	nan
854.6546546546548	nan	nan	-0.1684498645173822	nan
855.6556556556556	nan	nan	-0.16797530783968087	nan
856.6566566566568	nan	nan	-0.1691059528458078	nan
857.6576576576578	nan	nan	-0.16642676857937352	nan
858.6586586586587	nan	nan	-0.16800351960488433	nan
859.6596596596597	nan	nan	-0.17151930002570864	nan
860.6606606606607	nan	nan	-0.16919111408100873	nan
861.6616616616617	nan	nan	-0.1667350716549457	nan
862.6626626626627	nan	nan	-0.16782116384093498	nan
863.6636636636637	nan	nan	-0.17174274017695346	nan
864.6646646646647	nan	nan	-0.17425784710666556	nan
865.6656656656656	nan	nan	-0.17041359726211341	nan
866.6666666666666	nan	nan	-0.1751822049137404	nan
867.6676676676676	nan	nan	-0.1758243464476024	nan
868.6686686686686	nan	nan	-0.1735144230794114	nan
869.6696696696696	nan	nan	-0.17599784700600837	nan
870.6706706706706	nan	nan	-0.17451404218332092	nan
871.6716716716716	nan	nan	-0.17457393518487338	nan
872.6726726726729	nan	nan	-0.17776152541678822	nan
873.6736736736735	nan	nan	-0.17448315206984916	nan
874.6746746746747	nan	nan	-0.1699218724617654	nan
875.6756756756757	nan	nan	-0.17628442952904438	nan
876.6766766766767	nan	nan	-0.17194763381670242	nan
877.6776776776778	nan	nan	-0.16858628944974008	nan
878.6786786786785	nan	nan	-0.16702434284848516	nan
879.6796796796798	nan	nan	-0.1678893723254612	nan
880.6806806806808	nan	nan	-0.16764925154591054	nan
881.6816816816818	nan	nan	-0.16864615724383097	nan
882.6826826826828	nan	nan	-0.17035934477890852	nan
883.6836836836837	nan	nan	-0.16561437485749456	nan
884.6846846846847	nan	nan	-0.16756656526349617	nan
885.6856856856857	nan	nan	-0.16853204740719346	nan
886.6866866866867	nan	nan	-0.17161785783451328	nan
887.6876876876878	nan	nan	-0.17122440932287433	nan
888.6886886886888	nan	nan	-0.17442487715340288	nan
889.6896896896898	nan	nan	-0.17062067443352094	nan
890.690690690691	nan	nan	-0.1753909073732094	nan
891.6916916916916	nan	nan	-0.171485425529985	nan
892.6926926926927	nan	nan	-0.17171719940924224	nan
893.6936936936937	nan	nan	-0.174816701851233	nan
894.6946946946947	nan	nan	-0.17035640382471168	nan
895.6956956956959	nan	nan	-0.17591220241676725	nan
896.6966966966969	nan	nan	-0.17180610070150432	nan
897.6976976976979	nan	nan	-0.1746295213151475	nan
898.6986986986989	nan	nan	-0.16958080411300694	nan
899.6996996996999	nan	nan	-0.16927518083395648	nan
900.7007007007008	nan	nan	-0.17016897237510187	nan
901.7017017017018	nan	nan	-0.1697618205836976	nan
902.7027027027028	nan	nan	-0.1683915920759151	nan
903.7037037037038	nan	nan	-0.16575750283469842	nan
904.7047047047048	nan	nan	-0.16669694709890046	nan
905.7057057057058	nan	nan	-0.16880518784060639	nan
906.7067067067068	nan	nan	-0.16422158450529903	nan
907.7077077077078	nan	nan	-0.1701329760235172	nan
908.7087087087087	nan	nan	-0.17096203281211486	nan
909.7097097097097	nan	nan	-0.16908557800727428	nan
910.7107107107108	nan	nan	-0.17013405783276286	nan
911.7117117117118	nan	nan	-0.17222483011452114	nan
912.7127127127128	nan	nan	-0.1722471284112444	nan
913.7137137137139	nan	nan	-0.1742339696563453	nan
914.7147147147147	nan	nan	-0.17483233221221878	nan
915.7157157157158	nan	nan	-0.17393586295797386	nan
916.7167167167167	nan	nan	-0.17280840244469034	nan
917.7177177177177	nan	nan	-0.17259326946964035	nan
918.7187187187188	nan	nan	-0.17030080453729857	nan
919.7197197197198	nan	nan	-0.17374757013226727	nan
920.7207207207208	nan	nan	-0.17417137946945724	nan
921.7217217217218	nan	nan	-0.17355231730644077	nan
922.7227227227228	nan	nan	-0.17292037534462226	nan
923.7237237237238	nan	nan	-0.16984505365471544	nan
924.7247247247248	nan	nan	-0.1717631529216957	nan
925.7257257257257	nan	nan	-0.16595085483504826	nan
926.7267267267267	nan	nan	-0.1669300493411353	nan
927.7277277277277	nan	nan	-0.1674653026149635	nan
928.7287287287287	nan	nan	-0.16640258940903213	nan
929.7297297297297	nan	nan	-0.16898216875246372	nan
930.7307307307307	nan	nan	-0.17096095570653974	nan
931.7317317317317	nan	nan	-0.1683166856013907	nan
932.7327327327326	nan	nan	-0.17157813906454955	nan
933.7337337337336	nan	nan	-0.17198364423056767	nan
934.7347347347348	nan	nan	-0.1690302266114167	nan
935.7357357357358	nan	nan	-0.16739467685750165	nan
936.7367367367369	nan	nan	-0.16919162948408423	nan
937.7377377377376	nan	nan	-0.17166861425304525	nan
938.7387387387388	nan	nan	-0.1754180184231724	nan
939.7397397397398	nan	nan	-0.17565838013185317	nan
940.7407407407408	nan	nan	-0.175124739110272	nan
941.7417417417419	nan	nan	-0.17509037257871743	nan
942.7427427427428	nan	nan	-0.16983913280142793	nan
943.7437437437438	nan	nan	-0.1650225147863971	nan
944.7447447447448	nan	nan	-0.15764417619521395	nan
945.7457457457458	nan	nan	-0.15775922990202887	nan
946.7467467467468	nan	nan	-0.16009185573871834	nan
947.7477477477478	nan	nan	-0.15755022031573906	nan
948.7487487487488	nan	nan	-0.15763281862383485	nan
949.7497497497501	nan	nan	-0.1550522737935603	nan
950.7507507507507	nan	nan	-0.15662057258618817	nan
951.7517517517518	nan	nan	-0.16256050094943947	nan
952.7527527527528	nan	nan	-0.15837238043706126	nan
953.7537537537538	nan	nan	-0.16328295604069404	nan
954.754754754755	nan	nan	-0.16337991918439634	nan
955.7557557557557	nan	nan	-0.16653799972746705	nan
956.7567567567568	nan	nan	-0.16531253129288215	nan
957.757757757758	nan	nan	-0.16960606662059474	nan
958.758758758759	nan	nan	-0.17034865029579968	nan
959.75975975976	nan	nan	-0.17008331500881585	nan
960.760760760761	nan	nan	-0.16970462120192253	nan
961.7617617617619	nan	nan	-0.17148626018184832	nan
962.7627627627629	nan	nan	-0.1719086993165388	nan
963.7637637637639	nan	nan	-0.1700303679997171	nan
964.7647647647649	nan	nan	-0.16933478740777994	nan
965.7657657657659	nan	nan	-0.170737216848671	nan
966.7667667667669	nan	nan	-0.17009613902081375	nan
967.7677677677679	nan	nan	-0.17487390603462014	nan
968.7687687687688	nan	nan	-0.17135007347167075	nan
969.7697697697698	nan	nan	-0.16950102437960615	nan
970.7707707707708	nan	nan	-0.16861154258346522	nan
971.7717717717718	nan	nan	-0.1671790365526407	nan
972.772772772773	nan	nan	-0.17014050477574885	nan
973.7737737737738	nan	nan	-0.16989046912010924	nan
974.7747747747749	nan	nan	-0.16904607555973414	nan
975.7757757757759	nan	nan	-0.17281886031358618	nan
976.7767767767768	nan	nan	-0.17152975383872984	nan
977.7777777777779	nan	nan	-0.16974809994133913	nan
978.7787787787787	nan	nan	-0.1685642556365768	nan
979.7797797797798	nan	nan	-0.16685805595211478	nan
980.7807807807809	nan	nan	-0.17335220915816063	nan
981.7817817817819	nan	nan	-0.1725379387578644	nan
982.7827827827829	nan	nan	-0.17061126775629934	nan
983.7837837837839	nan	nan	-0.17143897521690304	nan
984.7847847847848	nan	nan	-0.16968231412026538	nan
985.7857857857858	nan	nan	-0.17186494952112596	nan
986.7867867867868	nan	nan	-0.17073563100201827	nan
987.7877877877878	nan	nan	-0.17173415621433907	nan
988.7887887887888	nan	nan	-0.1722138244171007	nan
989.7897897897898	nan	nan	-0.17165332499280345	nan
990.7907907907908	nan	nan	-0.1691339317115913	nan
991.7917917917918	nan	nan	-0.17119999552916018	nan
992.7927927927927	nan	nan	-0.16972422269784443	nan
993.7937937937937	nan	nan	-0.17065560342637826	nan
994.7947947947947	nan	nan	-0.16650388434102897	nan
995.7957957957957	nan	nan	-0.16655407824384444	nan
996.7967967967967	nan	nan	-0.16924911612835314	nan
997.7977977977979	nan	nan	-0.1644079814929446	nan
998.7987987987989	nan	nan	-0.162646460671154	nan
999.7997997997999	nan	nan	-0.16564873270518699	nan
1000.800800800801	nan	nan	-0.16537318523836786	nan
1001.8018018018016	nan	nan	-0.16780316702763276	nan
1002.8028028028028	nan	nan	-0.1714768372288402	nan
1003.8038038038039	nan	nan	-0.16619067833997436	nan
1004.8048048048049	nan	nan	-0.16512340501264708	nan
1005.8058058058059	nan	nan	-0.16506244253439434	nan
1006.8068068068069	nan	nan	-0.16518679980921677	nan
1007.8078078078079	nan	nan	-0.1666300713212615	nan
1008.8088088088089	nan	nan	-0.16518491833376908	nan
1009.8098098098098	nan	nan	-0.1650366634207238	nan
1010.8108108108108	nan	nan	-0.16542071941131456	nan
1011.8118118118119	nan	nan	-0.16508718098485584	nan
1012.8128128128129	nan	nan	-0.17184210746802386	nan
1013.8138138138141	nan	nan	-0.17290026319471358	nan
1014.8148148148148	nan	nan	-0.1708677629668019	nan
1015.8158158158159	nan	nan	-0.1654556496613178	nan
1016.8168168168169	nan	nan	-0.1666018750655471	nan
1017.8178178178179	nan	nan	-0.16830405034600926	nan
1018.8188188188191	nan	nan	-0.16529694848873017	nan
1019.81981981982	nan	nan	-0.16778277065644875	nan
1020.820820820821	nan	nan	-0.16514010388833567	nan
1021.821821821822	nan	nan	-0.16759399479595932	nan
1022.822822822823	nan	nan	-0.16842897118794775	nan
1023.823823823824	nan	nan	-0.1684555351902062	nan
1024.8248248248249	nan	nan	-0.16122150247059677	nan
1025.8258258258259	nan	nan	-0.16113358405822953	nan
1026.8268268268268	nan	nan	-0.15574756937780426	nan
1027.8278278278278	nan	nan	-0.15821791562792703	nan
1028.828828828829	nan	nan	-0.15472474825875826	nan
1029.82982982983	nan	nan	-0.16395706871647014	nan
1030.830830830831	nan	nan	-0.1646257262182564	nan
1031.8318318318322	nan	nan	-0.1680236827577703	nan
1032.8328328328328	nan	nan	-0.16380082205257412	nan
1033.833833833834	nan	nan	-0.16168775719838918	nan
1034.834834834835	nan	nan	-0.16085384944382916	nan
1035.835835835836	nan	nan	-0.16975616546924	nan
1036.8368368368372	nan	nan	-0.16447511394282843	nan
1037.8378378378377	nan	nan	-0.16510409203460952	nan
1038.838838838839	nan	nan	-0.16503855921368796	nan
1039.83983983984	nan	nan	-0.1652273503720376	nan
1040.8408408408409	nan	nan	-0.1660236703327394	nan
1041.841841841842	nan	nan	-0.16395278394655688	nan
1042.8428428428426	nan	nan	-0.1692026887287287	nan
1043.8438438438438	nan	nan	-0.164193142570152	nan
1044.8448448448448	nan	nan	-0.16645443965152995	nan
1045.8458458458458	nan	nan	-0.16563587775294247	nan
1046.846846846847	nan	nan	-0.1660698758350187	nan
1047.8478478478476	nan	nan	-0.16832822880240422	nan
1048.8488488488488	nan	nan	-0.1702908824243179	nan
1049.8498498498498	nan	nan	-0.1681633201529993	nan
1050.850850850851	nan	nan	-0.1644232834077993	nan
1051.851851851852	nan	nan	-0.1654003030723376	nan
1052.852852852853	nan	nan	-0.16517336618673184	nan
1053.853853853854	nan	nan	-0.16621082297693832	nan
1054.854854854855	nan	nan	-0.1656353037029227	nan
1055.855855855856	nan	nan	-0.1687458242381275	nan
1056.856856856857	nan	nan	-0.1638552742672695	nan
1057.8578578578579	nan	nan	-0.1645296288229073	nan
1058.858858858859	nan	nan	-0.16831610379838557	nan
1059.85985985986	nan	nan	-0.17063597062894223	nan
1060.860860860861	nan	nan	-0.16742099474009464	nan
1061.861861861862	nan	nan	-0.16675602090827574	nan
1062.862862862863	nan	nan	-0.16395193547737796	nan
1063.863863863864	nan	nan	-0.16631529796403274	nan
1064.864864864865	nan	nan	-0.1666144953863125	nan
1065.865865865866	nan	nan	-0.16640663180698317	nan
1066.866866866867	nan	nan	-0.16052104348343577	nan
1067.867867867868	nan	nan	-0.16248238259021666	nan
1068.868868868869	nan	nan	-0.1607711070097757	nan
1069.86986986987	nan	nan	-0.16564394852575146	nan
1070.870870870871	nan	nan	-0.16284712854750685	nan
1071.871871871872	nan	nan	-0.1618179780122841	nan
1072.872872872873	nan	nan	-0.16656485563666149	nan
1073.873873873874	nan	nan	-0.16762137762928792	nan
1074.8748748748749	nan	nan	-0.16873670786009015	nan
1075.8758758758759	nan	nan	-0.169448905115493	nan
1076.8768768768768	nan	nan	-0.16880114285134765	nan
1077.8778778778778	nan	nan	-0.16779189847656759	nan
1078.8788788788788	nan	nan	-0.16818560688614337	nan
1079.8798798798798	nan	nan	-0.1676962693445112	nan
1080.8808808808808	nan	nan	-0.16862146474713238	nan
1081.881881881882	nan	nan	-0.1651674664049968	nan
1082.882882882883	nan	nan	-0.1696162221674541	nan
1083.883883883884	nan	nan	-0.1728704478550393	nan
1084.884884884885	nan	nan	-0.16686697332814715	nan
1085.885885885886	nan	nan	-0.16787594390072774	nan
1086.886886886887	nan	nan	-0.16786868225145624	nan
1087.887887887888	nan	nan	-0.1643394825643018	nan
1088.888888888889	nan	nan	-0.16319998361901977	nan
1089.8898898898901	nan	nan	-0.16153622617442634	nan
1090.8908908908913	nan	nan	-0.1662500708248375	nan
1091.8918918918919	nan	nan	-0.16280331254758162	nan
1092.892892892893	nan	nan	-0.1660347033364853	nan
1093.893893893894	nan	nan	-0.16515057776562306	nan
1094.894894894895	nan	nan	-0.168386495746633	nan
1095.8958958958963	nan	nan	-0.16727355200700567	nan
1096.8968968968968	nan	nan	-0.16562270596706277	nan
1097.897897897898	nan	nan	-0.16562915395593558	nan
1098.898898898899	nan	nan	-0.16293330892221267	nan
1099.8998998999	nan	nan	-0.16332648103366187	nan
1100.9009009009012	nan	nan	-0.16865693408352705	nan
1101.9019019019017	nan	nan	-0.1656530445719278	nan
1102.902902902903	nan	nan	-0.16759422265712653	nan
1103.903903903904	nan	nan	-0.16593502246288822	nan
1104.904904904905	nan	nan	-0.16653581182806299	nan
1105.9059059059061	nan	nan	-0.1686319544805997	nan
1106.9069069069067	nan	nan	-0.16502271349357558	nan
1107.9079079079079	nan	nan	-0.16726416744431438	nan
1108.9089089089089	nan	nan	-0.16360847827164365	nan
1109.9099099099099	nan	nan	-0.1645968100962925	nan
1110.910910910911	nan	nan	-0.16514359706144688	nan
1111.9119119119116	nan	nan	-0.16351447379021167	nan
1112.912912912913	nan	nan	-0.1649644564462149	nan
1113.913913913914	nan	nan	-0.16589852594581816	nan
1114.914914914915	nan	nan	-0.164310771846337	nan
1115.915915915916	nan	nan	-0.16457048206831332	nan
1116.916916916917	nan	nan	-0.16898056796218808	nan
1117.917917917918	nan	nan	-0.16638300358481162	nan
1118.918918918919	nan	nan	-0.1657406030971069	nan
1119.91991991992	nan	nan	-0.16833304948819655	nan
1120.9209209209212	nan	nan	-0.17003358163000024	nan
1121.9219219219221	nan	nan	-0.16947603702116865	nan
1122.9229229229231	nan	nan	-0.16520911333794858	nan
1123.9239239239241	nan	nan	-0.16733425562624954	nan
1124.924924924925	nan	nan	-0.16781714155501393	nan
1125.925925925926	nan	nan	-0.1639511682970083	nan
1126.926926926927	nan	nan	-0.17009993368885915	nan
1127.927927927928	nan	nan	-0.16712720684042745	nan
1128.928928928929	nan	nan	-0.16813271044989037	nan
1129.92992992993	nan	nan	-0.16255272002984802	nan
1130.930930930931	nan	nan	-0.16219339103721256	nan
1131.931931931932	nan	nan	-0.16605588445884278	nan
1132.932932932933	nan	nan	-0.16849685565995326	nan
1133.933933933934	nan	nan	-0.16420117731975573	nan
1134.934934934935	nan	nan	-0.16603520674312983	nan
1135.935935935936	nan	nan	-0.16557811938273953	nan
1136.936936936937	nan	nan	-0.16357194700246758	nan
1137.937937937938	nan	nan	-0.16634674660622745	nan
1138.938938938939	nan	nan	-0.16674474233461076	nan
1139.93993993994	nan	nan	-0.16562672086325644	nan
1140.940940940941	nan	nan	-0.16414315618543784	nan
1141.9419419419419	nan	nan	-0.16319996310172952	nan
1142.9429429429429	nan	nan	-0.1657258121409057	nan
1143.943943943944	nan	nan	-0.16575292770830788	nan
1144.944944944945	nan	nan	-0.16329880502316688	nan
1145.945945945946	nan	nan	-0.16546450676583585	nan
1146.946946946947	nan	nan	-0.16279416399851027	nan
1147.947947947948	nan	nan	-0.16660992022244941	nan
1148.948948948949	nan	nan	-0.16569169329177896	nan
1149.94994994995	nan	nan	-0.1655141943098846	nan
1150.950950950951	nan	nan	-0.16562539402404652	nan
1151.9519519519522	nan	nan	-0.16821330266394502	nan
1152.9529529529532	nan	nan	-0.16820873779957396	nan
1153.9539539539542	nan	nan	-0.1647533854163143	nan
1154.9549549549554	nan	nan	-0.17126120995401084	nan
1155.955955955956	nan	nan	-0.1658284493975817	nan
1156.9569569569571	nan	nan	-0.16665507689665138	nan
1157.9579579579581	nan	nan	-0.16456052464393228	nan
1158.958958958959	nan	nan	-0.16537481556746703	nan
1159.9599599599603	nan	nan	-0.16750588258191265	nan
1160.9609609609608	nan	nan	-0.16594846288083295	nan
1161.961961961962	nan	nan	-0.16316964642963253	nan
1162.962962962963	nan	nan	-0.16888656408308786	nan
1163.963963963964	nan	nan	-0.1711320299650637	nan
1164.9649649649652	nan	nan	-0.16817997821695613	nan
1165.9659659659658	nan	nan	-0.16497601838092452	nan
1166.966966966967	nan	nan	-0.16467547037864927	nan
1167.967967967968	nan	nan	-0.16475012919454973	nan
1168.968968968969	nan	nan	-0.16600568091048307	nan
1169.9699699699702	nan	nan	-0.16758510065721255	nan
1170.9709709709707	nan	nan	-0.16672809044242393	nan
1171.971971971972	nan	nan	-0.16699211644683087	nan
1172.972972972973	nan	nan	-0.16687312849488156	nan
1173.973973973974	nan	nan	-0.16451243852333156	nan
1174.974974974975	nan	nan	-0.16957595587735783	nan
1175.975975975976	nan	nan	-0.1627423380915827	nan
1176.976976976977	nan	nan	-0.16395438616722025	nan
1177.977977977978	nan	nan	-0.16251137608556404	nan
1178.978978978979	nan	nan	-0.16354641268652342	nan
1179.97997997998	nan	nan	-0.1621297462771535	nan
1180.980980980981	nan	nan	-0.1626743997908393	nan
1181.981981981982	nan	nan	-0.1652021174685198	nan
1182.9829829829832	nan	nan	-0.16292927138893593	nan
1183.9839839839842	nan	nan	-0.1603580387868587	nan
1184.9849849849852	nan	nan	-0.16046760368265545	nan
1185.9859859859862	nan	nan	-0.16234243199854462	nan
1186.9869869869872	nan	nan	-0.1604665137909002	nan
1187.9879879879882	nan	nan	-0.16219097510187183	nan
1188.9889889889891	nan	nan	-0.1650329116320851	nan
1189.9899899899901	nan	nan	-0.16192614146993478	nan
1190.9909909909911	nan	nan	-0.1668142836729134	nan
1191.991991991992	nan	nan	-0.16303989399504773	nan
1192.992992992993	nan	nan	-0.16229624935224035	nan
1193.993993993994	nan	nan	-0.16808945108600512	nan
1194.994994994995	nan	nan	-0.16682774161715963	nan
1195.995995995996	nan	nan	-0.1656868748592635	nan
1196.996996996997	nan	nan	-0.16168041716935588	nan
1197.997997997998	nan	nan	-0.15981550677193518	nan
1198.998998998999	nan	nan	-0.16296495854158782	nan
1200.0	nan	nan	-0.15778127448915075	nan
1203.0050083472454	nan	nan	-0.1617110589156202	nan
1206.0100166944906	nan	nan	-0.16154992290203418	nan
1209.0150250417362	nan	nan	-0.16494780416619614	nan
1212.0200333889816	nan	nan	-0.16456185519642835	nan
1215.025041736227	nan	nan	-0.1632187673970832	nan
1218.0300500834724	nan	nan	-0.16376100513717476	nan
1221.0350584307178	nan	nan	-0.1651094731120621	nan
1224.0400667779634	nan	nan	-0.16515081424577527	nan
1227.0450751252088	nan	nan	-0.16443725914833374	nan
1230.0500834724542	nan	nan	-0.16231694544040742	nan
1233.0550918196996	nan	nan	-0.16152628620032722	nan
1236.060100166945	nan	nan	-0.16374438932743407	nan
1239.0651085141903	nan	nan	-0.16648104724677903	nan
1242.0701168614357	nan	nan	-0.16266715686180494	nan
1245.0751252086811	nan	nan	-0.16049823825272133	nan
1248.0801335559265	nan	nan	-0.16064137290174235	nan
1251.0851419031721	nan	nan	-0.15728297041882353	nan
1254.0901502504173	nan	nan	-0.16202368007037782	nan
1257.0951585976627	nan	nan	-0.16281754244114174	nan
1260.100166944908	nan	nan	-0.16435802529246824	nan
1263.1051752921533	nan	nan	-0.16345886606996202	nan
1266.110183639399	nan	nan	-0.16493866239921173	nan
1269.1151919866445	nan	nan	-0.16376396526859777	nan
1272.12020033389	nan	nan	-0.16219365674560698	nan
1275.1252086811353	nan	nan	-0.15739629082042078	nan
1278.1302170283807	nan	nan	-0.1599310043812473	nan
1281.135225375626	nan	nan	-0.16451083950293888	nan
1284.1402337228715	nan	nan	-0.16810855639252045	nan
1287.1452420701169	nan	nan	-0.16655383720605177	nan
1290.1502504173623	nan	nan	-0.16281434003446113	nan
1293.1552587646077	nan	nan	-0.16280064569970876	nan
1296.160267111853	nan	nan	-0.15859412711017323	nan
1299.1652754590984	nan	nan	-0.1607582379959528	nan
1302.1702838063438	nan	nan	-0.1612475463806618	nan
1305.1752921535892	nan	nan	-0.1609139673906505	nan
1308.1803005008348	nan	nan	-0.15974193238058185	nan
1311.1853088480802	nan	nan	-0.1604144355104767	nan
1314.1903171953256	nan	nan	-0.15972664104864404	nan
1317.1953255425708	nan	nan	-0.1653439166518479	nan
1320.2003338898164	nan	nan	-0.15968364906832583	nan
1323.2053422370618	nan	nan	-0.16145589205097746	nan
1326.2103505843072	nan	nan	-0.15782677939489773	nan
1329.2153589315526	nan	nan	-0.15610473793400886	nan
1332.220367278798	nan	nan	-0.1570629861338738	nan
1335.2253756260434	nan	nan	-0.1549426808469418	nan
1338.2303839732888	nan	nan	-0.16016062541838708	nan
1341.2353923205342	nan	nan	-0.16091905794928144	nan
1344.2404006677796	nan	nan	-0.16255355102463714	nan
1347.245409015025	nan	nan	-0.16422671860782628	nan
1350.2504173622704	nan	nan	-0.1614113679367505	nan
1353.2554257095157	nan	nan	-0.1611382304637926	nan
1356.2604340567614	nan	nan	-0.1595547523874654	nan
1359.2654424040068	nan	nan	-0.1606298038967304	nan
1362.2704507512524	nan	nan	-0.15707618036694085	nan
1365.2754590984975	nan	nan	-0.15738367423021069	nan
1368.280467445743	nan	nan	-0.15643324778568407	nan
1371.2854757929883	nan	nan	-0.1606077953908037	nan
1374.2904841402335	nan	nan	-0.16038058139768366	nan
1377.2954924874791	nan	nan	-0.16167881004765758	nan
1380.3005008347245	nan	nan	-0.15848909440590955	nan
1383.30550918197	nan	nan	-0.15614615520826466	nan
1386.3105175292155	nan	nan	-0.1563964653974047	nan
1389.3155258764607	nan	nan	-0.15943632774884803	nan
1392.320534223706	nan	nan	-0.16321825818916685	nan
1395.3255425709515	nan	nan	-0.15952470135100744	nan
1398.3305509181966	nan	nan	-0.15990259303716997	nan
1401.3355592654425	nan	nan	-0.15915540379935983	nan
1404.340567612688	nan	nan	-0.15576666986430093	nan
1407.3455759599335	nan	nan	-0.15419153596004953	nan
1410.3505843071787	nan	nan	-0.15415231611270255	nan
1413.355592654424	nan	nan	-0.15464539301661964	nan
1416.3606010016695	nan	nan	-0.1553375017901351	nan
1419.3656093489146	nan	nan	-0.15519919602120447	nan
1422.3706176961603	nan	nan	-0.15374519381754553	nan
1425.3756260434056	nan	nan	-0.15265399566016358	nan
1428.380634390651	nan	nan	-0.15485837619033838	nan
1431.3856427378967	nan	nan	-0.1511454730065464	nan
1434.3906510851418	nan	nan	-0.15150023995866693	nan
1437.3956594323872	nan	nan	-0.15232366990432436	nan
1440.4006677796326	nan	nan	-0.156135143818487	nan
1443.4056761268778	nan	nan	-0.16064166342275277	nan
1446.4106844741236	nan	nan	-0.15437469730547398	nan
1449.415692821369	nan	nan	-0.15536945191663887	nan
1452.4207011686146	nan	nan	-0.15403629070292435	nan
1455.4257095158598	nan	nan	-0.15098324736573124	nan
1458.4307178631052	nan	nan	-0.1503338678039945	nan
1461.4357262103506	nan	nan	-0.15126551560979365	nan
1464.4407345575958	nan	nan	-0.15443967993023394	nan
1467.4457429048414	nan	nan	-0.15844050293784506	nan
1470.4507512520868	nan	nan	-0.15890216600336032	nan
1473.4557595993322	nan	nan	-0.15375780455833837	nan
1476.4607679465778	nan	nan	-0.15649151558415778	nan
1479.465776293823	nan	nan	-0.15712425926394724	nan
1482.4707846410683	nan	nan	-0.1605444396245047	nan
1485.4757929883137	nan	nan	-0.16325344197800873	nan
1488.480801335559	nan	nan	-0.15991329853198702	nan
1491.4858096828048	nan	nan	-0.15748117936650197	nan
1494.4908180300501	nan	nan	-0.1611011625589822	nan
1497.4958263772958	nan	nan	-0.16035993979302357	nan
1500.500834724541	nan	nan	-0.15644882363039697	nan
1503.5058430717863	nan	nan	-0.15912455278612553	nan
1506.5108514190317	nan	nan	-0.16062500575854416	nan
1509.515859766277	nan	nan	-0.15660647764632105	nan
1512.5208681135225	nan	nan	-0.15940892303141568	nan
1515.525876460768	nan	nan	-0.15763290834821686	nan
1518.5308848080133	nan	nan	-0.16053905640731772	nan
1521.535893155259	nan	nan	-0.16025385293143796	nan
1524.5409015025043	nan	nan	-0.16258662394169232	nan
1527.5459098497495	nan	nan	-0.16053611453801864	nan
1530.5509181969949	nan	nan	-0.16096205941067737	nan
1533.55592654424	nan	nan	-0.16153005507412016	nan
1536.5609348914859	nan	nan	-0.1565208078116207	nan
1539.5659432387313	nan	nan	-0.15744574567153025	nan
1542.570951585977	nan	nan	-0.15814322771364042	nan
1545.575959933222	nan	nan	-0.15526559081301577	nan
1548.5809682804675	nan	nan	-0.15960584426778857	nan
1551.5859766277129	nan	nan	-0.15450740237568633	nan
1554.590984974958	nan	nan	-0.15747395428308147	nan
1557.5959933222036	nan	nan	-0.15732381604124684	nan
1560.601001669449	nan	nan	-0.15341540057464528	nan
1563.6060100166944	nan	nan	-0.14749998522972527	nan
1566.61101836394	nan	nan	-0.14889304874993115	nan
1569.6160267111854	nan	nan	-0.15069321261537266	nan
1572.6210350584306	nan	nan	-0.1512037433578012	nan
1575.626043405676	nan	nan	-0.15377338534975504	nan
1578.6310517529212	nan	nan	-0.15295910220337383	nan
1581.636060100167	nan	nan	-0.15291291885193417	nan
1584.6410684474124	nan	nan	-0.15162944105145	nan
1587.646076794658	nan	nan	-0.15175137679419584	nan
1590.6510851419032	nan	nan	-0.148701816686533	nan
1593.6560934891486	nan	nan	-0.15289758362770323	nan
1596.661101836394	nan	nan	-0.15424335751877769	nan
1599.6661101836391	nan	nan	-0.15373713040396125	nan
1602.6711185308848	nan	nan	-0.1521335449631126	nan
1605.6761268781302	nan	nan	-0.15621813367841858	nan
1608.6811352253756	nan	nan	-0.15315755716485518	nan
1611.6861435726212	nan	nan	-0.14896446699859928	nan
1614.6911519198666	nan	nan	-0.1555856542286453	nan
1617.6961602671117	nan	nan	-0.15619636810201143	nan
1620.7011686143571	nan	nan	-0.15439564445968024	nan
1623.7061769616028	nan	nan	-0.1543408642723187	nan
1626.7111853088481	nan	nan	-0.15446495006446886	nan
1629.7161936560935	nan	nan	-0.1519509084230893	nan
1632.7212020033392	nan	nan	-0.1520072932029813	nan
1635.7262103505843	nan	nan	-0.14949056227039834	nan
1638.7312186978297	nan	nan	-0.14940999915924802	nan
1641.736227045075	nan	nan	-0.15069750606192792	nan
1644.7412353923203	nan	nan	-0.1515158320941657	nan
1647.746243739566	nan	nan	-0.15132460330110545	nan
1650.7512520868113	nan	nan	-0.15356604494275328	nan
1653.7562604340567	nan	nan	-0.15264485957324764	nan
1656.7612687813023	nan	nan	-0.15436071552917968	nan
1659.7662771285477	nan	nan	-0.15348519458200038	nan
1662.7712854757929	nan	nan	-0.15128137120647656	nan
1665.7762938230383	nan	nan	-0.1536817911909107	nan
1668.7813021702839	nan	nan	-0.15604247407871163	nan
1671.7863105175293	nan	nan	-0.15783996384109636	nan
1674.7913188647747	nan	nan	-0.1595501805592552	nan
1677.7963272120203	nan	nan	-0.15228580230145553	nan
1680.8013355592655	nan	nan	-0.1474111461944233	nan
1683.8063439065108	nan	nan	-0.1471413506617638	nan
1686.8113522537562	nan	nan	-0.146259793854821	nan
1689.8163606010014	nan	nan	-0.14673859462486086	nan
1692.821368948247	nan	nan	-0.14693118267172367	nan
1695.8263772954924	nan	nan	-0.14188373378779548	nan
1698.8313856427378	nan	nan	-0.13632727448326953	nan
1701.8363939899834	nan	nan	-0.13930146133736654	nan
1704.8414023372288	nan	nan	-0.14807543417786473	nan
1707.846410684474	nan	nan	-0.148087556073133	nan
1710.8514190317194	nan	nan	-0.14366353621529687	nan
1713.8564273789646	nan	nan	-0.1464912878242683	nan
1716.8614357262104	nan	nan	-0.14317916810304618	nan
1719.8664440734558	nan	nan	-0.14252083341607044	nan
1722.8714524207014	nan	nan	-0.14923806206363133	nan
1725.8764607679466	nan	nan	-0.1457470706475026	nan
1728.881469115192	nan	nan	-0.1573903829495221	nan
1731.8864774624374	nan	nan	-0.15099745160904676	nan
1734.8914858096825	nan	nan	-0.1504879208404954	nan
1737.8964941569277	nan	nan	-0.14306129919353125	nan
1740.9015025041735	nan	nan	-0.15008844201682575	nan
1743.9065108514194	nan	nan	-0.14979125419499856	nan
1746.9115191986646	nan	nan	-0.15016171026967667	nan
1749.9165275459102	nan	nan	-0.15833734388737145	nan
1752.9215358931554	nan	nan	-0.1539100618853938	nan
1755.9265442404005	nan	nan	-0.15704365399511272	nan
1758.9315525876457	nan	nan	-0.1537733383938064	nan
1761.9365609348915	nan	nan	-0.15234914865612892	nan
1764.941569282137	nan	nan	-0.1566665877413404	nan
1767.9465776293825	nan	nan	-0.1542680396788191	nan
1770.9515859766277	nan	nan	-0.1587527939670947	nan
1773.9565943238729	nan	nan	-0.1555359437103023	nan
1776.9616026711185	nan	nan	-0.154591403909137	nan
1779.9666110183637	nan	nan	-0.15508341175414148	nan
1782.9716193656095	nan	nan	-0.15606366948337308	nan
1785.9766277128547	nan	nan	-0.15382520625046195	nan
1788.9816360601005	nan	nan	-0.15562971731808461	nan
1791.9866444073457	nan	nan	-0.15936625261728343	nan
1794.991652754591	nan	nan	-0.15703320618834488	nan
1797.9966611018363	nan	nan	-0.15589505812236404	nan
1801.0016694490816	nan	nan	-0.15796538816060066	nan
1804.0066777963268	nan	nan	-0.1571484243505071	nan
1807.0116861435727	nan	nan	-0.15708665467354416	nan
1810.0166944908178	nan	nan	-0.1586158392398644	nan
1813.0217028380637	nan	nan	-0.15689086481271491	nan
1816.0267111853088	nan	nan	-0.1551489506601128	nan
1819.0317195325542	nan	nan	-0.15604031229573176	nan
1822.0367278797996	nan	nan	-0.15411578280729973	nan
1825.0417362270448	nan	nan	-0.15741108154936984	nan
1828.0467445742906	nan	nan	-0.15973790407914634	nan
1831.0517529215358	nan	nan	-0.15337992687440746	nan
1834.0567612687817	nan	nan	-0.15422591311182082	nan
1837.0617696160268	nan	nan	-0.15595357062362555	nan
1840.0667779632722	nan	nan	-0.15159879701752813	nan
1843.0717863105174	nan	nan	-0.15585931570130382	nan
1846.0767946577628	nan	nan	-0.15404653042884553	nan
1849.081803005008	nan	nan	-0.15372317171266048	nan
1852.0868113522538	nan	nan	-0.15507240777666018	nan
1855.0918196994992	nan	nan	-0.159103284153287	nan
1858.0968280467448	nan	nan	-0.1570716067231379	nan
1861.10183639399	nan	nan	-0.15550213502340798	nan
1864.1068447412356	nan	nan	-0.15564741778714336	nan
1867.1118530884808	nan	nan	-0.15579109863061857	nan
1870.116861435726	nan	nan	-0.15746103289255636	nan
1873.1218697829718	nan	nan	-0.16085243304183644	nan
1876.126878130217	nan	nan	-0.1572324755858123	nan
1879.1318864774628	nan	nan	-0.1541912518848451	nan
1882.136894824708	nan	nan	-0.15389582001531155	nan
1885.1419031719531	nan	nan	-0.15248746294461152	nan
1888.1469115191983	nan	nan	-0.1521791541097871	nan
1891.151919866444	nan	nan	-0.15382921801464614	nan
1894.1569282136895	nan	nan	-0.15751659641415752	nan
1897.161936560935	nan	nan	-0.1545304449735099	nan
1900.1669449081808	nan	nan	-0.15416870783882217	nan
1903.171953255426	nan	nan	-0.15264863196856876	nan
1906.176961602671	nan	nan	-0.1462345057183875	nan
1909.1819699499165	nan	nan	-0.14798904910005783	nan
1912.1869782971619	nan	nan	-0.15332757504999425	nan
1915.191986644407	nan	nan	-0.15289142386040733	nan
1918.196994991653	nan	nan	-0.15598231120553555	nan
1921.202003338898	nan	nan	-0.15602017255918862	nan
1924.207011686144	nan	nan	-0.15464272295490877	nan
1927.212020033389	nan	nan	-0.1554502868786649	nan
1930.2170283806345	nan	nan	-0.1533697107237493	nan
1933.2220367278796	nan	nan	-0.15319034106616347	nan
1936.227045075125	nan	nan	-0.15121638784137478	nan
1939.2320534223709	nan	nan	-0.1503985966238791	nan
1942.237061769616	nan	nan	-0.15779541059388602	nan
1945.2420701168614	nan	nan	-0.15508159980307643	nan
1948.247078464107	nan	nan	-0.15690190738851634	nan
1951.2520868113522	nan	nan	-0.15972961363729174	nan
1954.2570951585976	nan	nan	-0.15833548959362376	nan
1957.262103505843	nan	nan	-0.1534559366275187	nan
1960.2671118530882	nan	nan	-0.15194712781450156	nan
1963.272120200334	nan	nan	-0.1559114109152727	nan
1966.2771285475792	nan	nan	-0.15772557634521803	nan
1969.282136894825	nan	nan	-0.15845689921418837	nan
1972.2871452420702	nan	nan	-0.15565362373602182	nan
1975.2921535893158	nan	nan	-0.15767452556939915	nan
1978.297161936561	nan	nan	-0.15825383018197428	nan
1981.3021702838062	nan	nan	-0.15454763990957213	nan
1984.3071786310518	nan	nan	-0.1554070453061239	nan
1987.3121869782972	nan	nan	-0.15264700051871427	nan
1990.3171953255426	nan	nan	-0.15340461506831266	nan
1993.3222036727882	nan	nan	-0.15713929128609508	nan
1996.3272120200334	nan	nan	-0.16026348899538373	nan
1999.3322203672785	nan	nan	-0.15886587468544613	nan
2002.3372287145241	nan	nan	-0.15637281001182202	nan
2005.3422370617693	nan	nan	-0.15930202958613568	nan
2008.3472454090152	nan	nan	-0.1528986638116501	nan
2011.3522537562603	nan	nan	-0.1603548363882118	nan
2014.3572621035062	nan	nan	-0.15704637829069468	nan
2017.3622704507513	nan	nan	-0.15464888877132904	nan
2020.3672787979967	nan	nan	-0.15526979038510275	nan
2023.372287145242	nan	nan	-0.1540488934596328	nan
2026.3772954924873	nan	nan	-0.1540131776227523	nan
2029.382303839733	nan	nan	-0.15433331429375316	nan
2032.3873121869783	nan	nan	-0.15186332380420903	nan
2035.3923205342235	nan	nan	-0.15524911807144345	nan
2038.3973288814693	nan	nan	-0.15496523640551757	nan
2041.4023372287145	nan	nan	-0.15541508966870266	nan
2044.4073455759599	nan	nan	-0.15789339173441014	nan
2047.4123539232053	nan	nan	-0.15340999490029844	nan
2050.4173622704507	nan	nan	-0.1526746492616275	nan
2053.4223706176963	nan	nan	-0.1500330498045522	nan
2056.4273789649415	nan	nan	-0.1473971060721021	nan
2059.432387312187	nan	nan	-0.14823287862985735	nan
2062.4373956594322	nan	nan	-0.14616791457385434	nan
2065.442404006678	nan	nan	-0.14612252208342233	nan
2068.447412353923	nan	nan	-0.1511205034147952	nan
2071.4524207011686	nan	nan	-0.15036475315837175	nan
2074.4574290484143	nan	nan	-0.1497653166874086	nan
2077.4624373956594	nan	nan	-0.14451036992016453	nan
2080.4674457429046	nan	nan	-0.13445290674705818	nan
2083.47245409015	nan	nan	-0.14300223300462594	nan
2086.4774624373963	nan	nan	-0.1472271276354624	nan
2089.4824707846415	nan	nan	-0.1502171624753978	nan
2092.4874791318866	nan	nan	-0.1407381638022992	nan
2095.492487479132	nan	nan	-0.14702280608916712	nan
2098.4974958263774	nan	nan	-0.147699431615538	nan
2101.5025041736226	nan	nan	-0.15052338980454405	nan
2104.507512520868	nan	nan	-0.15113822701589194	nan
2107.5125208681134	nan	nan	-0.14866958865947258	nan
2110.5175292153585	nan	nan	-0.14113019834738938	nan
2113.5225375626037	nan	nan	-0.14312103254055944	nan
2116.52754590985	nan	nan	-0.14402273913296462	nan
2119.5325542570954	nan	nan	-0.14009485956275258	nan
2122.5375626043406	nan	nan	-0.13881054533969236	nan
2125.5425709515857	nan	nan	-0.13750863758860035	nan
2128.5475792988314	nan	nan	-0.1398376974018633	nan
2131.552587646077	nan	nan	-0.14302462291998788	nan
2134.557595993322	nan	nan	-0.14451813822867804	nan
2137.5626043405678	nan	nan	-0.1403428735855046	nan
2140.567612687813	nan	nan	-0.13776031741524547	nan
2143.5726210350585	nan	nan	-0.14712281629598692	nan
2146.5776293823037	nan	nan	-0.1482379431142808	nan
2149.5826377295493	nan	nan	-0.14245599345238663	nan
2152.5876460767945	nan	nan	-0.14099051195008022	nan
2155.59265442404	nan	nan	-0.14090250412882305	nan
2158.5976627712853	nan	nan	-0.1350151030552565	nan
2161.602671118531	nan	nan	-0.14752632824886852	nan
2164.6076794657765	nan	nan	-0.13993343773581943	nan
2167.6126878130217	nan	nan	-0.15572958472258885	nan
2170.617696160267	nan	nan	-0.147632652557463	nan
2173.6227045075125	nan	nan	-0.13665923449909706	nan
2176.627712854758	nan	nan	-0.13464877130339148	nan
2179.6327212020033	nan	nan	-0.14406797595688708	nan
2182.637729549249	nan	nan	-0.14651878988818867	nan
2185.642737896494	nan	nan	-0.14577497288889704	nan
2188.6477462437397	nan	nan	-0.1474191284667904	nan
2191.652754590985	nan	nan	-0.14713661079981263	nan
2194.6577629382305	nan	nan	-0.15226297249495652	nan
2197.6627712854756	nan	nan	-0.15326872788829157	nan
2200.6677796327217	nan	nan	-0.1553890449856673	nan
2203.672787979967	nan	nan	-0.15243402349274332	nan
2206.677796327212	nan	nan	-0.1566115485162979	nan
2209.6828046744577	nan	nan	-0.1506416371316194	nan
2212.687813021703	nan	nan	-0.1503604396856838	nan
2215.692821368948	nan	nan	-0.14727732175512892	nan
2218.6978297161936	nan	nan	-0.1499581351834408	nan
2221.702838063439	nan	nan	-0.15121017696976363	nan
2224.707846410684	nan	nan	-0.15016842605010597	nan
2227.712854757929	nan	nan	-0.14774275528174208	nan
2230.717863105175	nan	nan	-0.14914411234848546	nan
2233.722871452421	nan	nan	-0.14676947626453649	nan
2236.727879799666	nan	nan	-0.14592350074901214	nan
2239.7328881469116	nan	nan	-0.1497800891612851	nan
2242.737896494157	nan	nan	-0.14919005053467602	nan
2245.7429048414024	nan	nan	-0.14691665226477102	nan
2248.7479131886475	nan	nan	-0.1512666024916518	nan
2251.752921535893	nan	nan	-0.152361806522409	nan
2254.757929883139	nan	nan	-0.15397506175596914	nan
2257.762938230384	nan	nan	-0.1515074987612819	nan
2260.767946577629	nan	nan	-0.14565063498700767	nan
2263.7729549248747	nan	nan	-0.14984129607427393	nan
2266.7779632721204	nan	nan	-0.15341052334197305	nan
2269.7829716193655	nan	nan	-0.14915781034978942	nan
2272.7879799666107	nan	nan	-0.15120748668192363	nan
2275.7929883138563	nan	nan	-0.15288790112756512	nan
2278.797996661102	nan	nan	-0.1490557584931142	nan
2281.803005008347	nan	nan	-0.1527772628168578	nan
2284.8080133555927	nan	nan	-0.15337777661958563	nan
2287.8130217028383	nan	nan	-0.15262176859942037	nan
2290.8180300500835	nan	nan	-0.14882320265530505	nan
2293.8230383973287	nan	nan	-0.15008412063189094	nan
2296.8280467445743	nan	nan	-0.1476707927615146	nan
2299.83305509182	nan	nan	-0.1527047661012096	nan
2302.838063439065	nan	nan	-0.15374815122461472	nan
2305.8430717863102	nan	nan	-0.14964770185570947	nan
2308.848080133556	nan	nan	-0.15206153983599716	nan
2311.853088480802	nan	nan	-0.1540811202271989	nan
2314.858096828047	nan	nan	-0.14982411258100564	nan
2317.8631051752923	nan	nan	-0.1513090111366342	nan
2320.8681135225374	nan	nan	-0.14963262897388996	nan
2323.873121869783	nan	nan	-0.1512974618550414	nan
2326.8781302170282	nan	nan	-0.1490624798624007	nan
2329.883138564274	nan	nan	-0.15083447456926122	nan
2332.888146911519	nan	nan	-0.14811551867968387	nan
2335.893155258764	nan	nan	-0.14790335623881143	nan
2338.8981636060093	nan	nan	-0.14886374047872292	nan
2341.9031719532554	nan	nan	-0.15082937354161632	nan
2344.908180300501	nan	nan	-0.15052215201701194	nan
2347.913188647746	nan	nan	-0.1479643335957995	nan
2350.9181969949914	nan	nan	-0.14590336843362844	nan
2353.923205342237	nan	nan	-0.14517529383332958	nan
2356.9282136894826	nan	nan	-0.14661936868315356	nan
2359.933222036728	nan	nan	-0.15184267736611246	nan
2362.938230383973	nan	nan	-0.15145540985320574	nan
2365.943238731219	nan	nan	-0.149170460859827	nan
2368.948247078464	nan	nan	-0.14752066905844508	nan
2371.9532554257094	nan	nan	-0.15107323572300582	nan
2374.958263772955	nan	nan	-0.1523067604116356	nan
2377.9632721202006	nan	nan	-0.15311084418946955	nan
2380.9682804674458	nan	nan	-0.14999789732095245	nan
2383.973288814691	nan	nan	-0.14748897061777708	nan
2386.9782971619366	nan	nan	-0.14551260127904833	nan
2389.983305509182	nan	nan	-0.14448560775341632	nan
2392.9883138564273	nan	nan	-0.1438555502764729	nan
2395.9933222036725	nan	nan	-0.14140625203689436	nan
2398.998330550918	nan	nan	-0.14994954215739087	nan
2402.0033388981637	nan	nan	-0.15262740654354642	nan
2405.008347245409	nan	nan	-0.1494868027475261	nan
2408.013355592654	nan	nan	-0.15208086317543934	nan
2411.0183639399	nan	nan	-0.15147633379755746	nan
2414.0233722871453	nan	nan	-0.15234057760279723	nan
2417.0283806343905	nan	nan	-0.15044074255242068	nan
2420.033388981636	nan	nan	-0.14844611408959407	nan
2423.038397328882	nan	nan	-0.15136972433872903	nan
2426.0434056761273	nan	nan	-0.1503209709243869	nan
2429.0484140233725	nan	nan	-0.15264566377339758	nan
2432.0534223706177	nan	nan	-0.15305739270656213	nan
2435.0584307178633	nan	nan	-0.14780264401086696	nan
2438.0634390651085	nan	nan	-0.1468728766884975	nan
2441.0684474123536	nan	nan	-0.15574972757296204	nan
2444.0734557595993	nan	nan	-0.1533415146458453	nan
2447.0784641068444	nan	nan	-0.14914198558582445	nan
2450.0834724540896	nan	nan	-0.15600220636593004	nan
2453.0884808013357	nan	nan	-0.14711996705217192	nan
2456.0934891485813	nan	nan	-0.15098434869240734	nan
2459.0984974958265	nan	nan	-0.14928675256045681	nan
2462.1035058430716	nan	nan	-0.1490493263050793	nan
2465.1085141903172	nan	nan	-0.14094030272314625	nan
2468.113522537563	nan	nan	-0.14327196845393167	nan
2471.118530884808	nan	nan	-0.14657182461906962	nan
2474.123539232053	nan	nan	-0.1463330698325724	nan
2477.128547579299	nan	nan	-0.1449325124605177	nan
2480.1335559265444	nan	nan	-0.1466282303485901	nan
2483.1385642737896	nan	nan	-0.14893035804077046	nan
2486.1435726210348	nan	nan	-0.14916884309672127	nan
2489.1485809682804	nan	nan	-0.15133184077413556	nan
2492.153589315526	nan	nan	-0.1450995444269366	nan
2495.158597662771	nan	nan	-0.14644746261699293	nan
2498.163606010017	nan	nan	-0.14745968193094566	nan
2501.1686143572624	nan	nan	-0.14573417064815403	nan
2504.1736227045076	nan	nan	-0.14363425642842914	nan
2507.1786310517527	nan	nan	-0.1473643428660821	nan
2510.1836393989984	nan	nan	-0.14440073875985907	nan
2513.188647746244	nan	nan	-0.14344331163736201	nan
2516.193656093489	nan	nan	-0.14358431194990834	nan
2519.1986644407343	nan	nan	-0.14247191135501142	nan
2522.20367278798	nan	nan	-0.14007364285168483	nan
2525.2086811352256	nan	nan	-0.1464966343449967	nan
2528.2136894824707	nan	nan	-0.1460645281459161	nan
2531.218697829716	nan	nan	-0.1481923629208543	nan
2534.2237061769615	nan	nan	-0.14594876946853289	nan
2537.2287145242076	nan	nan	-0.14362757435929913	nan
2540.2337228714528	nan	nan	-0.14972800069345504	nan
2543.238731218698	nan	nan	-0.14599414495105437	nan
2546.2437395659435	nan	nan	-0.14479903237479477	nan
2549.2487479131887	nan	nan	-0.14838705093584142	nan
2552.253756260434	nan	nan	-0.14525801576729228	nan
2555.2587646076795	nan	nan	-0.14437873452119876	nan
2558.2637729549247	nan	nan	-0.1459643249246679	nan
2561.26878130217	nan	nan	-0.14720267843152926	nan
2564.273789649415	nan	nan	-0.1451148695888242	nan
2567.278797996661	nan	nan	-0.14552792078177615	nan
2570.2838063439067	nan	nan	-0.14025679757376514	nan
2573.288814691152	nan	nan	-0.1386663586247068	nan
2576.293823038397	nan	nan	-0.14236448903123985	nan
2579.2988313856426	nan	nan	-0.13744464283228103	nan
2582.3038397328883	nan	nan	-0.13859570295777132	nan
2585.3088480801334	nan	nan	-0.14628630845120408	nan
2588.313856427379	nan	nan	-0.14047242859940212	nan
2591.3188647746247	nan	nan	-0.13567936000269926	nan
2594.32387312187	nan	nan	-0.13968714986300337	nan
2597.328881469115	nan	nan	-0.13629733583791537	nan
2600.3338898163606	nan	nan	-0.14169520522276585	nan
2603.3388981636062	nan	nan	-0.13633574624320793	nan
2606.3439065108514	nan	nan	-0.14131225975637066	nan
2609.3489148580966	nan	nan	-0.1433095804572732	nan
2612.353923205342	nan	nan	-0.14544386077489013	nan
2615.358931552588	nan	nan	-0.14386066184333923	nan
2618.363939899833	nan	nan	-0.14261477966235034	nan
2621.368948247078	nan	nan	-0.1455550187877344	nan
2624.3739565943238	nan	nan	-0.14170032205540267	nan
2627.3789649415694	nan	nan	-0.14068299831684272	nan
2630.3839732888146	nan	nan	-0.14149299180901093	nan
2633.38898163606	nan	nan	-0.14214615405366227	nan
2636.393989983306	nan	nan	-0.1392196213582906	nan
2639.398998330551	nan	nan	-0.1394785107802921	nan
2642.404006677796	nan	nan	-0.13930769703519202	nan
2645.4090150250418	nan	nan	-0.1423830363279791	nan
2648.414023372288	nan	nan	-0.13570517729231032	nan
2651.419031719533	nan	nan	-0.1401276235199799	nan
2654.424040066778	nan	nan	-0.14240050316359784	nan
2657.4290484140233	nan	nan	-0.1432521085843953	nan
2660.434056761269	nan	nan	-0.14140222456597934	nan
2663.439065108514	nan	nan	-0.1365989491430007	nan
2666.4440734557593	nan	nan	-0.13789396943813403	nan
2669.449081803005	nan	nan	-0.14416093494552318	nan
2672.45409015025	nan	nan	-0.14338773546265332	nan
2675.4590984974952	nan	nan	-0.14439671553233438	nan
2678.4641068447413	nan	nan	-0.13948012384216305	nan
2681.469115191987	nan	nan	-0.14176854491993435	nan
2684.474123539232	nan	nan	-0.13744896438255697	nan
2687.4791318864773	nan	nan	-0.13727520364674	nan
2690.484140233723	nan	nan	-0.13890885420487342	nan
2693.4891485809685	nan	nan	-0.13967346318193816	nan
2696.4941569282137	nan	nan	-0.1420508039053101	nan
2699.499165275459	nan	nan	-0.14465372433874615	nan
2702.5041736227045	nan	nan	-0.14584454413916217	nan
2705.50918196995	nan	nan	-0.13988860897276284	nan
2708.5141903171952	nan	nan	-0.14556232088468027	nan
2711.5191986644404	nan	nan	-0.14320135238364254	nan
2714.524207011686	nan	nan	-0.14158404554633003	nan
2717.5292153589317	nan	nan	-0.14170248316166403	nan
2720.534223706177	nan	nan	-0.14524054778137022	nan
2723.5392320534224	nan	nan	-0.13403981912346744	nan
2726.544240400668	nan	nan	-0.1401775815132841	nan
2729.549248747913	nan	nan	-0.13736167930892207	nan
2732.5542570951584	nan	nan	-0.13719490037181303	nan
2735.559265442404	nan	nan	-0.13487773679236417	nan
2738.56427378965	nan	nan	-0.13935068268508635	nan
2741.5692821368953	nan	nan	-0.14131200493948706	nan
2744.5742904841404	nan	nan	-0.13996730271666813	nan
2747.5792988313856	nan	nan	-0.13752496635245884	nan
2750.584307178631	nan	nan	-0.13742103085266216	nan
2753.5893155258764	nan	nan	-0.13882265632503896	nan
2756.5943238731215	nan	nan	-0.13760875173403309	nan
2759.599332220367	nan	nan	-0.13878532579432382	nan
2762.6043405676123	nan	nan	-0.13725237427386366	nan
2765.6093489148575	nan	nan	-0.13492769057465548	nan
2768.6143572621036	nan	nan	-0.13326339198507794	nan
2771.619365609349	nan	nan	-0.13589827062607693	nan
2774.6243739565944	nan	nan	-0.1334086879667803	nan
2777.6293823038395	nan	nan	-0.13564340041749529	nan
2780.634390651085	nan	nan	-0.13679957237620913	nan
2783.639398998331	nan	nan	-0.13601966647389804	nan
2786.6444073455764	nan	nan	-0.13217704237903866	nan
2789.6494156928215	nan	nan	-0.12967993191393162	nan
2792.6544240400667	nan	nan	-0.13375028907658437	nan
2795.6594323873123	nan	nan	-0.13415019229496486	nan
2798.6644407345575	nan	nan	-0.13595438344041252	nan
2801.6694490818027	nan	nan	-0.13557464182729753	nan
2804.6744574290483	nan	nan	-0.13335577947856864	nan
2807.6794657762935	nan	nan	-0.13480549419950216	nan
2810.6844741235386	nan	nan	-0.13418348677628614	nan
2813.6894824707847	nan	nan	-0.13441794817312988	nan
2816.6944908180303	nan	nan	-0.13590929736500737	nan
2819.6994991652755	nan	nan	-0.13505900729639336	nan
2822.7045075125206	nan	nan	-0.135933981161585	nan
2825.7095158597663	nan	nan	-0.134165779776128	nan
2828.7145242070123	nan	nan	-0.1294328589782109	nan
2831.7195325542575	nan	nan	-0.13377931130379497	nan
2834.7245409015027	nan	nan	-0.13258366741735628	nan
2837.729549248748	nan	nan	-0.133220696580824	nan
2840.7345575959935	nan	nan	-0.13194555228638966	nan
2843.7395659432386	nan	nan	-0.13015798664709044	nan
2846.744574290484	nan	nan	-0.13408492757048876	nan
2849.7495826377294	nan	nan	-0.1365753284005398	nan
2852.7545909849746	nan	nan	-0.1347541973212175	nan
2855.7595993322198	nan	nan	-0.13472331160733503	nan
2858.764607679466	nan	nan	-0.13360983700096649	nan
2861.7696160267114	nan	nan	-0.13701683388716995	nan
2864.7746243739566	nan	nan	-0.13415421316746756	nan
2867.779632721202	nan	nan	-0.13323627825942913	nan
2870.7846410684474	nan	nan	-0.1306051514463515	nan
2873.7896494156935	nan	nan	-0.13212843599002502	nan
2876.7946577629386	nan	nan	-0.13322336509489416	nan
2879.799666110184	nan	nan	-0.13294888608352634	nan
2882.804674457429	nan	nan	-0.1298064217148715	nan
2885.8096828046746	nan	nan	-0.13513850346280876	nan
2888.8146911519198	nan	nan	-0.13392298703900046	nan
2891.819699499165	nan	nan	-0.13577260336629715	nan
2894.8247078464105	nan	nan	-0.13247920901259558	nan
2897.8297161936557	nan	nan	-0.1346980581356136	nan
2900.834724540901	nan	nan	-0.1319729488235616	nan
2903.839732888147	nan	nan	-0.1369212590900145	nan
2906.8447412353926	nan	nan	-0.13769927090104195	nan
2909.8497495826377	nan	nan	-0.13093843362879387	nan
2912.854757929883	nan	nan	-0.1320024789936655	nan
2915.8597662771285	nan	nan	-0.1304558271511267	nan
2918.8647746243746	nan	nan	-0.1311857846305124	nan
2921.8697829716198	nan	nan	-0.13414588539000763	nan
2924.874791318865	nan	nan	-0.12967241838652746	nan
2927.87979966611	nan	nan	-0.12870426176333602	nan
2930.8848080133557	nan	nan	-0.1288576050304946	nan
2933.889816360601	nan	nan	-0.13044076777443378	nan
2936.8948247078465	nan	nan	-0.1271256206863677	nan
2939.8998330550917	nan	nan	-0.13481758109421527	nan
2942.904841402337	nan	nan	-0.12919034379608182	nan
2945.909849749582	nan	nan	-0.1282589599640148	nan
2948.914858096828	nan	nan	-0.1327880362460962	nan
2951.9198664440737	nan	nan	-0.13520055874144826	nan
2954.924874791319	nan	nan	-0.13005135981817667	nan
2957.929883138564	nan	nan	-0.13167805536587845	nan
2960.9348914858097	nan	nan	-0.13044725041412583	nan
2963.9398998330557	nan	nan	-0.1328103457664948	nan
2966.944908180301	nan	nan	-0.13236881765253353	nan
2969.949916527546	nan	nan	-0.12837927089636442	nan
2972.9549248747912	nan	nan	-0.12976614034575565	nan
2975.959933222037	nan	nan	-0.12989746503569663	nan
2978.964941569282	nan	nan	-0.1285124720086122	nan
2981.9699499165276	nan	nan	-0.1316541440175467	nan
2984.974958263773	nan	nan	-0.1314871056526318	nan
2987.979966611018	nan	nan	-0.13469914444373454	nan
2990.984974958263	nan	nan	-0.13142533472765233	nan
2993.989983305509	nan	nan	-0.1270386052956856	nan
2996.994991652755	nan	nan	-0.12825574429257985	nan
3000.0	nan	nan	-0.13019128878696443	nan
