1.900000000000000000e+02	-3.641646794757525914e-05
1.910434782608695627e+02	-1.134252538111891074e-03
1.920869565217391255e+02	3.344429131420281233e-03
1.931304347826086882e+02	2.188421904466907909e-03
1.941739130434782510e+02	8.551628408795648945e-04
1.952173913043478137e+02	2.385333597548776850e-03
1.962608695652173765e+02	2.042108701017153992e-03
1.973043478260869676e+02	1.614930374971835364e-03
1.983478260869565304e+02	2.050971425125359786e-03
1.993913043478260931e+02	8.385655892321767146e-04
2.004347826086956559e+02	-1.307959154759353150e-03
2.014782608695652186e+02	1.097676722457786424e-03
2.025217391304347814e+02	4.850283622676586121e-04
2.035652173913043441e+02	1.827472216304516089e-03
2.046086956521739069e+02	1.389659536166398075e-03
2.056521739130434696e+02	8.657983734359772166e-04
2.066956521739130324e+02	1.093970370798902098e-03
2.077391304347826235e+02	-1.125227859109367758e-03
2.087826086956521863e+02	-1.602842535720862358e-03
2.098260869565217490e+02	-5.821916029980281609e-04
2.108695652173913118e+02	-2.104144496041459277e-03
2.119130434782608745e+02	-1.031272191659438471e-04
2.129565217391304373e+02	-1.643481259708821555e-05
2.140000000000000000e+02	-1.603165060580647632e-03
2.150000000000000000e+02	1.392559603552956122e-03
2.155263157894736707e+02	3.741647112318278448e-04
2.160526315789473699e+02	-1.186590414059755273e-02
2.165789473684210407e+02	8.994555760331854333e-02
2.171052631578947398e+02	1.943797000397546812e-02
2.176315789473684106e+02	2.091657679899665626e-02
2.181578947368421098e+02	2.670386459916810479e-02
2.186842105263157805e+02	1.920270935891168346e-02
2.192105263157894797e+02	2.443214641571920392e-02
2.197368421052631504e+02	2.386943614235271377e-02
2.202631578947368496e+02	1.174345574700201220e-02
2.207894736842105203e+02	9.050819956597181554e-03
2.213157894736842195e+02	2.337345493094431653e-02
2.218421052631578902e+02	6.424433983464585170e-03
2.223684210526315894e+02	-1.958647425352166675e-03
2.228947368421052602e+02	1.467874477548541425e-02
2.234210526315789593e+02	9.848299255540506753e-03
2.239473684210526301e+02	1.826828164360828292e-03
2.244736842105263008e+02	-5.203656942088361395e-03
2.250000000000000000e+02	1.956961058626189437e-02
2.270000000000000000e+02	-4.164897110163544303e-02
2.290026431718061701e+02	-1.520538079253395680e-01
2.310052863436123403e+02	-1.106906775651393532e-01
2.330079295154185104e+02	-1.454277926282925848e-01
2.350105726872246805e+02	-1.928870988159719357e-01
2.370132158590308222e+02	-2.398321944520362126e-01
2.390158590308369924e+02	-2.662436266991895506e-01
2.410185022026431625e+02	-2.959923616791654277e-01
2.430211453744493326e+02	-3.344951192145447783e-01
2.450237885462555028e+02	-3.650709825160760036e-01
2.470264317180616729e+02	-4.097236031490767982e-01
2.490290748898678430e+02	-4.412218320845365804e-01
2.510317180616740131e+02	-4.998148695213232573e-01
2.530343612334801833e+02	-5.153510452660136076e-01
2.550370044052863534e+02	-5.536760500090711634e-01
2.570396475770925235e+02	-5.745407949780860779e-01
2.590422907488986652e+02	-6.205669607680628364e-01
2.610449339207048638e+02	-6.551901596218299151e-01
2.630475770925110055e+02	-6.982010925385371269e-01
2.650502202643172041e+02	-7.177995354466590872e-01
2.670528634361233458e+02	-7.428034289632720055e-01
2.690555066079294875e+02	-7.659235849974106447e-01
2.710581497797356860e+02	-8.063306980537856550e-01
2.730607929515418277e+02	-8.369286692892968782e-01
2.750634361233480263e+02	-8.510273388592072275e-01
2.770660792951541680e+02	-8.860613506405454753e-01
2.790687224669603665e+02	-9.052774133566302561e-01
2.810713656387665083e+02	-9.409212582634591815e-01
2.830740088105727068e+02	-9.661899599050196574e-01
2.850766519823788485e+02	-9.980360249436156517e-01
2.870792951541850471e+02	-1.012926508534907288e+00
2.890819383259911888e+02	-1.032709698105966911e+00
2.910845814977973305e+02	-1.067549009563520723e+00
2.930872246696035290e+02	-1.087608116642577283e+00
2.950898678414097276e+02	-1.110813063240052134e+00
2.970925110132158693e+02	-1.132238338120111765e+00
2.990951541850220110e+02	-1.148930098121810683e+00
3.010977973568282096e+02	-1.166068283433564279e+00
3.031004405286343513e+02	-1.194704898375566149e+00
3.051030837004405498e+02	-1.205880382478011104e+00
3.071057268722466915e+02	-1.224036838013702333e+00
3.091083700440528901e+02	-1.222645847118636109e+00
3.111110132158590318e+02	-1.247930427782423468e+00
3.131136563876651735e+02	-1.273402061690035669e+00
3.151162995594713720e+02	-1.292238928329850767e+00
3.171189427312775706e+02	-1.289949387057510055e+00
3.191215859030837123e+02	-1.316732356932267312e+00
3.211242290748898540e+02	-1.328484229993129428e+00
3.231268722466960526e+02	-1.336164002666642592e+00
3.251295154185021943e+02	-1.357438809869211171e+00
3.271321585903083928e+02	-1.366651728710623903e+00
3.291348017621145345e+02	-1.376633249765691236e+00
3.311374449339207331e+02	-1.392212304513269050e+00
3.331400881057268748e+02	-1.399405149018685623e+00
3.351427312775330165e+02	-1.412190327739183404e+00
3.371453744493392151e+02	-1.410122086116912588e+00
3.391480176211454136e+02	-1.426832965176215939e+00
3.411506607929515553e+02	-1.441573500148126019e+00
3.431533039647576970e+02	-1.443516640198659662e+00
3.451559471365638956e+02	-1.452107970580789331e+00
3.471585903083700373e+02	-1.456257290325090548e+00
3.491612334801762358e+02	-1.462114367554545158e+00
3.511638766519823776e+02	-1.476002951738565994e+00
3.531665198237885761e+02	-1.471852762484718635e+00
3.551691629955947178e+02	-1.485120719722369476e+00
3.571718061674008595e+02	-1.487533548307898856e+00
3.591744493392070581e+02	-1.503880951960618662e+00
3.611770925110132566e+02	-1.491823727619643325e+00
3.631797356828193983e+02	-1.505799051371909503e+00
3.651823788546255400e+02	-1.512738248235192318e+00
3.671850220264317386e+02	-1.507705350071129713e+00
3.691876651982378803e+02	-1.509877832211566240e+00
3.711903083700440220e+02	-1.506994323865872953e+00
3.731929515418502206e+02	-1.520669409089628221e+00
3.751955947136564191e+02	-1.521552542339112524e+00
3.771982378854625608e+02	-1.523224304299242160e+00
3.792008810572687025e+02	-1.513935397310745445e+00
3.812035242290749011e+02	-1.519279393479100460e+00
3.832061674008810996e+02	-1.510570268499380031e+00
3.852088105726872413e+02	-1.520035399825713451e+00
3.872114537444933831e+02	-1.519767806976950464e+00
3.892140969162995816e+02	-1.515649406714061787e+00
3.912167400881057233e+02	-1.517344415814148251e+00
3.932193832599118650e+02	-1.514019526175836905e+00
3.952220264317180636e+02	-1.516985473860345213e+00
3.972246696035242621e+02	-1.522854348005747926e+00
3.992273127753304038e+02	-1.523179628326003066e+00
4.012299559471365455e+02	-1.523656995170409534e+00
4.032325991189427441e+02	-1.523736431493612375e+00
4.052352422907489427e+02	-1.524151790613901714e+00
4.072378854625550844e+02	-1.524394459878844588e+00
4.092405286343612261e+02	-1.514180167001251132e+00
4.112431718061674246e+02	-1.513584625433963549e+00
4.132458149779735663e+02	-1.520047339878518589e+00
4.152484581497797080e+02	-1.503315751250442478e+00
4.172511013215859066e+02	-1.506886159782220513e+00
4.192537444933921051e+02	-1.504477414977906324e+00
4.212563876651982469e+02	-1.498596832766972087e+00
4.232590308370043886e+02	-1.503710083694423050e+00
4.252616740088105871e+02	-1.500342082801571220e+00
4.272643171806167857e+02	-1.494506290401681259e+00
4.292669603524229274e+02	-1.499730016075812689e+00
4.312696035242290691e+02	-1.497480010331665223e+00
4.332722466960352676e+02	-1.489243817763290512e+00
4.352748898678414093e+02	-1.481954720854591567e+00
4.372775330396475510e+02	-1.478302843010551815e+00
4.392801762114537496e+02	-1.481737062042214337e+00
4.412828193832599482e+02	-1.476941313863837646e+00
4.432854625550660899e+02	-1.480862473472717600e+00
4.452881057268722316e+02	-1.485043633446921918e+00
4.472907488986784301e+02	-1.475260673112388954e+00
4.492933920704846287e+02	-1.469017362587579090e+00
4.512960352422907704e+02	-1.463045842399989471e+00
4.532986784140969121e+02	-1.460265872981854063e+00
4.553013215859031106e+02	-1.457352554624561147e+00
4.573039647577092524e+02	-1.465385388376367448e+00
4.593066079295153941e+02	-1.450637093787333409e+00
4.613092511013215926e+02	-1.460209469978356989e+00
4.633118942731277912e+02	-1.465883264221315319e+00
4.653145374449339329e+02	-1.454298239158889228e+00
4.673171806167400746e+02	-1.452783296971492222e+00
4.693198237885462731e+02	-1.454008535578903416e+00
4.713224669603524717e+02	-1.451452204863613149e+00
4.733251101321585566e+02	-1.446134963953268571e+00
4.753277533039647551e+02	-1.438322724565565647e+00
4.773303964757709537e+02	-1.449674933969337776e+00
4.793330396475770954e+02	-1.438764366094732683e+00
4.813356828193832371e+02	-1.435864003379363707e+00
4.833383259911894356e+02	-1.438187023906772000e+00
4.853409691629955773e+02	-1.434663203494913386e+00
4.873436123348017759e+02	-1.430518300704782586e+00
4.893462555066079176e+02	-1.423693983538213192e+00
4.913488986784141161e+02	-1.425398294841302427e+00
4.933515418502202579e+02	-1.437288392989949148e+00
4.953541850220264564e+02	-1.426078087474994316e+00
4.973568281938325981e+02	-1.425243684777182995e+00
4.993594713656387967e+02	-1.422009336968499849e+00
5.013621145374449384e+02	-1.429539148802321247e+00
5.033647577092511369e+02	-1.422593674651393858e+00
5.053674008810572786e+02	-1.423869829415816302e+00
5.073700440528634203e+02	-1.424649164962815018e+00
5.093726872246696189e+02	-1.417976679268942330e+00
5.113753303964757606e+02	-1.423697490766552054e+00
5.133779735682819592e+02	-1.419054198784840626e+00
5.153806167400880440e+02	-1.421656362113412175e+00
5.173832599118943563e+02	-1.417844083744316253e+00
5.193859030837004411e+02	-1.410145736185009380e+00
5.213885462555066397e+02	-1.409331344338136116e+00
5.233911894273128382e+02	-1.416335825611759969e+00
5.253938325991189231e+02	-1.416531939383448790e+00
5.273964757709251217e+02	-1.421249536685148751e+00
5.293991189427313202e+02	-1.423866314231450492e+00
5.314017621145374051e+02	-1.424227106043363777e+00
5.334044052863436036e+02	-1.411046949282164009e+00
5.354070484581498022e+02	-1.409817590744431026e+00
5.374096916299558870e+02	-1.410384244070063797e+00
5.394123348017621993e+02	-1.418687706590846975e+00
5.414149779735682841e+02	-1.408198210356262026e+00
5.434176211453744827e+02	-1.418363483723829477e+00
5.454202643171806812e+02	-1.410701613925496201e+00
5.474229074889867661e+02	-1.401279663681981535e+00
5.494255506607929647e+02	-1.399484923203995645e+00
5.514281938325991632e+02	-1.414522211222656534e+00
5.534308370044052481e+02	-1.401240050584389163e+00
5.554334801762114466e+02	-1.407697598033990305e+00
5.574361233480176452e+02	-1.408720337085247909e+00
5.594387665198237301e+02	-1.412401766319226315e+00
5.614414096916300423e+02	-1.409257822781382341e+00
5.634440528634361272e+02	-1.409958957273497848e+00
5.654466960352423257e+02	-1.407263133788974496e+00
5.674493392070485243e+02	-1.411879419927025037e+00
5.694519823788546091e+02	-1.404726565006458872e+00
5.714546255506608077e+02	-1.411927167065250455e+00
5.734572687224670062e+02	-1.404744766075070261e+00
5.754599118942730911e+02	-1.410577847754886260e+00
5.774625550660792896e+02	-1.404077554346060186e+00
5.794651982378854882e+02	-1.403529727132262206e+00
5.814678414096915731e+02	-1.403841196301867766e+00
5.834704845814978853e+02	-1.404072416470630857e+00
5.854731277533039702e+02	-1.395520788942138157e+00
5.874757709251101687e+02	-1.395948663120839317e+00
5.894784140969163673e+02	-1.397128440113575731e+00
5.914810572687224521e+02	-1.386095243011269407e+00
5.934837004405286507e+02	-1.391772175115778776e+00
5.954863436123348492e+02	-1.404410635942677121e+00
5.974889867841409341e+02	-1.403144722328862226e+00
5.994916299559471327e+02	-1.403047479514232254e+00
6.014942731277533312e+02	-1.403511876091581012e+00
6.034969162995594161e+02	-1.398389825385500718e+00
6.054995594713657283e+02	-1.396850543105277342e+00
6.075022026431718132e+02	-1.396618879099139843e+00
6.095048458149780117e+02	-1.381384804735973804e+00
6.115074889867842103e+02	-1.389628698199270262e+00
6.135101321585902951e+02	-1.382060908935657917e+00
6.155127753303964937e+02	-1.380574324448427870e+00
6.175154185022026923e+02	-1.382318163092529861e+00
6.195180616740087771e+02	-1.371418996759209197e+00
6.215207048458149757e+02	-1.377154837502637452e+00
6.235233480176211742e+02	-1.360349730431596793e+00
6.255259911894272591e+02	-1.362464787837791791e+00
6.275286343612335713e+02	-1.362670902420132446e+00
6.295312775330396562e+02	-1.357789273387105755e+00
6.315339207048458547e+02	-1.359885293079834856e+00
6.335365638766520533e+02	-1.361226871000350558e+00
6.355392070484581382e+02	-1.362911067008662602e+00
6.375418502202643367e+02	-1.354167078684847869e+00
6.395444933920705353e+02	-1.344721909810879357e+00
6.415471365638766201e+02	-1.350486885869719433e+00
6.435497797356828187e+02	-1.347424968839043391e+00
6.455524229074890172e+02	-1.343871199486919910e+00
6.475550660792951021e+02	-1.347092922249672586e+00
6.495577092511014143e+02	-1.346164308645342533e+00
6.515603524229074992e+02	-1.346231291023542997e+00
6.535629955947136978e+02	-1.353282539154519792e+00
6.555656387665198963e+02	-1.351109323886432900e+00
6.575682819383259812e+02	-1.341626263786149575e+00
6.595709251101321797e+02	-1.342499221754970495e+00
6.615735682819383783e+02	-1.349375659563153862e+00
6.635762114537444631e+02	-1.349341400875544439e+00
6.655788546255506617e+02	-1.350492516566976109e+00
6.675814977973568602e+02	-1.342744693076365126e+00
6.695841409691629451e+02	-1.333585590810074439e+00
6.715867841409692574e+02	-1.337335290430696322e+00
6.735894273127753422e+02	-1.329964272114296353e+00
6.755920704845815408e+02	-1.331723288911987213e+00
6.775947136563877393e+02	-1.326351690170074260e+00
6.795973568281938242e+02	-1.327127137608896223e+00
6.816000000000000227e+02	-1.324922683293720427e+00
6.836026431718062213e+02	-1.326800715119740293e+00
6.856052863436123062e+02	-1.322706346755788243e+00
6.876079295154185047e+02	-1.324974077571166031e+00
6.896105726872247033e+02	-1.321229015290208419e+00
6.916132158590307881e+02	-1.312507387763218514e+00
6.936158590308371004e+02	-1.318102901470900701e+00
6.956185022026431852e+02	-1.320394429295344008e+00
6.976211453744492701e+02	-1.321883900452987870e+00
6.996237885462555823e+02	-1.317349420270855109e+00
7.016264317180616672e+02	-1.313086504411711264e+00
7.036290748898678657e+02	-1.302253682973602000e+00
7.056317180616740643e+02	-1.309922017451489840e+00
7.076343612334801492e+02	-1.308977105764286275e+00
7.096370044052863477e+02	-1.304491950511267984e+00
7.116396475770925463e+02	-1.294420622467898685e+00
7.136422907488986311e+02	-1.292677326140336813e+00
7.156449339207049434e+02	-1.296855359340972402e+00
7.176475770925110282e+02	-1.296502441508001535e+00
7.196502202643171131e+02	-1.295733423707823295e+00
7.216528634361234253e+02	-1.294810570212610035e+00
7.236555066079295102e+02	-1.286513184577019242e+00
7.256581497797357088e+02	-1.279605205040905691e+00
7.276607929515419073e+02	-1.282785527625575295e+00
7.296634361233479922e+02	-1.284774949527434318e+00
7.316660792951541907e+02	-1.285440993134472354e+00
7.336687224669603893e+02	-1.283034326737654940e+00
7.356713656387664741e+02	-1.293412730358696638e+00
7.376740088105727864e+02	-1.290826966423165079e+00
7.396766519823788713e+02	-1.291598373201796601e+00
7.416792951541850698e+02	-1.271438361535331740e+00
7.436819383259911547e+02	-1.284021675974563959e+00
7.456845814977973532e+02	-1.289002629679230072e+00
7.476872246696035518e+02	-1.280952463002198893e+00
7.496898678414097503e+02	-1.275120382311133671e+00
7.516925110132158352e+02	-1.278012146582673925e+00
7.536951541850220337e+02	-1.275253178870070503e+00
7.556977973568282323e+02	-1.264856565011102330e+00
7.577004405286344308e+02	-1.272275770601318801e+00
7.597030837004405157e+02	-1.259785930974577806e+00
7.617057268722467143e+02	-1.259802746969433729e+00
7.637083700440529128e+02	-1.261621435777781075e+00
7.657110132158589977e+02	-1.255968649080817290e+00
7.677136563876651962e+02	-1.251732279998610142e+00
7.697162995594713948e+02	-1.239903521295429467e+00
7.717189427312775933e+02	-1.255356452970768588e+00
7.737215859030836782e+02	-1.249956330683246408e+00
7.757242290748898768e+02	-1.265910981941245961e+00
7.777268722466960753e+02	-1.250603758426235945e+00
7.797295154185022739e+02	-1.250135377993589092e+00
7.817321585903083587e+02	-1.246627807405612076e+00
7.837348017621145573e+02	-1.251430519458609059e+00
7.857374449339207558e+02	-1.236969710508576181e+00
7.877400881057268407e+02	-1.237710682054873335e+00
7.897427312775330392e+02	-1.231407276638929904e+00
7.917453744493392378e+02	-1.238446632081389165e+00
7.937480176211454364e+02	-1.233835766280851676e+00
7.957506607929515212e+02	-1.232769100182639743e+00
7.977533039647577198e+02	-1.227333287957984798e+00
7.997559471365639183e+02	-1.231300599932839246e+00
8.017585903083701169e+02	-1.240172423901971133e+00
8.037612334801762017e+02	-1.226509607505736010e+00
8.057638766519824003e+02	-1.220689285082795950e+00
8.077665198237885988e+02	-1.208522209157620875e+00
8.097691629955946837e+02	-1.218304994621728365e+00
8.117718061674008823e+02	-1.219458413978896205e+00
8.137744493392070808e+02	-1.214606792615289255e+00
8.157770925110132794e+02	-1.205864574424794666e+00
8.177797356828193642e+02	-1.198941785905238699e+00
8.197823788546255628e+02	-1.205786817823404800e+00
8.217850220264317613e+02	-1.209647675970681124e+00
8.237876651982379599e+02	-1.212609104643556979e+00
8.257903083700440448e+02	-1.211534314078881680e+00
8.277929515418502433e+02	-1.210484126075137556e+00
8.297955947136564419e+02	-1.212444525335625745e+00
8.317982378854625267e+02	-1.215967159534362185e+00
8.338008810572687253e+02	-1.196757981385357272e+00
8.358035242290749238e+02	-1.200155462405083195e+00
8.378061674008811224e+02	-1.192641881374426394e+00
8.398088105726872072e+02	-1.190950928614180615e+00
8.418114537444934058e+02	-1.191419810283884662e+00
8.438140969162996043e+02	-1.199454623108583196e+00
8.458167400881058029e+02	-1.187301665770082781e+00
8.478193832599118878e+02	-1.182739212430692577e+00
8.498220264317180863e+02	-1.166846560162657864e+00
8.518246696035242849e+02	-1.163333355096817012e+00
8.538273127753303697e+02	-1.168080917146208986e+00
8.558299559471365683e+02	-1.166736833667544548e+00
8.578325991189427668e+02	-1.170990717632073963e+00
8.598352422907489654e+02	-1.157581892932503909e+00
8.618378854625550503e+02	-1.161813903833840644e+00
8.638405286343612488e+02	-1.166924935142532593e+00
8.658431718061674474e+02	-1.167486230829836824e+00
8.678458149779735322e+02	-1.171116076612901846e+00
8.698484581497797308e+02	-1.165495870339028572e+00
8.718511013215859293e+02	-1.162802506603381136e+00
8.738537444933921279e+02	-1.164691483514042947e+00
8.758563876651982127e+02	-1.166177168423985666e+00
8.778590308370044113e+02	-1.178395598242571340e+00
8.798616740088106098e+02	-1.174545050104470745e+00
8.818643171806168084e+02	-1.166995041757914020e+00
8.838669603524228933e+02	-1.153588412383184103e+00
8.858696035242290918e+02	-1.149440443995416228e+00
8.878722466960352904e+02	-1.149811878218489181e+00
8.898748898678413752e+02	-1.144287932104182115e+00
8.918775330396475738e+02	-1.148833911460896973e+00
8.938801762114537723e+02	-1.156159330215399850e+00
8.958828193832599709e+02	-1.155903950571451677e+00
8.978854625550660558e+02	-1.135658349358049879e+00
8.998881057268722543e+02	-1.144192744002788142e+00
9.018907488986784529e+02	-1.146981565275668746e+00
9.038933920704846514e+02	-1.151389143695285444e+00
9.058960352422907363e+02	-1.147527328398015189e+00
9.078986784140969348e+02	-1.134954631253314528e+00
9.099013215859031334e+02	-1.118643026686072073e+00
9.119039647577092182e+02	-1.121481231536404000e+00
9.139066079295154168e+02	-1.132272031405654911e+00
9.159092511013216154e+02	-1.134507616643089190e+00
9.179118942731278139e+02	-1.135814908152371405e+00
9.199145374449338988e+02	-1.128988442304597273e+00
9.219171806167400973e+02	-1.125816888568135443e+00
9.239198237885462959e+02	-1.120432400357961544e+00
9.259224669603524944e+02	-1.118855795317724944e+00
9.279251101321585793e+02	-1.113949897888019125e+00
9.299277533039647778e+02	-1.115231308025685930e+00
9.319303964757709764e+02	-1.104072217987495552e+00
9.339330396475770613e+02	-1.092459706332745473e+00
9.359356828193832598e+02	-1.105315557211553834e+00
9.379383259911894584e+02	-1.105761924612351566e+00
9.399409691629956569e+02	-1.101055176240707478e+00
9.419436123348017418e+02	-1.111677816364210702e+00
9.439462555066079403e+02	-1.115264621994962679e+00
9.459488986784141389e+02	-1.106234394526017129e+00
9.479515418502203374e+02	-1.100893438384047851e+00
9.499541850220264223e+02	-1.092857888373246045e+00
9.519568281938326209e+02	-1.091515453376151523e+00
9.539594713656388194e+02	-1.095090042851957879e+00
9.559621145374449043e+02	-1.097314897378598442e+00
9.579647577092511028e+02	-1.089250251184465501e+00
9.599674008810573014e+02	-1.072265905535417563e+00
9.619700440528634999e+02	-1.090223959835707079e+00
9.639726872246695848e+02	-1.089646861244399023e+00
9.659753303964757833e+02	-1.082897089702044680e+00
9.679779735682819819e+02	-1.085249384546879359e+00
9.699806167400881804e+02	-1.072007327134610666e+00
9.719832599118942653e+02	-1.076138443596456495e+00
9.739859030837004639e+02	-1.070214276972761613e+00
9.759885462555066624e+02	-1.063363709507001875e+00
9.779911894273127473e+02	-1.064527743297758233e+00
9.799938325991189458e+02	-1.068247869167333830e+00
9.819964757709251444e+02	-1.076210421934442163e+00
9.839991189427313429e+02	-1.067636411856848877e+00
9.860017621145374278e+02	-1.060470569987765455e+00
9.880044052863436264e+02	-1.050997074879314486e+00
9.900070484581498249e+02	-1.059472290850779874e+00
9.920096916299560235e+02	-1.061842490976522502e+00
9.940123348017621083e+02	-1.057442671473641571e+00
9.960149779735683069e+02	-1.055475135618416882e+00
9.980176211453745054e+02	-1.047531954514244301e+00
1.000020264317180590e+03	-1.049898752014212011e+00
1.002022907488986789e+03	-1.061380549583925248e+00
1.004025550660792987e+03	-1.060808791718529154e+00
1.006028193832599186e+03	-1.042747117131413770e+00
1.008030837004405271e+03	-1.034958451712077565e+00
1.010033480176211469e+03	-1.034047169551306711e+00
1.012036123348017668e+03	-1.038888975020398231e+00
1.014038766519823866e+03	-1.026805458828085715e+00
1.016041409691629951e+03	-1.022572036591346656e+00
1.018044052863436150e+03	-1.015030110173798850e+00
1.020046696035242348e+03	-1.020263538604641029e+00
1.022049339207048433e+03	-1.021685837228006877e+00
1.024051982378854518e+03	-1.018711888783650377e+00
1.026054625550660830e+03	-1.016836590143685992e+00
1.028057268722467143e+03	-1.023987799337964244e+00
1.030059911894273228e+03	-1.003474317648162195e+00
1.032062555066079312e+03	-9.976638202708908443e-01
1.034065198237885397e+03	-1.000864365471847872e+00
1.036067841409691709e+03	-1.004334177735714650e+00
1.038070484581497794e+03	-1.010540425721810021e+00
1.040073127753304107e+03	-9.908800055151243402e-01
1.042075770925110191e+03	-9.816109635938714550e-01
1.044078414096916276e+03	-9.910525561479112122e-01
1.046081057268722361e+03	-9.944109081340851697e-01
1.048083700440528673e+03	-9.771128781735793911e-01
1.050086343612334986e+03	-9.811681966093047658e-01
1.052088986784141071e+03	-9.793928902314800178e-01
1.054091629955947155e+03	-9.728766276753958442e-01
1.056094273127753240e+03	-9.636543047858093791e-01
1.058096916299559552e+03	-9.569944522267663789e-01
1.060099559471365637e+03	-9.677059159025617197e-01
1.062102202643171950e+03	-9.655417865793124443e-01
1.064104845814978034e+03	-9.578789952463807600e-01
1.066107488986784119e+03	-9.484576660740057230e-01
1.068110132158590204e+03	-9.606062545274236530e-01
1.070112775330396516e+03	-9.367661109289784349e-01
1.072115418502202829e+03	-9.359618729844338958e-01
1.074118061674008914e+03	-9.313754006960920373e-01
1.076120704845814998e+03	-9.430988959890125312e-01
1.078123348017621083e+03	-9.513467462109158612e-01
1.080125991189427396e+03	-9.403632015332036298e-01
1.082128634361233480e+03	-9.448902220918835582e-01
1.084131277533039793e+03	-9.291806208491010244e-01
1.086133920704845877e+03	-9.272371250749575911e-01
1.088136563876651962e+03	-9.251514759896576345e-01
1.090139207048458047e+03	-9.273036555408318282e-01
1.092141850220264359e+03	-9.435884482903867942e-01
1.094144493392070672e+03	-9.289941337210910755e-01
1.096147136563876757e+03	-9.247860487583443589e-01
1.098149779735682841e+03	-9.236447254664842399e-01
1.100152422907488926e+03	-9.255440660005124220e-01
1.102155066079295239e+03	-9.165178743698987329e-01
1.104157709251101323e+03	-9.268964729698101479e-01
1.106160352422907636e+03	-9.161280920652746795e-01
1.108162995594713720e+03	-9.086166164600684159e-01
1.110165638766519805e+03	-9.065084004622594449e-01
1.112168281938325890e+03	-9.051920906679754575e-01
1.114170925110132202e+03	-8.941479941133039233e-01
1.116173568281938515e+03	-8.956307568875118141e-01
1.118176211453744600e+03	-8.999276932382507255e-01
1.120178854625550684e+03	-8.986986966761859597e-01
1.122181497797356769e+03	-8.919091391189383211e-01
1.124184140969163082e+03	-8.885289526277377892e-01
1.126186784140969166e+03	-8.890065788871439612e-01
1.128189427312775479e+03	-8.915622121174153758e-01
1.130192070484581564e+03	-8.881718322574420066e-01
1.132194713656387648e+03	-8.800762579236665051e-01
1.134197356828193733e+03	-8.710111724352375129e-01
1.136200000000000045e+03	-8.691561510154162118e-01
1.138202643171806358e+03	-8.618627097064763820e-01
1.140205286343612443e+03	-8.696980818829367355e-01
1.142207929515418527e+03	-8.769549268830745259e-01
1.144210572687224612e+03	-8.677534405509822468e-01
1.146213215859030697e+03	-8.591378534142654066e-01
1.148215859030837009e+03	-8.635010127343830666e-01
1.150218502202643322e+03	-8.633793330146506406e-01
1.152221145374449407e+03	-8.598940951138033251e-01
1.154223788546255491e+03	-8.542318255974006291e-01
1.156226431718061576e+03	-8.531982496462642285e-01
1.158229074889867888e+03	-8.526982427944458376e-01
1.160231718061674201e+03	-8.429686874247259709e-01
1.162234361233480286e+03	-8.430797363112922937e-01
1.164237004405286370e+03	-8.341926179460935620e-01
1.166239647577092455e+03	-8.299438626041165668e-01
1.168242290748898540e+03	-8.290519236085416299e-01
1.170244933920704852e+03	-8.276339431466344099e-01
1.172247577092511165e+03	-8.257730954932499534e-01
1.174250220264317250e+03	-8.121209790878995971e-01
1.176252863436123334e+03	-8.097386948309143184e-01
1.178255506607929419e+03	-7.967944090791394540e-01
1.180258149779735731e+03	-8.131673920517108467e-01
1.182260792951542044e+03	-8.056404557841055913e-01
1.184263436123348129e+03	-8.089739252747470966e-01
1.186266079295154213e+03	-7.948770214295841630e-01
1.188268722466960298e+03	-7.956792054822259264e-01
1.190271365638766383e+03	-8.017061338807088822e-01
1.192274008810572695e+03	-7.937405639465870966e-01
1.194276651982379008e+03	-7.947956698074791770e-01
1.196279295154185093e+03	-7.957150968077344455e-01
1.198281938325991177e+03	-7.968271090635441478e-01
1.200284581497797262e+03	-8.036085008512234840e-01
1.202287224669603575e+03	-8.026301822499487537e-01
1.204289867841409887e+03	-7.872684958668931809e-01
1.206292511013215972e+03	-7.882975332258455037e-01
1.208295154185022056e+03	-7.819886289591126971e-01
1.210297797356828141e+03	-7.689897557478916346e-01
1.212300440528634226e+03	-7.785375678391834864e-01
1.214303083700440538e+03	-7.840902417163742033e-01
1.216305726872246851e+03	-7.769026750032020923e-01
1.218308370044052936e+03	-7.672238834717497458e-01
1.220311013215859020e+03	-7.759884896892434991e-01
1.222313656387665105e+03	-7.816325275394030436e-01
1.224316299559471418e+03	-7.711317871744090002e-01
1.226318942731277730e+03	-7.588451992442240002e-01
1.228321585903083815e+03	-7.579479609781263338e-01
1.230324229074889899e+03	-7.556169209323748692e-01
1.232326872246695984e+03	-7.455778230103706772e-01
1.234329515418502069e+03	-7.468625958224383021e-01
1.236332158590308381e+03	-7.611088436293093062e-01
1.238334801762114694e+03	-7.451823524630956097e-01
1.240337444933920779e+03	-7.519174573846447718e-01
1.242340088105726863e+03	-7.532800547938587332e-01
1.244342731277532948e+03	-7.501866774542836902e-01
1.246345374449339261e+03	-7.436655336109161407e-01
1.248348017621145573e+03	-7.441002987470650698e-01
1.250350660792951658e+03	-7.381921739423799034e-01
1.252353303964757743e+03	-7.343706249085879545e-01
1.254355947136563827e+03	-7.142253530857619603e-01
1.256358590308370140e+03	-7.193713299876909328e-01
1.258361233480176224e+03	-7.269664403997231350e-01
1.260363876651982309e+03	-7.350730571976746841e-01
1.262366519823788622e+03	-7.186584977597776369e-01
1.264369162995594706e+03	-7.261453567118639763e-01
1.266371806167401019e+03	-7.208109555608086527e-01
1.268374449339207104e+03	-7.121737516110864252e-01
1.270377092511013188e+03	-7.189726744645550394e-01
1.272379735682819501e+03	-7.215118805931870494e-01
1.274382378854625586e+03	-7.222349119230313530e-01
1.276385022026431670e+03	-7.163570522658165851e-01
1.278387665198237983e+03	-7.235161279409634272e-01
1.280390308370044067e+03	-7.126043435460159836e-01
1.282392951541850152e+03	-7.096685392214979737e-01
1.284395594713656465e+03	-6.857541066574015520e-01
1.286398237885462549e+03	-6.878638875055212987e-01
1.288400881057268862e+03	-6.802325185403346186e-01
1.290403524229074947e+03	-6.890751866563429306e-01
1.292406167400881031e+03	-6.901554703730001794e-01
1.294408810572687344e+03	-6.911119600873958380e-01
1.296411453744493429e+03	-6.831086772764699555e-01
1.298414096916299513e+03	-6.612671599589476923e-01
1.300416740088105826e+03	-6.409121676668310119e-01
1.302419383259911910e+03	-6.405339851403060170e-01
1.304422026431717995e+03	-6.376749097704881297e-01
1.306424669603524308e+03	-6.372554413385553840e-01
1.308427312775330392e+03	-6.470671941925700832e-01
1.310429955947136705e+03	-6.428798523378260743e-01
1.312432599118942790e+03	-6.443828226791523672e-01
1.314435242290748874e+03	-6.440861567596234405e-01
1.316437885462555187e+03	-6.322322729651241868e-01
1.318440528634361272e+03	-6.402859666606104394e-01
1.320443171806167356e+03	-6.275856752892068346e-01
1.322445814977973669e+03	-6.142609929617004472e-01
1.324448458149779754e+03	-6.234112484510877517e-01
1.326451101321585838e+03	-6.213269236481442359e-01
1.328453744493392151e+03	-6.179434743234593075e-01
1.330456387665198235e+03	-6.126080030437555113e-01
1.332459030837004548e+03	-6.201650692188339642e-01
1.334461674008810633e+03	-6.204688025484685898e-01
1.336464317180616717e+03	-6.269164558443585111e-01
1.338466960352423030e+03	-6.114297751181119178e-01
1.340469603524229115e+03	-5.987251382933920230e-01
1.342472246696035199e+03	-6.266130653920567450e-01
1.344474889867841512e+03	-6.196486350874174098e-01
1.346477533039647597e+03	-6.047831263239592525e-01
1.348480176211453681e+03	-6.043279143059427927e-01
1.350482819383259994e+03	-5.913286952610186109e-01
1.352485462555066078e+03	-5.925341609870061754e-01
1.354488105726872391e+03	-5.985791205568042894e-01
1.356490748898678476e+03	-5.878722751338181229e-01
1.358493392070484560e+03	-5.808369845452802105e-01
1.360496035242290873e+03	-5.762606871594606606e-01
1.362498678414096958e+03	-5.722027553697144331e-01
1.364501321585903042e+03	-5.741916554173368548e-01
1.366503964757709355e+03	-5.686130115512348926e-01
1.368506607929515440e+03	-5.730859175513514092e-01
1.370509251101321524e+03	-5.762266812230587565e-01
1.372511894273127837e+03	-5.745342378344828749e-01
1.374514537444933922e+03	-5.618430864484607046e-01
1.376517180616740234e+03	-5.575708270793724441e-01
1.378519823788546319e+03	-5.447843190295987847e-01
1.380522466960352403e+03	-5.344456660820331440e-01
1.382525110132158716e+03	-5.514032188629316433e-01
1.384527753303964801e+03	-5.439927741197669864e-01
1.386530396475770885e+03	-5.358049909611375394e-01
1.388533039647577198e+03	-5.390927124128614967e-01
1.390535682819383283e+03	-5.276080472611603955e-01
1.392538325991189367e+03	-5.298453029134366776e-01
1.394540969162995680e+03	-5.256307416800615195e-01
1.396543612334801765e+03	-5.209980008419000663e-01
1.398546255506608077e+03	-5.125216337642981568e-01
1.400548898678414162e+03	-5.172940686643465735e-01
1.402551541850220246e+03	-5.333861350974176130e-01
1.404554185022026559e+03	-5.297178219533906773e-01
1.406556828193832644e+03	-5.186287850687858469e-01
1.408559471365638728e+03	-5.092246035989568265e-01
1.410562114537445041e+03	-5.096126333099786354e-01
1.412564757709251126e+03	-4.994346252447041112e-01
1.414567400881057210e+03	-4.905215494173454371e-01
1.416570044052863523e+03	-4.875975164032020359e-01
1.418572687224669608e+03	-5.005522233922492514e-01
1.420575330396475920e+03	-4.970421710801459225e-01
1.422577973568282005e+03	-4.994682669607602987e-01
1.424580616740088090e+03	-4.901897455680547244e-01
1.426583259911894402e+03	-4.871790288099135391e-01
1.428585903083700487e+03	-4.875615668994311980e-01
1.430588546255506571e+03	-4.849035902038918988e-01
1.432591189427312884e+03	-4.752703989719881394e-01
1.434593832599118969e+03	-4.746031385841966710e-01
1.436596475770925053e+03	-4.741745085885187838e-01
1.438599118942731366e+03	-4.720167124762627009e-01
1.440601762114537451e+03	-4.790678338683554971e-01
1.442604405286343763e+03	-4.724174491223079864e-01
1.444607048458149848e+03	-4.757986267362995791e-01
1.446609691629955933e+03	-4.757639814393167521e-01
1.448612334801762245e+03	-4.754850400071407579e-01
1.450614977973568330e+03	-4.485086695827603664e-01
1.452617621145374414e+03	-4.425779881627847634e-01
1.454620264317180727e+03	-4.417035022660801280e-01
1.456622907488986812e+03	-4.384754059618776734e-01
1.458625550660792896e+03	-4.415067503320224129e-01
1.460628193832599209e+03	-4.402616389584818601e-01
1.462630837004405294e+03	-4.379175445126078925e-01
1.464633480176211606e+03	-4.271327111508905761e-01
1.466636123348017691e+03	-4.253355254508465189e-01
1.468638766519823776e+03	-4.055531952053712530e-01
1.470641409691630088e+03	-4.126750372999026806e-01
1.472644052863436173e+03	-4.114070135144770046e-01
1.474646696035242257e+03	-4.105265483387740000e-01
1.476649339207048570e+03	-3.986319396112655289e-01
1.478651982378854655e+03	-4.004934035609542531e-01
1.480654625550660739e+03	-4.068737075024634331e-01
1.482657268722467052e+03	-4.017316246259660106e-01
1.484659911894273137e+03	-4.018935737547872367e-01
1.486662555066079449e+03	-4.086604116176627000e-01
1.488665198237885534e+03	-4.073102328455730503e-01
1.490667841409691619e+03	-3.975387947182754123e-01
1.492670484581497931e+03	-4.008379385397576877e-01
1.494673127753304016e+03	-3.941065490463336873e-01
1.496675770925110101e+03	-3.894702703818407885e-01
1.498678414096916413e+03	-3.941084904489920993e-01
1.500681057268722498e+03	-3.956597553372179776e-01
1.502683700440528582e+03	-3.942789546784718491e-01
1.504686343612334895e+03	-3.987084979925631378e-01
1.506688986784140980e+03	-3.883282621265123913e-01
1.508691629955947064e+03	-3.779881738247411471e-01
1.510694273127753377e+03	-3.816477612937931307e-01
1.512696916299559462e+03	-3.859287250970682703e-01
1.514699559471365774e+03	-3.895914165008212970e-01
1.516702202643171859e+03	-3.857466430609036712e-01
1.518704845814977944e+03	-3.754811542648620604e-01
1.520707488986784256e+03	-3.612152453922782280e-01
1.522710132158590341e+03	-3.511447366436456496e-01
1.524712775330396425e+03	-3.595326328444007347e-01
1.526715418502202738e+03	-3.526794225850945486e-01
1.528718061674008823e+03	-3.547639063341222476e-01
1.530720704845814907e+03	-3.547993420667371334e-01
1.532723348017621220e+03	-3.469572062419085112e-01
1.534725991189427305e+03	-3.383308299561290644e-01
1.536728634361233617e+03	-3.434266879244937121e-01
1.538731277533039702e+03	-3.295434773162776443e-01
1.540733920704845787e+03	-3.379329886189098575e-01
1.542736563876652099e+03	-3.336990844427002445e-01
1.544739207048458184e+03	-3.280735751551581147e-01
1.546741850220264269e+03	-3.121147498339303938e-01
1.548744493392070581e+03	-3.019270990618513339e-01
1.550747136563876666e+03	-3.088299433447995179e-01
1.552749779735682750e+03	-3.088191493898769791e-01
1.554752422907489063e+03	-2.997265808855725799e-01
1.556755066079295148e+03	-2.974268161732210869e-01
1.558757709251101460e+03	-3.005532194325676310e-01
1.560760352422907545e+03	-2.874402608992033814e-01
1.562762995594713630e+03	-2.819512480388720599e-01
1.564765638766519942e+03	-2.881713595977325459e-01
1.566768281938326027e+03	-2.955945105479483859e-01
1.568770925110132112e+03	-2.867273835902418577e-01
1.570773568281938424e+03	-2.779065010484828013e-01
1.572776211453744509e+03	-2.822954327903918204e-01
1.574778854625550593e+03	-2.842545561418236555e-01
1.576781497797356906e+03	-2.753737281418737193e-01
1.578784140969162991e+03	-2.627288709859482152e-01
1.580786784140969303e+03	-2.622530379084430097e-01
1.582789427312775388e+03	-2.657547398027164109e-01
1.584792070484581473e+03	-2.664890371731137853e-01
1.586794713656387785e+03	-2.623091133952167864e-01
1.588797356828193870e+03	-2.551590666518280814e-01
1.590799999999999955e+03	-2.566591026917884877e-01
1.592802643171806267e+03	-2.604893530831062232e-01
1.594805286343612352e+03	-2.505869074238066818e-01
1.596807929515418436e+03	-2.611667811367056613e-01
1.598810572687224749e+03	-2.618748271200447286e-01
1.600813215859030834e+03	-2.515921061533287206e-01
1.602815859030837146e+03	-2.530819936781598112e-01
1.604818502202643231e+03	-2.499578397118892847e-01
1.606821145374449316e+03	-2.376753922268297070e-01
1.608823788546255628e+03	-2.322020030420010595e-01
1.610826431718061713e+03	-2.289210486888300089e-01
1.612829074889867798e+03	-2.375284264892160713e-01
1.614831718061674110e+03	-2.415114492702274407e-01
1.616834361233480195e+03	-2.360320858067724570e-01
1.618837004405286280e+03	-2.387374447514113984e-01
1.620839647577092592e+03	-2.341156703140054307e-01
1.622842290748898677e+03	-2.269809374306956395e-01
1.624844933920704989e+03	-2.297995717019229445e-01
1.626847577092511074e+03	-2.282901843345315207e-01
1.628850220264317159e+03	-2.268750663259195000e-01
1.630852863436123471e+03	-2.237908881835974917e-01
1.632855506607929556e+03	-2.160017882344250073e-01
1.634858149779735641e+03	-2.150249630385065169e-01
1.636860792951541953e+03	-2.083088675813659363e-01
1.638863436123348038e+03	-2.012945127264941514e-01
1.640866079295154123e+03	-1.965650978109828029e-01
1.642868722466960435e+03	-1.993270058386200083e-01
1.644871365638766520e+03	-1.990524150698653183e-01
1.646874008810572832e+03	-1.932971897545234241e-01
1.648876651982378917e+03	-1.964308510728533241e-01
1.650879295154185002e+03	-1.895715101820693582e-01
1.652881938325991314e+03	-1.831261284141730283e-01
1.654884581497797399e+03	-1.844376360489595190e-01
1.656887224669603484e+03	-1.796585944746069141e-01
1.658889867841409796e+03	-1.744235301536221638e-01
1.660892511013215881e+03	-1.782105991630654196e-01
1.662895154185021966e+03	-1.705727933313833378e-01
1.664897797356828278e+03	-1.664929255898585370e-01
1.666900440528634363e+03	-1.775041615906746417e-01
1.668903083700440675e+03	-1.752817439743918349e-01
1.670905726872246760e+03	-1.749755837888711807e-01
1.672908370044052845e+03	-1.755593833122540137e-01
1.674911013215859157e+03	-1.696159537368635006e-01
1.676913656387665242e+03	-1.663090736317643370e-01
1.678916299559471327e+03	-1.716690277455200087e-01
1.680918942731277639e+03	-1.681399345805495993e-01
1.682921585903083724e+03	-1.683945335644062014e-01
1.684924229074889809e+03	-1.659685946210564533e-01
1.686926872246696121e+03	-1.686048154806666921e-01
1.688929515418502206e+03	-1.602270664485063167e-01
1.690932158590308518e+03	-1.619174057018400448e-01
1.692934801762114603e+03	-1.621720066118367831e-01
1.694937444933920688e+03	-1.551292828960445791e-01
1.696940088105727000e+03	-1.539425020321128490e-01
1.698942731277533085e+03	-1.535849421930581271e-01
1.700945374449339170e+03	-1.513918485924684032e-01
1.702948017621145482e+03	-1.456429151504009811e-01
1.704950660792951567e+03	-1.429021123738413723e-01
1.706953303964757652e+03	-1.376983013450172044e-01
1.708955947136563964e+03	-1.314245359643584909e-01
1.710958590308370049e+03	-1.343251870389880476e-01
1.712961233480176361e+03	-1.350928528872695211e-01
1.714963876651982446e+03	-1.317524517700713882e-01
1.716966519823788531e+03	-1.278093935696088257e-01
1.718969162995594843e+03	-1.272297765526651525e-01
1.720971806167400928e+03	-1.283690287151580400e-01
1.722974449339207013e+03	-1.215290274515021113e-01
1.724977092511013325e+03	-1.204139439356725488e-01
1.726979735682819410e+03	-1.238237883217463142e-01
1.728982378854625495e+03	-1.207052757255591552e-01
1.730985022026431807e+03	-1.192287651844088359e-01
1.732987665198237892e+03	-1.182770874439217079e-01
1.734990308370044204e+03	-1.188708826139647928e-01
1.736992951541850289e+03	-1.242648290921813253e-01
1.738995594713656374e+03	-1.175584018579411971e-01
1.740998237885462686e+03	-1.143046925703675026e-01
1.743000881057268771e+03	-1.142175193434052244e-01
1.745003524229074856e+03	-1.147624890871067060e-01
1.747006167400881168e+03	-1.072490845749375088e-01
1.749008810572687253e+03	-1.043510138435071316e-01
1.751011453744493338e+03	-1.037905738237459852e-01
1.753014096916299650e+03	-1.049178957618840807e-01
1.755016740088105735e+03	-9.777059672396029577e-02
1.757019383259912047e+03	-9.917910787355017910e-02
1.759022026431718132e+03	-9.910482268303524855e-02
1.761024669603524217e+03	-1.015012712868317013e-01
1.763027312775330529e+03	-9.786711588265098460e-02
1.765029955947136614e+03	-9.793173257263179665e-02
1.767032599118942699e+03	-1.006641540593991024e-01
1.769035242290749011e+03	-9.460792809177001605e-02
1.771037885462555096e+03	-9.787662226343599170e-02
1.773040528634361181e+03	-9.722771680594291532e-02
1.775043171806167493e+03	-9.020772031887050457e-02
1.777045814977973578e+03	-8.467342206054380427e-02
1.779048458149779890e+03	-8.659709428184499125e-02
1.781051101321585975e+03	-8.486888353493685089e-02
1.783053744493392060e+03	-8.133318428452693261e-02
1.785056387665198372e+03	-8.115464405625413824e-02
1.787059030837004457e+03	-8.214806420668122056e-02
1.789061674008810542e+03	-8.360653098548878615e-02
1.791064317180616854e+03	-8.514588506583360694e-02
1.793066960352422939e+03	-8.507240540933244666e-02
1.795069603524229024e+03	-7.717984059111562822e-02
1.797072246696035336e+03	-7.922742692016677968e-02
1.799074889867841421e+03	-7.870630481120441391e-02
1.801077533039647733e+03	-7.898443115952938354e-02
1.803080176211453818e+03	-7.682646305529423902e-02
1.805082819383259903e+03	-7.799310804401113351e-02
1.807085462555066215e+03	-7.420893122708591139e-02
1.809088105726872300e+03	-7.631630384360862940e-02
1.811090748898678385e+03	-7.739560717534635370e-02
1.813093392070484697e+03	-7.500753281528235727e-02
1.815096035242290782e+03	-7.597275248590160124e-02
1.817098678414096867e+03	-7.627440583474290325e-02
1.819101321585903179e+03	-7.308402784679693398e-02
1.821103964757709264e+03	-7.005671920630904270e-02
1.823106607929515576e+03	-7.115326458660978237e-02
1.825109251101321661e+03	-6.978922611355090067e-02
1.827111894273127746e+03	-6.859099859789888343e-02
1.829114537444934058e+03	-6.971542143637679545e-02
1.831117180616740143e+03	-6.896032425331979909e-02
1.833119823788546228e+03	-6.797157839861230066e-02
1.835122466960352540e+03	-6.597040324759886887e-02
1.837125110132158625e+03	-6.576462692606119265e-02
1.839127753303964710e+03	-6.682910936727839979e-02
1.841130396475771022e+03	-6.379003891826559580e-02
1.843133039647577107e+03	-6.766719313874439146e-02
1.845135682819383419e+03	-6.368530258015728251e-02
1.847138325991189504e+03	-6.279662292132251467e-02
1.849140969162995589e+03	-6.460556216152399389e-02
1.851143612334801901e+03	-6.349886255519307521e-02
1.853146255506607986e+03	-6.024112929722770515e-02
1.855148898678414071e+03	-6.223811666989923636e-02
1.857151541850220383e+03	-6.018005569638658347e-02
1.859154185022026468e+03	-5.960414708252821658e-02
1.861156828193832553e+03	-5.888917612885526121e-02
1.863159471365638865e+03	-5.857640702298962804e-02
1.865162114537444950e+03	-5.775733891455066271e-02
1.867164757709251262e+03	-5.628308304099231135e-02
1.869167400881057347e+03	-5.693617730563941409e-02
1.871170044052863432e+03	-5.669092476266275604e-02
1.873172687224669744e+03	-5.415090016297539194e-02
1.875175330396475829e+03	-5.505343551322015166e-02
1.877177973568281914e+03	-4.913546635742759017e-02
1.879180616740088226e+03	-5.323337729555639719e-02
1.881183259911894311e+03	-5.340789017309319903e-02
1.883185903083700396e+03	-5.454278652747699546e-02
1.885188546255506708e+03	-5.343624880592036386e-02
1.887191189427312793e+03	-5.107138155339503716e-02
1.889193832599119105e+03	-5.061842197049296749e-02
1.891196475770925190e+03	-5.021589725662879700e-02
1.893199118942731275e+03	-5.167452314679713693e-02
1.895201762114537587e+03	-5.172931081432342870e-02
1.897204405286343672e+03	-5.161683793778119173e-02
1.899207048458149757e+03	-5.062970218968078362e-02
1.901209691629956069e+03	-5.046759744579434187e-02
1.903212334801762154e+03	-4.886217453023825735e-02
1.905214977973568239e+03	-4.765202367909905645e-02
1.907217621145374551e+03	-4.881093342965241166e-02
1.909220264317180636e+03	-4.849800233056340837e-02
1.911222907488986948e+03	-4.768618606498679913e-02
1.913225550660793033e+03	-4.472301187581582960e-02
1.915228193832599118e+03	-4.658399926189836504e-02
1.917230837004405430e+03	-4.840840818240641635e-02
1.919233480176211515e+03	-4.650520060299937614e-02
1.921236123348017600e+03	-4.625108419346830868e-02
1.923238766519823912e+03	-4.643800685499595293e-02
1.925241409691629997e+03	-4.610461110200101548e-02
1.927244052863436082e+03	-4.583728375629327056e-02
1.929246696035242394e+03	-4.506994243127461497e-02
1.931249339207048479e+03	-4.611975910888742314e-02
1.933251982378854791e+03	-4.496294583754710528e-02
1.935254625550660876e+03	-4.488479459027065743e-02
1.937257268722466961e+03	-4.036051023976448826e-02
1.939259911894273273e+03	-4.117748107279668723e-02
1.941262555066079358e+03	-4.095527096374210890e-02
1.943265198237885443e+03	-4.245966060296545164e-02
1.945267841409691755e+03	-4.047636601041891546e-02
1.947270484581497840e+03	-4.374602773275408640e-02
1.949273127753303925e+03	-4.203038872547591037e-02
1.951275770925110237e+03	-3.945120442437869551e-02
1.953278414096916322e+03	-4.293775737503723045e-02
1.955281057268722634e+03	-3.958365799719330835e-02
1.957283700440528719e+03	-3.965294953046091114e-02
1.959286343612334804e+03	-3.881728624375531400e-02
1.961288986784141116e+03	-3.960960515759660849e-02
1.963291629955947201e+03	-3.937127995573437567e-02
1.965294273127753286e+03	-3.893040524954603093e-02
1.967296916299559598e+03	-3.661694083401810518e-02
1.969299559471365683e+03	-4.035116242400595132e-02
1.971302202643171768e+03	-3.768689792739680217e-02
1.973304845814978080e+03	-3.510449236059386136e-02
1.975307488986784165e+03	-3.761164628657474862e-02
1.977310132158590477e+03	-3.849033427490404502e-02
1.979312775330396562e+03	-3.720799504760437248e-02
1.981315418502202647e+03	-3.708617452428762673e-02
1.983318061674008959e+03	-3.800160229174188997e-02
1.985320704845815044e+03	-3.692745289093932876e-02
1.987323348017621129e+03	-3.654007692318723965e-02
1.989325991189427441e+03	-3.765015773397210885e-02
1.991328634361233526e+03	-3.483506980027132466e-02
1.993331277533039611e+03	-3.685171773239184073e-02
1.995333920704845923e+03	-3.778374296473855504e-02
1.997336563876652008e+03	-3.564092349644905344e-02
1.999339207048458320e+03	-3.558130254095386025e-02
2.001341850220264405e+03	-3.692149101547560763e-02
2.003344493392070490e+03	-3.459610187259597180e-02
2.005347136563876802e+03	-3.567589126259877730e-02
2.007349779735682887e+03	-3.467618771595494531e-02
2.009352422907488972e+03	-3.578594853102155804e-02
2.011355066079295284e+03	-3.571955970989250384e-02
2.013357709251101369e+03	-3.569651705640199124e-02
2.015360352422907454e+03	-3.581737078205078639e-02
2.017362995594713766e+03	-3.465814026852757218e-02
2.019365638766519851e+03	-3.483184811646365675e-02
2.021368281938326163e+03	-3.334695558199458898e-02
2.023370925110132248e+03	-3.660775293537392450e-02
2.025373568281938333e+03	-3.494448302367012676e-02
2.027376211453744645e+03	-3.572213764774502531e-02
2.029378854625550730e+03	-3.732449834095961233e-02
2.031381497797356815e+03	-3.674633272564929720e-02
2.033384140969163127e+03	-3.598769489472598837e-02
2.035386784140969212e+03	-3.563657370689367332e-02
2.037389427312775297e+03	-3.652251219402143090e-02
2.039392070484581609e+03	-3.447750368277609223e-02
2.041394713656387694e+03	-3.394574649247724535e-02
2.043397356828193779e+03	-3.387484635159691837e-02
2.045400000000000091e+03	-3.383359559096847657e-02
2.047402643171806176e+03	-3.486294792954340582e-02
2.049405286343612715e+03	-3.378605879450034821e-02
2.051407929515418800e+03	-3.333728855536217950e-02
2.053410572687224885e+03	-3.357964017611149432e-02
2.055413215859030970e+03	-3.455468855042267279e-02
2.057415859030837055e+03	-3.534910074995627205e-02
2.059418502202643140e+03	-3.194215078355869958e-02
2.061421145374449225e+03	-3.242685540018920565e-02
2.063423788546255309e+03	-3.332181805305921285e-02
2.065426431718061394e+03	-3.421243032021580033e-02
2.067429074889867934e+03	-3.330634887582044346e-02
2.069431718061674019e+03	-3.313409168522153669e-02
2.071434361233480558e+03	-3.238141452394178998e-02
2.073437004405286643e+03	-3.344621764363801819e-02
2.075439647577092728e+03	-3.241783172834471205e-02
2.077442290748898813e+03	-3.252579565515515553e-02
2.079444933920704898e+03	-3.147436694211121905e-02
2.081447577092510983e+03	-3.208701589191927106e-02
2.083450220264317068e+03	-3.416795834943216204e-02
2.085452863436123152e+03	-3.415925717912722537e-02
2.087455506607929237e+03	-3.325059621585009506e-02
2.089458149779735777e+03	-3.390256125611308680e-02
2.091460792951541862e+03	-3.337418840459614733e-02
2.093463436123348401e+03	-3.307785504783551656e-02
2.095466079295154486e+03	-3.269047811482630322e-02
2.097468722466960571e+03	-3.357126058007893488e-02
2.099471365638766656e+03	-3.318791246744754592e-02
2.101474008810572741e+03	-3.209136592639609542e-02
2.103476651982378826e+03	-3.167417800352602397e-02
2.105479295154184911e+03	-3.245408902094358561e-02
2.107481938325990996e+03	-3.249598468769472615e-02
2.109484581497797080e+03	-3.128938041486008237e-02
2.111487224669603620e+03	-3.302048969058042627e-02
2.113489867841409705e+03	-3.083932027570155526e-02
2.115492511013216244e+03	-3.285725688494546548e-02
2.117495154185022329e+03	-3.256334040513157030e-02
2.119497797356828414e+03	-3.044130747314314350e-02
2.121500440528634499e+03	-3.293202412516728350e-02
2.123503083700440584e+03	-3.203641711988809704e-02
2.125505726872246669e+03	-3.194199087826474909e-02
2.127508370044052754e+03	-3.100771001889424117e-02
2.129511013215858839e+03	-3.067512005623289698e-02
2.131513656387664923e+03	-3.208363091914136211e-02
2.133516299559471463e+03	-3.067866455411772525e-02
2.135518942731277548e+03	-2.858886039105377336e-02
2.137521585903084087e+03	-3.116530422569248684e-02
2.139524229074890172e+03	-3.108811869426446675e-02
2.141526872246696257e+03	-3.144793982041725611e-02
2.143529515418502342e+03	-3.178407470053891404e-02
2.145532158590308427e+03	-3.098805157045426278e-02
2.147534801762114512e+03	-3.089942614882236135e-02
2.149537444933920597e+03	-2.774175653748660667e-02
2.151540088105726682e+03	-2.944192823261714345e-02
2.153542731277532766e+03	-2.813155007082616260e-02
2.155545374449339306e+03	-2.923534853695302152e-02
2.157548017621145391e+03	-2.902248419898410120e-02
2.159550660792951930e+03	-2.851086957324023424e-02
2.161553303964758015e+03	-3.048997136953664547e-02
2.163555947136564100e+03	-2.950251496001750698e-02
2.165558590308370185e+03	-2.770952762722665025e-02
2.167561233480176270e+03	-2.954860185137235876e-02
2.169563876651982355e+03	-2.941840106475766131e-02
2.171566519823788440e+03	-3.001928658827558369e-02
2.173569162995594525e+03	-2.930238160279837259e-02
2.175571806167400609e+03	-2.855921077370986508e-02
2.177574449339207149e+03	-2.766779282595375339e-02
2.179577092511013234e+03	-2.617838974948544922e-02
2.181579735682819774e+03	-2.686177895744472702e-02
2.183582378854625858e+03	-2.671691517947132402e-02
2.185585022026431943e+03	-2.768423016812176021e-02
2.187587665198238028e+03	-2.744574470027212262e-02
2.189590308370044113e+03	-2.713168633376871267e-02
2.191592951541850198e+03	-2.820809107793766785e-02
2.193595594713656283e+03	-2.836310629674716408e-02
2.195598237885462368e+03	-2.751809703609208249e-02
2.197600881057268452e+03	-2.712217870982209372e-02
2.199603524229074992e+03	-2.697876550083471575e-02
2.201606167400881077e+03	-2.763766070054409635e-02
2.203608810572687617e+03	-2.755870265753226217e-02
2.205611453744493701e+03	-2.712685178676200667e-02
2.207614096916299786e+03	-2.889663444369385686e-02
2.209616740088105871e+03	-2.860545715417740081e-02
2.211619383259911956e+03	-2.902167819992871808e-02
2.213622026431718041e+03	-2.693251854528561084e-02
2.215624669603524126e+03	-2.732875795340731356e-02
2.217627312775330211e+03	-2.793737842599757285e-02
2.219629955947136295e+03	-2.673883053254543299e-02
2.221632599118942835e+03	-2.522509534492857128e-02
2.223635242290748920e+03	-2.696780769303198586e-02
2.225637885462555460e+03	-2.736968803023161548e-02
2.227640528634361544e+03	-2.803808920809978261e-02
2.229643171806167629e+03	-2.740594182746023538e-02
2.231645814977973714e+03	-2.706610106472186542e-02
2.233648458149779799e+03	-2.636627849218081687e-02
2.235651101321585884e+03	-2.527408180826630837e-02
2.237653744493391969e+03	-2.657704728203221303e-02
2.239656387665198054e+03	-2.617710158568690298e-02
2.241659030837004138e+03	-2.640446884265914076e-02
2.243661674008810678e+03	-2.585353558460486839e-02
2.245664317180616763e+03	-2.610249469155797447e-02
2.247666960352423303e+03	-2.613327193116987690e-02
2.249669603524229387e+03	-2.631938722087674015e-02
2.251672246696035472e+03	-2.700986621446079677e-02
2.253674889867841557e+03	-2.637481915327525780e-02
2.255677533039647642e+03	-2.582066412967288366e-02
2.257680176211453727e+03	-2.632357794973456261e-02
2.259682819383259812e+03	-2.718808473656309996e-02
2.261685462555065897e+03	-2.615438147985871958e-02
2.263688105726871981e+03	-2.461792564775198977e-02
2.265690748898678521e+03	-2.595360214931809878e-02
2.267693392070484606e+03	-2.617839093993389391e-02
2.269696035242291146e+03	-2.540138190636166346e-02
2.271698678414097230e+03	-2.485447754949576815e-02
2.273701321585903315e+03	-2.718083283580261661e-02
2.275703964757709400e+03	-2.568868950414631216e-02
2.277706607929515485e+03	-2.659299819285139074e-02
2.279709251101321570e+03	-2.500385214169724771e-02
2.281711894273127655e+03	-2.574702195284429493e-02
2.283714537444934194e+03	-2.459810451380533419e-02
2.285717180616740279e+03	-2.477294006064308454e-02
2.287719823788546364e+03	-2.297930858023407991e-02
2.289722466960352449e+03	-2.436622668411306605e-02
2.291725110132158534e+03	-2.537318116278602931e-02
2.293727753303964619e+03	-2.487059081830674326e-02
2.295730396475771158e+03	-2.474635308419426832e-02
2.297733039647577243e+03	-2.587496616454201814e-02
2.299735682819383328e+03	-2.512357842685616904e-02
2.301738325991189413e+03	-2.598115774712268441e-02
2.303740969162995498e+03	-2.625879771855265180e-02
2.305743612334802037e+03	-2.474168021032583167e-02
2.307746255506608122e+03	-2.509263949956323445e-02
2.309748898678414207e+03	-2.546035624735497674e-02
2.311751541850220292e+03	-2.496904560106035648e-02
2.313754185022026377e+03	-2.396612048856313487e-02
2.315756828193832462e+03	-2.423087114113177745e-02
2.317759471365639001e+03	-2.338811726434973301e-02
2.319762114537445086e+03	-2.489153846733428363e-02
2.321764757709251171e+03	-2.298124196690997517e-02
2.323767400881057256e+03	-2.424940193917254211e-02
2.325770044052863341e+03	-2.424150637349512319e-02
2.327772687224669880e+03	-2.341083757465159398e-02
2.329775330396475965e+03	-2.334718738458928938e-02
2.331777973568282050e+03	-2.124658621429136723e-02
2.333780616740088135e+03	-2.144607631737313613e-02
2.335783259911894220e+03	-2.366785317024179200e-02
2.337785903083700305e+03	-2.553270880429980849e-02
2.339788546255506844e+03	-2.528262196257264477e-02
2.341791189427312929e+03	-2.253021558291775847e-02
2.343793832599119014e+03	-2.427196066913772654e-02
2.345796475770925099e+03	-2.478019258159451857e-02
2.347799118942731184e+03	-2.451173573898150770e-02
2.349801762114537723e+03	-2.538591160624122448e-02
2.351804405286343808e+03	-2.458118605283698965e-02
2.353807048458149893e+03	-2.626846697321174456e-02
2.355809691629955978e+03	-2.507410852796843059e-02
2.357812334801762063e+03	-2.413064283879621380e-02
2.359814977973568148e+03	-2.634629785790346124e-02
2.361817621145374687e+03	-2.469865721892438096e-02
2.363820264317180772e+03	-2.548501268240398535e-02
2.365822907488986857e+03	-2.375293529923905994e-02
2.367825550660792942e+03	-2.413128814317700918e-02
2.369828193832599027e+03	-2.452511053063058041e-02
2.371830837004405566e+03	-2.474232524016491824e-02
2.373833480176211651e+03	-2.456893933188221760e-02
2.375836123348017736e+03	-2.420557237971126749e-02
2.377838766519823821e+03	-2.327161391227975523e-02
2.379841409691629906e+03	-2.302152732154002027e-02
2.381844052863435991e+03	-2.439458724169461454e-02
2.383846696035242530e+03	-2.309887199364676208e-02
2.385849339207048615e+03	-2.363981404059261118e-02
2.387851982378854700e+03	-2.292983774994593327e-02
2.389854625550660785e+03	-2.361902840869442924e-02
2.391857268722466870e+03	-2.341099889354783525e-02
2.393859911894273409e+03	-2.379241445639870833e-02
2.395862555066079494e+03	-2.306229563044602873e-02
2.397865198237885579e+03	-2.440345355944196354e-02
2.399867841409691664e+03	-2.289293433462177146e-02
2.401870484581497749e+03	-2.372587635666515912e-02
2.403873127753303834e+03	-2.405619217293960763e-02
2.405875770925110373e+03	-2.346256538777951456e-02
2.407878414096916458e+03	-2.312561257927765387e-02
2.409881057268722543e+03	-2.222146461878790266e-02
2.411883700440528628e+03	-2.235104527752759113e-02
2.413886343612334713e+03	-2.326051336736547487e-02
2.415888986784141252e+03	-2.284137245395313764e-02
2.417891629955947337e+03	-2.481583933887784171e-02
2.419894273127753422e+03	-2.347388513443778718e-02
2.421896916299559507e+03	-2.349707918135708271e-02
2.423899559471365592e+03	-2.228067852625533266e-02
2.425902202643171677e+03	-2.413765641785295055e-02
2.427904845814978216e+03	-2.391126345294419114e-02
2.429907488986784301e+03	-2.434797376793311138e-02
2.431910132158590386e+03	-2.272596450855909195e-02
2.433912775330396471e+03	-2.349049587118698032e-02
2.435915418502202556e+03	-2.467439200211805905e-02
2.437918061674009095e+03	-2.375114726541057222e-02
2.439920704845815180e+03	-2.341038450845853852e-02
2.441923348017621265e+03	-2.386215492987759507e-02
2.443925991189427350e+03	-2.321608335812347726e-02
2.445928634361233435e+03	-2.260549553828836156e-02
2.447931277533039520e+03	-2.337792407746677736e-02
2.449933920704846059e+03	-2.224475517364716409e-02
2.451936563876652144e+03	-2.426706983277387292e-02
2.453939207048458229e+03	-2.277970036295066253e-02
2.455941850220264314e+03	-2.274030650715327256e-02
2.457944493392070399e+03	-2.349786605376471410e-02
2.459947136563876938e+03	-2.484341740294837564e-02
2.461949779735683023e+03	-2.081663105774112996e-02
2.463952422907489108e+03	-2.382535512683593357e-02
2.465955066079295193e+03	-2.187040807351293970e-02
2.467957709251101278e+03	-2.270000441061034713e-02
2.469960352422907363e+03	-2.107366809750257919e-02
2.471962995594713902e+03	-2.361877799706735975e-02
2.473965638766519987e+03	-2.022399184130003330e-02
2.475968281938326072e+03	-2.279454253745323219e-02
2.477970925110132157e+03	-2.273183635753229029e-02
2.479973568281938242e+03	-2.113482770600129054e-02
2.481976211453744781e+03	-2.060848201599829732e-02
2.483978854625550866e+03	-2.195941636096146454e-02
2.485981497797356951e+03	-2.192993463740827362e-02
2.487984140969163036e+03	-2.214742918894709728e-02
2.489986784140969121e+03	-2.237485374561343915e-02
2.491989427312775206e+03	-2.389206546912154422e-02
2.493992070484581745e+03	-2.241360348536633809e-02
2.495994713656387830e+03	-2.369534470230170303e-02
2.497997356828193915e+03	-2.236153657692347904e-02
2.500000000000000000e+03	-1.569639982038827097e-02
