1.900000000000000000e+02	9.816570624455963658e-04
1.910434782608695627e+02	1.912731829315281033e-04
1.920869565217391255e+02	-2.687772777295482267e-04
1.931304347826086882e+02	5.046871756601678093e-04
1.941739130434782510e+02	-1.189682868135621182e-03
1.952173913043478137e+02	1.595480986089654868e-05
1.962608695652173765e+02	8.815905816381034788e-04
1.973043478260869676e+02	-6.258601049125231148e-04
1.983478260869565304e+02	-4.766460885416433130e-04
1.993913043478260931e+02	2.259179997117222985e-04
2.004347826086956559e+02	-3.287203654414482716e-04
2.014782608695652186e+02	-8.991511034257219231e-04
2.025217391304347814e+02	3.899833107822140604e-05
2.035652173913043441e+02	-4.070339147568713292e-04
2.046086956521739069e+02	-8.187428569534797645e-04
2.056521739130434696e+02	-8.814148530400520219e-05
2.066956521739130324e+02	-5.586650930664677998e-04
2.077391304347826235e+02	-1.322461864350842672e-03
2.087826086956521863e+02	-3.754412860567086336e-05
2.098260869565217490e+02	6.606690879550904897e-04
2.108695652173913118e+02	7.267516546395367334e-05
2.119130434782608745e+02	-5.823529998600031257e-04
2.129565217391304373e+02	9.404054476258146217e-04
2.140000000000000000e+02	4.160613053261206823e-04
2.150000000000000000e+02	7.243195167994877139e-04
2.155263157894736707e+02	-4.838976813295703503e-04
2.160526315789473699e+02	-4.079854541164740570e-03
2.165789473684210407e+02	4.899078947302819287e-02
2.171052631578947398e+02	2.737581414476069480e-02
2.176315789473684106e+02	3.358963607106195404e-02
2.181578947368421098e+02	2.937425567093795292e-02
2.186842105263157805e+02	1.905671984380199330e-02
2.192105263157894797e+02	5.111485865130183451e-03
2.197368421052631504e+02	7.082031498027001066e-04
2.202631578947368496e+02	-1.609949464841510178e-02
2.207894736842105203e+02	-1.978877245695244078e-02
2.213157894736842195e+02	-1.662288025225262117e-02
2.218421052631578902e+02	-2.613616960057326549e-02
2.223684210526315894e+02	-3.566639249741890977e-02
2.228947368421052602e+02	-2.207451958828211477e-02
2.234210526315789593e+02	-2.128880643596521224e-02
2.239473684210526301e+02	-1.967000922349195630e-02
2.244736842105263008e+02	-2.620498858417745838e-02
2.250000000000000000e+02	-1.383325913969300422e-02
2.270000000000000000e+02	-3.385035409080302399e-02
2.290026431718061701e+02	-5.446190645491936350e-02
2.310052863436123403e+02	-3.948134010611893674e-02
2.330079295154185104e+02	-4.817477265531260044e-02
2.350105726872246805e+02	-4.876066024402304910e-02
2.370132158590308222e+02	-5.614884650906630525e-02
2.390158590308369924e+02	-6.052473634040345107e-02
2.410185022026431625e+02	-6.527525818918292200e-02
2.430211453744493326e+02	-6.720505307943849815e-02
2.450237885462555028e+02	-6.372462239734486000e-02
2.470264317180616729e+02	-7.052708366354701330e-02
2.490290748898678430e+02	-7.477291874091410162e-02
2.510317180616740131e+02	-8.240492815797791082e-02
2.530343612334801833e+02	-7.633902917308957314e-02
2.550370044052863534e+02	-8.045530970661798897e-02
2.570396475770925235e+02	-8.031706146642761390e-02
2.590422907488986652e+02	-8.497185972610601934e-02
2.610449339207048638e+02	-8.736943812139415233e-02
2.630475770925110055e+02	-9.526957022706813993e-02
2.650502202643172041e+02	-9.278836393807068927e-02
2.670528634361233458e+02	-9.015342991874422673e-02
2.690555066079294875e+02	-9.793447965202986549e-02
2.710581497797356860e+02	-1.045548572061652387e-01
2.730607929515418277e+02	-1.007900229078768639e-01
2.750634361233480263e+02	-1.026837088239897638e-01
2.770660792951541680e+02	-9.797041704546274876e-02
2.790687224669603665e+02	-1.051612124508418261e-01
2.810713656387665083e+02	-9.789999618242381518e-02
2.830740088105727068e+02	-1.035103665121878819e-01
2.850766519823788485e+02	-9.631036140822786529e-02
2.870792951541850471e+02	-9.544601782070297191e-02
2.890819383259911888e+02	-9.312159809139655686e-02
2.910845814977973305e+02	-9.609169726141957024e-02
2.930872246696035290e+02	-9.921311266484192370e-02
2.950898678414097276e+02	-9.867458666327214023e-02
2.970925110132158693e+02	-1.083432145012442199e-01
2.990951541850220110e+02	-1.051897381362174588e-01
3.010977973568282096e+02	-1.064585417484699842e-01
3.031004405286343513e+02	-1.028625721363769924e-01
3.051030837004405498e+02	-1.015720192354244988e-01
3.071057268722466915e+02	-1.004082779275319998e-01
3.091083700440528901e+02	-9.959726685878847463e-02
3.111110132158590318e+02	-9.801311402577836396e-02
3.131136563876651735e+02	-1.017510427093804432e-01
3.151162995594713720e+02	-1.066417634278703785e-01
3.171189427312775706e+02	-1.068792715415020356e-01
3.191215859030837123e+02	-1.005234949135539180e-01
3.211242290748898540e+02	-9.870441384198400114e-02
3.231268722466960526e+02	-1.007411950835724601e-01
3.251295154185021943e+02	-1.030612734357028576e-01
3.271321585903083928e+02	-1.003164337844754950e-01
3.291348017621145345e+02	-1.003845883951894891e-01
3.311374449339207331e+02	-1.021853088294145256e-01
3.331400881057268748e+02	-1.012460362860310992e-01
3.351427312775330165e+02	-1.006045445975808084e-01
3.371453744493392151e+02	-9.662329996033672264e-02
3.391480176211454136e+02	-1.009331102538865849e-01
3.411506607929515553e+02	-1.088769160350919057e-01
3.431533039647576970e+02	-1.059391946350836111e-01
3.451559471365638956e+02	-1.049921845126506048e-01
3.471585903083700373e+02	-1.049158037915713937e-01
3.491612334801762358e+02	-1.078842977147737442e-01
3.511638766519823776e+02	-1.033890184845853294e-01
3.531665198237885761e+02	-1.025686618050929838e-01
3.551691629955947178e+02	-1.004398650142824118e-01
3.571718061674008595e+02	-1.006760961179911096e-01
3.591744493392070581e+02	-1.010294740557321769e-01
3.611770925110132566e+02	-9.944450728340323287e-02
3.631797356828193983e+02	-9.916477667359466230e-02
3.651823788546255400e+02	-9.877498303520051981e-02
3.671850220264317386e+02	-9.245399948610791285e-02
3.691876651982378803e+02	-9.473588504954313927e-02
3.711903083700440220e+02	-9.465176965636305784e-02
3.731929515418502206e+02	-8.522790912126980423e-02
3.751955947136564191e+02	-8.293926348840210960e-02
3.771982378854625608e+02	-8.320820138659072718e-02
3.792008810572687025e+02	-8.107231709526588337e-02
3.812035242290749011e+02	-8.402582066177469167e-02
3.832061674008810996e+02	-8.551748225590646846e-02
3.852088105726872413e+02	-8.780322844384338965e-02
3.872114537444933831e+02	-8.085413076741623795e-02
3.892140969162995816e+02	-8.211681034726099615e-02
3.912167400881057233e+02	-8.174441855673027224e-02
3.932193832599118650e+02	-8.827245958909075985e-02
3.952220264317180636e+02	-8.663996868780096672e-02
3.972246696035242621e+02	-8.071909367899696153e-02
3.992273127753304038e+02	-8.071812415280979480e-02
4.012299559471365455e+02	-8.007776417448700390e-02
4.032325991189427441e+02	-7.648872486665123094e-02
4.052352422907489427e+02	-7.258772024208751117e-02
4.072378854625550844e+02	-7.692556946750342406e-02
4.092405286343612261e+02	-7.796668636719786272e-02
4.112431718061674246e+02	-7.894963378046034042e-02
4.132458149779735663e+02	-7.948719079730290349e-02
4.152484581497797080e+02	-7.392646383566195412e-02
4.172511013215859066e+02	-7.640816024490755531e-02
4.192537444933921051e+02	-8.130676351774299149e-02
4.212563876651982469e+02	-7.578035549179160113e-02
4.232590308370043886e+02	-7.538283249063618130e-02
4.252616740088105871e+02	-7.226270463100530062e-02
4.272643171806167857e+02	-7.152936427962555688e-02
4.292669603524229274e+02	-7.089609104484757840e-02
4.312696035242290691e+02	-6.914564207579507182e-02
4.332722466960352676e+02	-6.318996625473569106e-02
4.352748898678414093e+02	-6.596751128119918151e-02
4.372775330396475510e+02	-7.167003638796923259e-02
4.392801762114537496e+02	-6.562154308346310194e-02
4.412828193832599482e+02	-6.710192474674528396e-02
4.432854625550660899e+02	-6.594898015505254452e-02
4.452881057268722316e+02	-6.487435099191692089e-02
4.472907488986784301e+02	-6.426266559398415013e-02
4.492933920704846287e+02	-6.784670621903846066e-02
4.512960352422907704e+02	-6.073711859401356022e-02
4.532986784140969121e+02	-6.577059897225820406e-02
4.553013215859031106e+02	-6.421158779406280215e-02
4.573039647577092524e+02	-6.158341629239558884e-02
4.593066079295153941e+02	-6.290571723564623852e-02
4.613092511013215926e+02	-6.357992361851103058e-02
4.633118942731277912e+02	-6.039066752092205753e-02
4.653145374449339329e+02	-6.266449974806191647e-02
4.673171806167400746e+02	-6.303254095262220136e-02
4.693198237885462731e+02	-6.598475597558486894e-02
4.713224669603524717e+02	-6.147271559550471220e-02
4.733251101321585566e+02	-6.406092037600104316e-02
4.753277533039647551e+02	-6.342652005648199975e-02
4.773303964757709537e+02	-6.095626532089405691e-02
4.793330396475770954e+02	-6.174939186665828750e-02
4.813356828193832371e+02	-6.110467705980267283e-02
4.833383259911894356e+02	-6.140455519598917583e-02
4.853409691629955773e+02	-5.945897033846915536e-02
4.873436123348017759e+02	-5.900729554170382196e-02
4.893462555066079176e+02	-6.037133443639135233e-02
4.913488986784141161e+02	-6.173875182867424177e-02
4.933515418502202579e+02	-6.067298006338197464e-02
4.953541850220264564e+02	-5.912524510372838688e-02
4.973568281938325981e+02	-5.748533819146624257e-02
4.993594713656387967e+02	-5.783646238854604771e-02
5.013621145374449384e+02	-5.730083297522332864e-02
5.033647577092511369e+02	-5.964620641790085998e-02
5.053674008810572786e+02	-5.411770738450820406e-02
5.073700440528634203e+02	-5.643471819987659621e-02
5.093726872246696189e+02	-5.557778124837755435e-02
5.113753303964757606e+02	-5.582899855435154851e-02
5.133779735682819592e+02	-5.649691692323009773e-02
5.153806167400880440e+02	-5.863716088773381768e-02
5.173832599118943563e+02	-5.544597358096006040e-02
5.193859030837004411e+02	-5.531094104570302011e-02
5.213885462555066397e+02	-5.421407039532407518e-02
5.233911894273128382e+02	-5.442435606989502045e-02
5.253938325991189231e+02	-5.306112534798648056e-02
5.273964757709251217e+02	-4.975053398757005307e-02
5.293991189427313202e+02	-5.319051828369880663e-02
5.314017621145374051e+02	-5.024909670715238530e-02
5.334044052863436036e+02	-4.647845570265575488e-02
5.354070484581498022e+02	-4.803328063837233181e-02
5.374096916299558870e+02	-4.787488023118853520e-02
5.394123348017621993e+02	-4.640852022098586327e-02
5.414149779735682841e+02	-4.728446936405809875e-02
5.434176211453744827e+02	-4.714041087284089049e-02
5.454202643171806812e+02	-4.896852533242106176e-02
5.474229074889867661e+02	-4.705274985920041703e-02
5.494255506607929647e+02	-4.641158191461013105e-02
5.514281938325991632e+02	-4.819780301747815521e-02
5.534308370044052481e+02	-4.930707962534393307e-02
5.554334801762114466e+02	-4.556495943977927066e-02
5.574361233480176452e+02	-4.684391698389482606e-02
5.594387665198237301e+02	-4.495892104623656904e-02
5.614414096916300423e+02	-4.252685612113359104e-02
5.634440528634361272e+02	-4.117184501610358927e-02
5.654466960352423257e+02	-4.619646405867978978e-02
5.674493392070485243e+02	-4.575349187786713345e-02
5.694519823788546091e+02	-4.935300591935001119e-02
5.714546255506608077e+02	-4.335221005605056910e-02
5.734572687224670062e+02	-4.510491235067025373e-02
5.754599118942730911e+02	-4.606320223426905308e-02
5.774625550660792896e+02	-4.390459148926027788e-02
5.794651982378854882e+02	-4.296692673788092554e-02
5.814678414096915731e+02	-4.035051880051558626e-02
5.834704845814978853e+02	-4.067134570472581701e-02
5.854731277533039702e+02	-4.427585559296208506e-02
5.874757709251101687e+02	-4.364757758985958469e-02
5.894784140969163673e+02	-4.209178351211924352e-02
5.914810572687224521e+02	-4.016198938441641053e-02
5.934837004405286507e+02	-4.041964905749891035e-02
5.954863436123348492e+02	-4.301784625879882112e-02
5.974889867841409341e+02	-3.996443502938854669e-02
5.994916299559471327e+02	-3.773121627891150298e-02
6.014942731277533312e+02	-3.985727872553999906e-02
6.034969162995594161e+02	-4.053486291084985871e-02
6.054995594713657283e+02	-4.009753336612566221e-02
6.075022026431718132e+02	-4.115524527265272681e-02
6.095048458149780117e+02	-3.895022795025789020e-02
6.115074889867842103e+02	-3.920321682939668234e-02
6.135101321585902951e+02	-3.785690363038064776e-02
6.155127753303964937e+02	-3.389418596342304302e-02
6.175154185022026923e+02	-3.969903990304825270e-02
6.195180616740087771e+02	-3.820577038163645855e-02
6.215207048458149757e+02	-3.522390189316058212e-02
6.235233480176211742e+02	-3.826716302747400211e-02
6.255259911894272591e+02	-3.636508217978865615e-02
6.275286343612335713e+02	-3.629821030794176673e-02
6.295312775330396562e+02	-3.599962094027940596e-02
6.315339207048458547e+02	-3.648271455912578676e-02
6.335365638766520533e+02	-3.498718972030635810e-02
6.355392070484581382e+02	-3.372547430984206007e-02
6.375418502202643367e+02	-3.621957746321237404e-02
6.395444933920705353e+02	-3.565075663123538907e-02
6.415471365638766201e+02	-3.642857199667706020e-02
6.435497797356828187e+02	-3.359914174254209629e-02
6.455524229074890172e+02	-3.229956051470449230e-02
6.475550660792951021e+02	-3.460706180609700311e-02
6.495577092511014143e+02	-3.594064418684063400e-02
6.515603524229074992e+02	-3.502135051070318777e-02
6.535629955947136978e+02	-3.499589185716021900e-02
6.555656387665198963e+02	-3.620152803429080995e-02
6.575682819383259812e+02	-3.621329071541275202e-02
6.595709251101321797e+02	-3.956223035093466012e-02
6.615735682819383783e+02	-3.453374490808762409e-02
6.635762114537444631e+02	-3.628660991657152446e-02
6.655788546255506617e+02	-3.656328403832413698e-02
6.675814977973568602e+02	-3.656134933177114521e-02
6.695841409691629451e+02	-3.512979541229406533e-02
6.715867841409692574e+02	-3.627307265394778130e-02
6.735894273127753422e+02	-3.782854380345969381e-02
6.755920704845815408e+02	-3.780356519136275628e-02
6.775947136563877393e+02	-3.755686257474134815e-02
6.795973568281938242e+02	-3.436889902124344587e-02
6.816000000000000227e+02	-3.126360071586784667e-02
6.836026431718062213e+02	-3.502650564571783975e-02
6.856052863436123062e+02	-3.044179433578338492e-02
6.876079295154185047e+02	-3.491870502253600905e-02
6.896105726872247033e+02	-3.272431927778575445e-02
6.916132158590307881e+02	-3.414668936219526774e-02
6.936158590308371004e+02	-3.138348544269540380e-02
6.956185022026431852e+02	-3.086703719358572379e-02
6.976211453744492701e+02	-3.306464426326406747e-02
6.996237885462555823e+02	-3.001574427427437450e-02
7.016264317180616672e+02	-3.267759070890642603e-02
7.036290748898678657e+02	-3.118432062488961723e-02
7.056317180616740643e+02	-3.099014782237953861e-02
7.076343612334801492e+02	-3.016237881148683270e-02
7.096370044052863477e+02	-3.056764280807503648e-02
7.116396475770925463e+02	-2.967187376778044477e-02
7.136422907488986311e+02	-3.181727117197076515e-02
7.156449339207049434e+02	-3.265196868950769049e-02
7.176475770925110282e+02	-2.998963887504836265e-02
7.196502202643171131e+02	-2.848106005366761104e-02
7.216528634361234253e+02	-3.010114687857300478e-02
7.236555066079295102e+02	-3.097661328108724035e-02
7.256581497797357088e+02	-3.047080046146736360e-02
7.276607929515419073e+02	-2.723916982967656761e-02
7.296634361233479922e+02	-2.749231612204651107e-02
7.316660792951541907e+02	-2.872276817987510361e-02
7.336687224669603893e+02	-3.120156210279797018e-02
7.356713656387664741e+02	-3.242621478986305872e-02
7.376740088105727864e+02	-3.108199599150852227e-02
7.396766519823788713e+02	-3.210490309873857695e-02
7.416792951541850698e+02	-3.092601441221363295e-02
7.436819383259911547e+02	-3.023795175113165243e-02
7.456845814977973532e+02	-3.133627126942330199e-02
7.476872246696035518e+02	-3.226184980984640738e-02
7.496898678414097503e+02	-3.164259508166024359e-02
7.516925110132158352e+02	-3.170495707453328815e-02
7.536951541850220337e+02	-3.155542054406849928e-02
7.556977973568282323e+02	-3.029563871709279460e-02
7.577004405286344308e+02	-3.071846706181514605e-02
7.597030837004405157e+02	-2.858338275569806061e-02
7.617057268722467143e+02	-3.148999860187959993e-02
7.637083700440529128e+02	-2.840000709718843927e-02
7.657110132158589977e+02	-2.930883049020606076e-02
7.677136563876651962e+02	-3.046354929663893513e-02
7.697162995594713948e+02	-2.703307042095921472e-02
7.717189427312775933e+02	-2.744606906544377889e-02
7.737215859030836782e+02	-2.939213896981947641e-02
7.757242290748898768e+02	-2.912207075292252284e-02
7.777268722466960753e+02	-2.746959397676258449e-02
7.797295154185022739e+02	-2.820664095783496222e-02
7.817321585903083587e+02	-2.939181502752333947e-02
7.837348017621145573e+02	-2.722772540521308654e-02
7.857374449339207558e+02	-2.717970686414219322e-02
7.877400881057268407e+02	-2.837422477010679428e-02
7.897427312775330392e+02	-2.838808430879830036e-02
7.917453744493392378e+02	-2.931559821555962397e-02
7.937480176211454364e+02	-2.651243104796318500e-02
7.957506607929515212e+02	-2.586787793071828462e-02
7.977533039647577198e+02	-2.591412536766941541e-02
7.997559471365639183e+02	-2.702678631015593622e-02
8.017585903083701169e+02	-2.522654660680661090e-02
8.037612334801762017e+02	-2.799361746322239636e-02
8.057638766519824003e+02	-2.777752912373964225e-02
8.077665198237885988e+02	-2.681085912177110300e-02
8.097691629955946837e+02	-2.715811374202631301e-02
8.117718061674008823e+02	-2.929287559637840446e-02
8.137744493392070808e+02	-2.472266638987997284e-02
8.157770925110132794e+02	-2.801375857056587204e-02
8.177797356828193642e+02	-3.001671015245176849e-02
8.197823788546255628e+02	-2.864332708068127037e-02
8.217850220264317613e+02	-2.782151957243166746e-02
8.237876651982379599e+02	-2.709510812469969124e-02
8.257903083700440448e+02	-2.687628278355124259e-02
8.277929515418502433e+02	-2.814121839955353518e-02
8.297955947136564419e+02	-2.781813553748365558e-02
8.317982378854625267e+02	-2.780250441562183081e-02
8.338008810572687253e+02	-2.812591039660409728e-02
8.358035242290749238e+02	-2.629118797296593063e-02
8.378061674008811224e+02	-2.658220594486410127e-02
8.398088105726872072e+02	-2.544360035738837261e-02
8.418114537444934058e+02	-2.721467507717629727e-02
8.438140969162996043e+02	-2.529632074053993901e-02
8.458167400881058029e+02	-2.171743506870362633e-02
8.478193832599118878e+02	-2.439845802636635835e-02
8.498220264317180863e+02	-2.385413154544836073e-02
8.518246696035242849e+02	-2.641881250574733622e-02
8.538273127753303697e+02	-2.508490578883431146e-02
8.558299559471365683e+02	-2.604738569792306585e-02
8.578325991189427668e+02	-2.402735382485975818e-02
8.598352422907489654e+02	-2.514275498260046954e-02
8.618378854625550503e+02	-2.519818633994127047e-02
8.638405286343612488e+02	-2.240952506335661815e-02
8.658431718061674474e+02	-2.362160893889230645e-02
8.678458149779735322e+02	-2.417383040360063934e-02
8.698484581497797308e+02	-2.421959205972653434e-02
8.718511013215859293e+02	-2.465047708368529530e-02
8.738537444933921279e+02	-2.584386872108156499e-02
8.758563876651982127e+02	-2.488058192657887149e-02
8.778590308370044113e+02	-2.416706188350307288e-02
8.798616740088106098e+02	-2.477584474570061410e-02
8.818643171806168084e+02	-2.350720193914244277e-02
8.838669603524228933e+02	-2.474587168201159912e-02
8.858696035242290918e+02	-2.403235117567921117e-02
8.878722466960352904e+02	-2.434383056750783619e-02
8.898748898678413752e+02	-2.539203645450109278e-02
8.918775330396475738e+02	-2.333300913510175795e-02
8.938801762114537723e+02	-2.316735889590953307e-02
8.958828193832599709e+02	-2.443342365474219374e-02
8.978854625550660558e+02	-2.328434622753409317e-02
8.998881057268722543e+02	-2.009058130186148344e-02
9.018907488986784529e+02	-2.357584531418467286e-02
9.038933920704846514e+02	-2.462566232120562068e-02
9.058960352422907363e+02	-2.055739885028345232e-02
9.078986784140969348e+02	-2.178881863064909691e-02
9.099013215859031334e+02	-2.445179447060164685e-02
9.119039647577092182e+02	-2.538816971341743139e-02
9.139066079295154168e+02	-2.509989385339777071e-02
9.159092511013216154e+02	-2.492102982921156479e-02
9.179118942731278139e+02	-2.512454804585552773e-02
9.199145374449338988e+02	-2.388797158574593876e-02
9.219171806167400973e+02	-2.375229220240880970e-02
9.239198237885462959e+02	-2.147701595465937446e-02
9.259224669603524944e+02	-2.346707549168981083e-02
9.279251101321585793e+02	-2.336845928395717836e-02
9.299277533039647778e+02	-2.515129697538368708e-02
9.319303964757709764e+02	-2.287843838818610226e-02
9.339330396475770613e+02	-2.568869373992938715e-02
9.359356828193832598e+02	-2.734745370658604388e-02
9.379383259911894584e+02	-2.401365950317789835e-02
9.399409691629956569e+02	-1.953159204236048010e-02
9.419436123348017418e+02	-2.052597815943913578e-02
9.439462555066079403e+02	-2.174160712991772895e-02
9.459488986784141389e+02	-2.419268493691186656e-02
9.479515418502203374e+02	-2.414643757019214673e-02
9.499541850220264223e+02	-2.261288276428417149e-02
9.519568281938326209e+02	-2.391923094712158221e-02
9.539594713656388194e+02	-2.055224319016545412e-02
9.559621145374449043e+02	-1.984387867433961422e-02
9.579647577092511028e+02	-2.077864389599962808e-02
9.599674008810573014e+02	-2.234394387634349582e-02
9.619700440528634999e+02	-2.066407280929959470e-02
9.639726872246695848e+02	-2.138532948532587824e-02
9.659753303964757833e+02	-2.194157889101460215e-02
9.679779735682819819e+02	-2.050825131962174391e-02
9.699806167400881804e+02	-2.307792631523402499e-02
9.719832599118942653e+02	-2.172984204365010358e-02
9.739859030837004639e+02	-2.117874927693284143e-02
9.759885462555066624e+02	-2.013553844818883817e-02
9.779911894273127473e+02	-2.078057779480791539e-02
9.799938325991189458e+02	-2.108142258494473051e-02
9.819964757709251444e+02	-2.058269854749272126e-02
9.839991189427313429e+02	-2.329804379869986758e-02
9.860017621145374278e+02	-2.261739438387934051e-02
9.880044052863436264e+02	-2.335218483806942441e-02
9.900070484581498249e+02	-2.183103829862922257e-02
9.920096916299560235e+02	-2.170567155430017797e-02
9.940123348017621083e+02	-2.036064944166187524e-02
9.960149779735683069e+02	-1.999486476481769984e-02
9.980176211453745054e+02	-2.298930109096512103e-02
1.000020264317180590e+03	-2.029554965596281832e-02
1.002022907488986789e+03	-2.038288689948902083e-02
1.004025550660792987e+03	-1.902287840098597707e-02
1.006028193832599186e+03	-2.077010305933280759e-02
1.008030837004405271e+03	-2.162188132019245840e-02
1.010033480176211469e+03	-2.266557467171286325e-02
1.012036123348017668e+03	-2.233234067635687242e-02
1.014038766519823866e+03	-2.106998094450539608e-02
1.016041409691629951e+03	-2.007430712036439163e-02
1.018044052863436150e+03	-2.110704363951878409e-02
1.020046696035242348e+03	-2.172774882522775577e-02
1.022049339207048433e+03	-2.154437281133999432e-02
1.024051982378854518e+03	-2.240517528525497876e-02
1.026054625550660830e+03	-2.046780651605932880e-02
1.028057268722467143e+03	-2.032971129926348236e-02
1.030059911894273228e+03	-1.940896515701141106e-02
1.032062555066079312e+03	-2.211480108766593691e-02
1.034065198237885397e+03	-2.103001757469690619e-02
1.036067841409691709e+03	-2.106176283393911344e-02
1.038070484581497794e+03	-1.971400026500510355e-02
1.040073127753304107e+03	-1.979005721653700339e-02
1.042075770925110191e+03	-1.968982954816058534e-02
1.044078414096916276e+03	-2.003853314769126273e-02
1.046081057268722361e+03	-2.237246316356684278e-02
1.048083700440528673e+03	-2.058882140707756631e-02
1.050086343612334986e+03	-1.988641843940711779e-02
1.052088986784141071e+03	-1.950452069321676613e-02
1.054091629955947155e+03	-2.076011227137296647e-02
1.056094273127753240e+03	-1.904978826443385481e-02
1.058096916299559552e+03	-2.043267793177663133e-02
1.060099559471365637e+03	-2.020982345537897934e-02
1.062102202643171950e+03	-2.046023318793858264e-02
1.064104845814978034e+03	-1.984984041253717163e-02
1.066107488986784119e+03	-1.950113550948228205e-02
1.068110132158590204e+03	-2.128139376133637156e-02
1.070112775330396516e+03	-1.949243554040382825e-02
1.072115418502202829e+03	-1.976073110663573856e-02
1.074118061674008914e+03	-1.868045986010503229e-02
1.076120704845814998e+03	-2.025252516390287777e-02
1.078123348017621083e+03	-1.919674656374816685e-02
1.080125991189427396e+03	-1.835753624238477613e-02
1.082128634361233480e+03	-1.954013191035601851e-02
1.084131277533039793e+03	-2.009235428606289536e-02
1.086133920704845877e+03	-1.949920437982381044e-02
1.088136563876651962e+03	-2.070774239945526868e-02
1.090139207048458047e+03	-1.851255250362763422e-02
1.092141850220264359e+03	-1.912552352213221438e-02
1.094144493392070672e+03	-1.876650669257779944e-02
1.096147136563876757e+03	-1.761452744370866491e-02
1.098149779735682841e+03	-1.955044591680043034e-02
1.100152422907488926e+03	-1.854800385428036907e-02
1.102155066079295239e+03	-1.721039312345728350e-02
1.104157709251101323e+03	-1.709098839811260678e-02
1.106160352422907636e+03	-1.897743674903863351e-02
1.108162995594713720e+03	-1.871752062231502728e-02
1.110165638766519805e+03	-1.990623963394854215e-02
1.112168281938325890e+03	-1.853011639638458760e-02
1.114170925110132202e+03	-1.780628308596588633e-02
1.116173568281938515e+03	-1.721264921258720479e-02
1.118176211453744600e+03	-1.805298579455814206e-02
1.120178854625550684e+03	-1.781272888502643398e-02
1.122181497797356769e+03	-1.822927218555048939e-02
1.124184140969163082e+03	-1.758955205998389421e-02
1.126186784140969166e+03	-1.947696602446024466e-02
1.128189427312775479e+03	-1.822057063947441630e-02
1.130192070484581564e+03	-1.810793558288504440e-02
1.132194713656387648e+03	-1.900869805533592777e-02
1.134197356828193733e+03	-1.799416966562401160e-02
1.136200000000000045e+03	-1.924750450314655775e-02
1.138202643171806358e+03	-1.806136493546236371e-02
1.140205286343612443e+03	-1.620778923752940609e-02
1.142207929515418527e+03	-1.772877550065866253e-02
1.144210572687224612e+03	-1.748513402069374820e-02
1.146213215859030697e+03	-1.964535592506621089e-02
1.148215859030837009e+03	-1.792407555066503205e-02
1.150218502202643322e+03	-1.850868478241598364e-02
1.152221145374449407e+03	-1.884997683699303136e-02
1.154223788546255491e+03	-1.520437988437252017e-02
1.156226431718061576e+03	-1.751284881601513493e-02
1.158229074889867888e+03	-1.549007897254808461e-02
1.160231718061674201e+03	-1.574483865727184170e-02
1.162234361233480286e+03	-1.771153348208569581e-02
1.164237004405286370e+03	-1.810857852884504432e-02
1.166239647577092455e+03	-1.664656858021124758e-02
1.168242290748898540e+03	-1.539404030469004349e-02
1.170244933920704852e+03	-1.587536210847350499e-02
1.172247577092511165e+03	-1.676017167166710814e-02
1.174250220264317250e+03	-1.777195923158286089e-02
1.176252863436123334e+03	-1.786171477022305970e-02
1.178255506607929419e+03	-1.772829240399758505e-02
1.180258149779735731e+03	-1.785204596834940455e-02
1.182260792951542044e+03	-1.692275994749286444e-02
1.184263436123348129e+03	-1.680077834364190198e-02
1.186266079295154213e+03	-1.775600666393611221e-02
1.188268722466960298e+03	-1.818463577533912037e-02
1.190271365638766383e+03	-1.591709555013630720e-02
1.192274008810572695e+03	-1.573098031044644490e-02
1.194276651982379008e+03	-1.669619972911728228e-02
1.196279295154185093e+03	-1.718509341823164921e-02
1.198281938325991177e+03	-1.484552431800701365e-02
1.200284581497797262e+03	-1.567329286782954620e-02
1.202287224669603575e+03	-1.739811920235549009e-02
1.204289867841409887e+03	-1.697384140124023194e-02
1.206292511013215972e+03	-1.708438221315799338e-02
1.208295154185022056e+03	-1.442543626001541700e-02
1.210297797356828141e+03	-1.705666627365824001e-02
1.212300440528634226e+03	-1.700913058743037248e-02
1.214303083700440538e+03	-1.642983825055292085e-02
1.216305726872246851e+03	-1.764031067089113364e-02
1.218308370044052936e+03	-1.677628553598384947e-02
1.220311013215859020e+03	-1.661240701673711434e-02
1.222313656387665105e+03	-1.627127752505356378e-02
1.224316299559471418e+03	-1.780273770588784027e-02
1.226318942731277730e+03	-1.665833243188214602e-02
1.228321585903083815e+03	-1.812791424907594234e-02
1.230324229074889899e+03	-1.743936986272010686e-02
1.232326872246695984e+03	-1.704474230955276698e-02
1.234329515418502069e+03	-1.597317096720194535e-02
1.236332158590308381e+03	-1.762532266863326910e-02
1.238334801762114694e+03	-1.746579629288711605e-02
1.240337444933920779e+03	-1.722505499872706985e-02
1.242340088105726863e+03	-1.698608647850750192e-02
1.244342731277532948e+03	-1.792568501956532528e-02
1.246345374449339261e+03	-1.727935930303480319e-02
1.248348017621145573e+03	-1.770814854161998492e-02
1.250350660792951658e+03	-1.714915972744889688e-02
1.252353303964757743e+03	-1.519181113828485183e-02
1.254355947136563827e+03	-1.666268208197236450e-02
1.256358590308370140e+03	-1.579140668253539020e-02
1.258361233480176224e+03	-1.866595580302008589e-02
1.260363876651982309e+03	-1.529300527338595637e-02
1.262366519823788622e+03	-1.597671529391554018e-02
1.264369162995594706e+03	-1.543931970961861036e-02
1.266371806167401019e+03	-1.727952053976116592e-02
1.268374449339207104e+03	-1.620230958569699592e-02
1.270377092511013188e+03	-1.490643435831274198e-02
1.272379735682819501e+03	-1.485744899029449104e-02
1.274382378854625586e+03	-1.522677760062270472e-02
1.276385022026431670e+03	-1.582798525212835219e-02
1.278387665198237983e+03	-1.559401245891924546e-02
1.280390308370044067e+03	-1.637601873992122065e-02
1.282392951541850152e+03	-1.793616077775434664e-02
1.284395594713656465e+03	-1.535391563421048197e-02
1.286398237885462549e+03	-1.614994014386970239e-02
1.288400881057268862e+03	-1.468132410868084291e-02
1.290403524229074947e+03	-1.375220037229031231e-02
1.292406167400881031e+03	-1.615703083736249462e-02
1.294408810572687344e+03	-1.503325046956901709e-02
1.296411453744493429e+03	-1.507691846367951657e-02
1.298414096916299513e+03	-1.705054238463966573e-02
1.300416740088105826e+03	-1.713997404591672755e-02
1.302419383259911910e+03	-1.589824178744008581e-02
1.304422026431717995e+03	-1.408704563868064599e-02
1.306424669603524308e+03	-1.583878193544515506e-02
1.308427312775330392e+03	-1.544447580023446641e-02
1.310429955947136705e+03	-1.602731319923327361e-02
1.312432599118942790e+03	-1.426897010639764304e-02
1.314435242290748874e+03	-1.573581355359825532e-02
1.316437885462555187e+03	-1.613205274469813738e-02
1.318440528634361272e+03	-1.709872332100511455e-02
1.320443171806167356e+03	-1.599299081011175058e-02
1.322445814977973669e+03	-1.485857604953578180e-02
1.324448458149779754e+03	-1.398504508814936952e-02
1.326451101321585838e+03	-1.577319827798074475e-02
1.328453744493392151e+03	-1.608306743727754701e-02
1.330456387665198235e+03	-1.430039307103342892e-02
1.332459030837004548e+03	-1.538211480118758037e-02
1.334461674008810633e+03	-1.589679087028910559e-02
1.336464317180616717e+03	-1.618877368970033509e-02
1.338466960352423030e+03	-1.546429536503562442e-02
1.340469603524229115e+03	-1.398552859271519691e-02
1.342472246696035199e+03	-1.486518263999273004e-02
1.344474889867841512e+03	-1.306510486828702314e-02
1.346477533039647597e+03	-1.503856791918780841e-02
1.348480176211453681e+03	-1.561592692171972011e-02
1.350482819383259994e+03	-1.632203621933777521e-02
1.352485462555066078e+03	-1.429152973118153445e-02
1.354488105726872391e+03	-1.385387784958780864e-02
1.356490748898678476e+03	-1.578270478110441882e-02
1.358493392070484560e+03	-1.434261067293699302e-02
1.360496035242290873e+03	-1.573645978500163439e-02
1.362498678414096958e+03	-1.413828847734641472e-02
1.364501321585903042e+03	-1.366566845309363266e-02
1.366503964757709355e+03	-1.467358883734298271e-02
1.368506607929515440e+03	-1.501004671181968217e-02
1.370509251101321524e+03	-1.721699930307817733e-02
1.372511894273127837e+03	-1.442318001122271966e-02
1.374514537444933922e+03	-1.334919183110466236e-02
1.376517180616740234e+03	-1.252819163030637929e-02
1.378519823788546319e+03	-1.392252244049332899e-02
1.380522466960352403e+03	-1.246566982069973947e-02
1.382525110132158716e+03	-1.387740373305967369e-02
1.384527753303964801e+03	-1.405578410386280550e-02
1.386530396475770885e+03	-1.423400274989227755e-02
1.388533039647577198e+03	-1.286706499687990599e-02
1.390535682819383283e+03	-1.356350571446308592e-02
1.392538325991189367e+03	-1.350098466014426103e-02
1.394540969162995680e+03	-1.459157086199261780e-02
1.396543612334801765e+03	-1.269239191955385225e-02
1.398546255506608077e+03	-1.605293578201778121e-02
1.400548898678414162e+03	-1.547122629458704511e-02
1.402551541850220246e+03	-1.373205709227800705e-02
1.404554185022026559e+03	-1.167915248966137562e-02
1.406556828193832644e+03	-1.442269734799453071e-02
1.408559471365638728e+03	-1.508465400015697802e-02
1.410562114537445041e+03	-1.419935905767133986e-02
1.412564757709251126e+03	-1.397569899087079161e-02
1.414567400881057210e+03	-1.333066160741457930e-02
1.416570044052863523e+03	-1.489612161468848936e-02
1.418572687224669608e+03	-1.425978568603116468e-02
1.420575330396475920e+03	-1.344539205500038838e-02
1.422577973568282005e+03	-1.572566284354125557e-02
1.424580616740088090e+03	-1.452985342929957215e-02
1.426583259911894402e+03	-1.630624391461083650e-02
1.428585903083700487e+03	-1.260247610567871192e-02
1.430588546255506571e+03	-1.204477644207093898e-02
1.432591189427312884e+03	-1.520131818752343267e-02
1.434593832599118969e+03	-1.336385638412871876e-02
1.436596475770925053e+03	-1.305076325751406904e-02
1.438599118942731366e+03	-1.363956367685156476e-02
1.440601762114537451e+03	-1.466359884202240137e-02
1.442604405286343763e+03	-1.437709635317988358e-02
1.444607048458149848e+03	-1.283822162412706115e-02
1.446609691629955933e+03	-1.290267721510466106e-02
1.448612334801762245e+03	-1.368838892893647387e-02
1.450614977973568330e+03	-1.539742348588822932e-02
1.452617621145374414e+03	-1.279004086857560805e-02
1.454620264317180727e+03	-1.364214177741298120e-02
1.456622907488986812e+03	-1.492206481692540977e-02
1.458625550660792896e+03	-1.325734336683957217e-02
1.460628193832599209e+03	-1.521356607701926725e-02
1.462630837004405294e+03	-1.374720401997505358e-02
1.464633480176211606e+03	-1.690374698655821434e-02
1.466636123348017691e+03	-1.356108926953720172e-02
1.468638766519823776e+03	-1.239976510680087032e-02
1.470641409691630088e+03	-1.505565001111237519e-02
1.472644052863436173e+03	-1.332453829758388150e-02
1.474646696035242257e+03	-1.210310870220689464e-02
1.476649339207048570e+03	-9.589831965348145221e-03
1.478651982378854655e+03	-1.239283564628234843e-02
1.480654625550660739e+03	-1.232934698138758375e-02
1.482657268722467052e+03	-1.231129932036690265e-02
1.484659911894273137e+03	-1.107520569821220449e-02
1.486662555066079449e+03	-1.145742598855497771e-02
1.488665198237885534e+03	-1.155120853028405656e-02
1.490667841409691619e+03	-1.338270901588344865e-02
1.492670484581497931e+03	-1.453194959203287298e-02
1.494673127753304016e+03	-1.435985261216720689e-02
1.496675770925110101e+03	-1.379425813737727470e-02
1.498678414096916413e+03	-1.334226353291471413e-02
1.500681057268722498e+03	-1.359396165187579976e-02
1.502683700440528582e+03	-1.172024364092309409e-02
1.504686343612334895e+03	-1.234384906937768291e-02
1.506688986784140980e+03	-1.385129950938656686e-02
1.508691629955947064e+03	-1.197484210935196094e-02
1.510694273127753377e+03	-1.363779092530651750e-02
1.512696916299559462e+03	-1.519309955116883784e-02
1.514699559471365774e+03	-1.376186856160314595e-02
1.516702202643171859e+03	-1.425317947545300980e-02
1.518704845814977944e+03	-1.418630631849789395e-02
1.520707488986784256e+03	-1.369112740285581033e-02
1.522710132158590341e+03	-1.434953981525143377e-02
1.524712775330396425e+03	-1.286738787146042909e-02
1.526715418502202738e+03	-1.422900790361545688e-02
1.528718061674008823e+03	-1.223830350785481622e-02
1.530720704845814907e+03	-1.320175086322623002e-02
1.532723348017621220e+03	-1.325170370316393863e-02
1.534725991189427305e+03	-1.155217683688473593e-02
1.536728634361233617e+03	-1.012948498432603671e-02
1.538731277533039702e+03	-1.241894007795875735e-02
1.540733920704845787e+03	-1.222911930026975881e-02
1.542736563876652099e+03	-1.178373215921905623e-02
1.544739207048458184e+03	-1.204574326694910283e-02
1.546741850220264269e+03	-1.217642677046973723e-02
1.548744493392070581e+03	-1.283145499856951435e-02
1.550747136563876666e+03	-1.339962937623486415e-02
1.552749779735682750e+03	-1.174699288631723612e-02
1.554752422907489063e+03	-1.522758422696829893e-02
1.556755066079295148e+03	-1.171363689112510723e-02
1.558757709251101460e+03	-1.328860428813186459e-02
1.560760352422907545e+03	-1.249193597336272984e-02
1.562762995594713630e+03	-1.373366859835871076e-02
1.564765638766519942e+03	-1.335998802869320899e-02
1.566768281938326027e+03	-1.246550906861874572e-02
1.568770925110132112e+03	-1.103347084536135045e-02
1.570773568281938424e+03	-1.164757021258300794e-02
1.572776211453744509e+03	-1.326282232161561311e-02
1.574778854625550593e+03	-1.290880049474494792e-02
1.576781497797356906e+03	-1.078273941775586761e-02
1.578784140969162991e+03	-1.212357247704970095e-02
1.580786784140969303e+03	-1.329730543819687694e-02
1.582789427312775388e+03	-1.354191393688708965e-02
1.584792070484581473e+03	-1.198435012361349049e-02
1.586794713656387785e+03	-1.072199123518790577e-02
1.588797356828193870e+03	-1.134414703008384574e-02
1.590799999999999955e+03	-1.226843733844738479e-02
1.592802643171806267e+03	-1.234497772206644660e-02
1.594805286343612352e+03	-1.385355659512261216e-02
1.596807929515418436e+03	-1.218851224089463961e-02
1.598810572687224749e+03	-1.341477578769420878e-02
1.600813215859030834e+03	-1.284418404715100340e-02
1.602815859030837146e+03	-1.141891422240256734e-02
1.604818502202643231e+03	-1.305833652672648039e-02
1.606821145374449316e+03	-1.259264710770898257e-02
1.608823788546255628e+03	-1.137282833558466745e-02
1.610826431718061713e+03	-1.262664671427652860e-02
1.612829074889867798e+03	-1.439288618087155094e-02
1.614831718061674110e+03	-1.409848615851530540e-02
1.616834361233480195e+03	-1.317983579159923146e-02
1.618837004405286280e+03	-9.412095428663638103e-03
1.620839647577092592e+03	-1.116495981625894099e-02
1.622842290748898677e+03	-1.210069163399881895e-02
1.624844933920704989e+03	-1.270560520443617981e-02
1.626847577092511074e+03	-1.291444057501711130e-02
1.628850220264317159e+03	-1.305624189350542384e-02
1.630852863436123471e+03	-1.228036052153048084e-02
1.632855506607929556e+03	-1.041631071716339965e-02
1.634858149779735641e+03	-1.167915381744131717e-02
1.636860792951541953e+03	-1.164885929985970056e-02
1.638863436123348038e+03	-1.106843855325536155e-02
1.640866079295154123e+03	-1.197371427139220720e-02
1.642868722466960435e+03	-1.213872044129853979e-02
1.644871365638766520e+03	-1.102944339806127307e-02
1.646874008810572832e+03	-1.173668000905550221e-02
1.648876651982378917e+03	-1.178808329259102908e-02
1.650879295154185002e+03	-1.273590018733588604e-02
1.652881938325991314e+03	-1.181128778352184480e-02
1.654884581497797399e+03	-9.150246788856047225e-03
1.656887224669603484e+03	-1.087152786048325645e-02
1.658889867841409796e+03	-1.208135498874772853e-02
1.660892511013215881e+03	-1.244230548862579680e-02
1.662895154185021966e+03	-1.441576765793037632e-02
1.664897797356828278e+03	-1.213968739783801223e-02
1.666900440528634363e+03	-1.192150539363850438e-02
1.668903083700440675e+03	-1.221107117220221125e-02
1.670905726872246760e+03	-1.196307881523507935e-02
1.672908370044052845e+03	-1.119412665881183364e-02
1.674911013215859157e+03	-1.147756886145235092e-02
1.676913656387665242e+03	-1.308476411393577100e-02
1.678916299559471327e+03	-1.385323388931753406e-02
1.680918942731277639e+03	-1.081271139390226933e-02
1.682921585903083724e+03	-1.135461979240584215e-02
1.684924229074889809e+03	-1.034879388541364888e-02
1.686926872246696121e+03	-1.171992071783101511e-02
1.688929515418502206e+03	-1.236576366665896251e-02
1.690932158590308518e+03	-1.128243013341065012e-02
1.692934801762114603e+03	-1.035330550910855754e-02
1.694937444933920688e+03	-1.275926410267549937e-02
1.696940088105727000e+03	-1.129161502687349786e-02
1.698942731277533085e+03	-1.214065382847856998e-02
1.700945374449339170e+03	-1.014608157698722660e-02
1.702948017621145482e+03	-1.189378966980782562e-02
1.704950660792951567e+03	-9.983815171443647524e-03
1.706953303964757652e+03	-1.121491316442535004e-02
1.708955947136563964e+03	-1.123006022937918583e-02
1.710958590308370049e+03	-1.095451373290096467e-02
1.712961233480176361e+03	-8.978149853231847527e-03
1.714963876651982446e+03	-1.225731843590405559e-02
1.716966519823788531e+03	-1.064657760231705122e-02
1.718969162995594843e+03	-8.939477146092649623e-03
1.720971806167400928e+03	-1.096482580195434417e-02
1.722974449339207013e+03	-1.199707935505834287e-02
1.724977092511013325e+03	-1.230855958515704798e-02
1.726979735682819410e+03	-1.285917042084531656e-02
1.728982378854625495e+03	-1.191667090474081772e-02
1.730985022026431807e+03	-1.286239286341775423e-02
1.732987665198237892e+03	-1.180419703745331714e-02
1.734990308370044204e+03	-1.163757969293864949e-02
1.736992951541850289e+03	-1.054554429729149048e-02
1.738995594713656374e+03	-1.135864915243883430e-02
1.740998237885462686e+03	-1.088812450473137031e-02
1.743000881057268771e+03	-1.076275880775157644e-02
1.745003524229074856e+03	-1.113547249053530898e-02
1.747006167400881168e+03	-1.073375370407863780e-02
1.749008810572687253e+03	-1.283741683096519502e-02
1.751011453744493338e+03	-1.239928151322459635e-02
1.753014096916299650e+03	-1.319820577388977970e-02
1.755016740088105735e+03	-1.116560524036693328e-02
1.757019383259912047e+03	-1.054377135941019991e-02
1.759022026431718132e+03	-1.154959761226350204e-02
1.761024669603524217e+03	-1.143712339867776831e-02
1.763027312775330529e+03	-1.076275877576711795e-02
1.765029955947136614e+03	-1.141827039832151239e-02
1.767032599118942699e+03	-1.116415485981003472e-02
1.769035242290749011e+03	-9.580002298110673956e-03
1.771037885462555096e+03	-9.426759936146760638e-03
1.773040528634361181e+03	-1.044096471217568697e-02
1.775043171806167493e+03	-1.026951324609995733e-02
1.777045814977973578e+03	-9.708107191971734190e-03
1.779048458149779890e+03	-1.186994068803792421e-02
1.781051101321585975e+03	-1.101703457512357917e-02
1.783053744493392060e+03	-1.205637799470725066e-02
1.785056387665198372e+03	-9.351346299100709442e-03
1.787059030837004457e+03	-8.617038712026413999e-03
1.789061674008810542e+03	-9.899218031844198712e-03
1.791064317180616854e+03	-1.005165456605368671e-02
1.793066960352422939e+03	-1.069443594569719283e-02
1.795069603524229024e+03	-1.108874194229380813e-02
1.797072246696035336e+03	-1.045965677547386688e-02
1.799074889867841421e+03	-8.893391265833865827e-03
1.801077533039647733e+03	-1.044644400793770175e-02
1.803080176211453818e+03	-8.879533469228210324e-03
1.805082819383259903e+03	-1.021408136664084601e-02
1.807085462555066215e+03	-9.453185672841517978e-03
1.809088105726872300e+03	-1.127147270444896557e-02
1.811090748898678385e+03	-1.081528971277024263e-02
1.813093392070484697e+03	-1.114336780993366652e-02
1.815096035242290782e+03	-1.056633085198294651e-02
1.817098678414096867e+03	-9.120919131486621839e-03
1.819101321585903179e+03	-8.620584404872396606e-03
1.821103964757709264e+03	-1.200481372084659035e-02
1.823106607929515576e+03	-9.437877938540579353e-03
1.825109251101321661e+03	-9.527471466474651471e-03
1.827111894273127746e+03	-1.014060319497709847e-02
1.829114537444934058e+03	-9.538428314330698460e-03
1.831117180616740143e+03	-1.117752872687956603e-02
1.833119823788546228e+03	-8.029367421670482313e-03
1.835122466960352540e+03	-1.030238600756187492e-02
1.837125110132158625e+03	-1.058711805070570652e-02
1.839127753303964710e+03	-8.292989339001449051e-03
1.841130396475771022e+03	-9.026974893513079606e-03
1.843133039647577107e+03	-9.602722829918858630e-03
1.845135682819383419e+03	-8.088342802425669414e-03
1.847138325991189504e+03	-9.043572272260441344e-03
1.849140969162995589e+03	-8.709854912491678952e-03
1.851143612334801901e+03	-8.635247560234985548e-03
1.853146255506607986e+03	-7.891432542619630092e-03
1.855148898678414071e+03	-9.436911799763716274e-03
1.857151541850220383e+03	-9.479290870732997448e-03
1.859154185022026468e+03	-1.172378899784615701e-02
1.861156828193832553e+03	-1.012158897266104626e-02
1.863159471365638865e+03	-9.018756764545049834e-03
1.865162114537444950e+03	-9.281412673160824994e-03
1.867164757709251262e+03	-9.034387910739790500e-03
1.869167400881057347e+03	-9.280285337470679102e-03
1.871170044052863432e+03	-1.020699286716020629e-02
1.873172687224669744e+03	-9.167810126754074446e-03
1.875175330396475829e+03	-1.080884467002799290e-02
1.877177973568281914e+03	-8.148609653172326356e-03
1.879180616740088226e+03	-6.512409462402354507e-03
1.881183259911894311e+03	-8.251738219711344385e-03
1.883185903083700396e+03	-7.091218552247308474e-03
1.885188546255506708e+03	-6.134055422891483353e-03
1.887191189427312793e+03	-7.612179338630284571e-03
1.889193832599119105e+03	-1.000041257584740814e-02
1.891196475770925190e+03	-9.811074974917618347e-03
1.893199118942731275e+03	-7.889498785733601444e-03
1.895201762114537587e+03	-9.299782562997110230e-03
1.897204405286343672e+03	-9.656865376507974691e-03
1.899207048458149757e+03	-9.833311886135936292e-03
1.901209691629956069e+03	-8.995874737603899024e-03
1.903212334801762154e+03	-1.074132699988285602e-02
1.905214977973568239e+03	-8.110419460147571744e-03
1.907217621145374551e+03	-1.045772304344346273e-02
1.909220264317180636e+03	-8.385804976064916566e-03
1.911222907488986948e+03	-8.920462300783086468e-03
1.913225550660793033e+03	-8.422705220184772273e-03
1.915228193832599118e+03	-9.585802955519756238e-03
1.917230837004405430e+03	-1.097674996103697488e-02
1.919233480176211515e+03	-8.516488843664928726e-03
1.921236123348017600e+03	-8.175680635729213469e-03
1.923238766519823912e+03	-9.611424244503169803e-03
1.925241409691629997e+03	-7.870161874830966867e-03
1.927244052863436082e+03	-9.203099186583647145e-03
1.929246696035242394e+03	-7.952019967766916358e-03
1.931249339207048479e+03	-9.345384350262535972e-03
1.933251982378854791e+03	-9.108833179145774811e-03
1.935254625550660876e+03	-1.020409170485278919e-02
1.937257268722466961e+03	-8.744015672353413343e-03
1.939259911894273273e+03	-9.957388775382453733e-03
1.941262555066079358e+03	-9.645907912963196801e-03
1.943265198237885443e+03	-9.134132686653920891e-03
1.945267841409691755e+03	-1.036877530305842579e-02
1.947270484581497840e+03	-7.696777237819393651e-03
1.949273127753303925e+03	-8.304269227180045149e-03
1.951275770925110237e+03	-7.469572086996742119e-03
1.953278414096916322e+03	-8.553549863567124628e-03
1.955281057268722634e+03	-8.970254410935568981e-03
1.957283700440528719e+03	-9.432882765541720366e-03
1.959286343612334804e+03	-8.891780410068422097e-03
1.961288986784141116e+03	-8.448488489006918817e-03
1.963291629955947201e+03	-8.336819259224640538e-03
1.965294273127753286e+03	-9.680069419170971717e-03
1.967296916299559598e+03	-6.718183231157334560e-03
1.969299559471365683e+03	-7.585269553748062547e-03
1.971302202643171768e+03	-8.328762147813511402e-03
1.973304845814978080e+03	-8.801219971468172282e-03
1.975307488986784165e+03	-9.866023027462717671e-03
1.977310132158590477e+03	-9.143317148222956242e-03
1.979312775330396562e+03	-8.217737799015628966e-03
1.981315418502202647e+03	-8.455900073828010247e-03
1.983318061674008959e+03	-7.710151537776152759e-03
1.985320704845815044e+03	-9.489281399529075206e-03
1.987323348017621129e+03	-8.320705426106671937e-03
1.989325991189427441e+03	-9.337649854296806856e-03
1.991328634361233526e+03	-9.337972327437066983e-03
1.993331277533039611e+03	-8.301046264779472078e-03
1.995333920704845923e+03	-8.989268748832917461e-03
1.997336563876652008e+03	-1.016912450051988062e-02
1.999339207048458320e+03	-9.088691167533075391e-03
2.001341850220264405e+03	-9.662666792155489084e-03
2.003344493392070490e+03	-7.941224089575708162e-03
2.005347136563876802e+03	-9.198104501763188640e-03
2.007349779735682887e+03	-9.694250064243317005e-03
2.009352422907488972e+03	-8.717106023281346108e-03
2.011355066079295284e+03	-8.756423655123541511e-03
2.013357709251101369e+03	-8.684556372438239497e-03
2.015360352422907454e+03	-8.262695434788896315e-03
2.017362995594713766e+03	-1.024808199670343076e-02
2.019365638766519851e+03	-9.471878600730903805e-03
2.021368281938326163e+03	-9.355214461674515175e-03
2.023370925110132248e+03	-8.216448343391271475e-03
2.025373568281938333e+03	-8.789296273163677703e-03
2.027376211453744645e+03	-9.209384320302754084e-03
2.029378854625550730e+03	-8.855685269184527392e-03
2.031381497797356815e+03	-6.354655113445200135e-03
2.033384140969163127e+03	-8.182126664838456492e-03
2.035386784140969212e+03	-7.973935124237111621e-03
2.037389427312775297e+03	-7.643601760315791097e-03
2.039392070484581609e+03	-9.098681897467455343e-03
2.041394713656387694e+03	-9.810430594761092998e-03
2.043397356828193779e+03	-8.260600942515189046e-03
2.045400000000000091e+03	-8.249804245353537305e-03
2.047402643171806176e+03	-9.001354512954969772e-03
2.049405286343612715e+03	-8.303785583869177991e-03
2.051407929515418800e+03	-6.550438494763719151e-03
2.053410572687224885e+03	-7.878380150264176901e-03
2.055413215859030970e+03	-8.329567456881353457e-03
2.057415859030837055e+03	-7.757686894920376268e-03
2.059418502202643140e+03	-9.733084675439731409e-03
2.061421145374449225e+03	-8.541303741622281037e-03
2.063423788546255309e+03	-5.478061615522044139e-03
2.065426431718061394e+03	-8.670697494061612581e-03
2.067429074889867934e+03	-9.408228851467411585e-03
2.069431718061674019e+03	-8.478460274964899970e-03
2.071434361233480558e+03	-8.044030484242254558e-03
2.073437004405286643e+03	-9.952554024102677060e-03
2.075439647577092728e+03	-7.710473617035104241e-03
2.077442290748898813e+03	-8.568052806888600686e-03
2.079444933920704898e+03	-9.456891991577395101e-03
2.081447577092510983e+03	-8.142647638476521038e-03
2.083450220264317068e+03	-9.130748231815827981e-03
2.085452863436123152e+03	-7.741896045371124239e-03
2.087455506607929237e+03	-7.487619916071888530e-03
2.089458149779735777e+03	-8.933192046688551852e-03
2.091460792951541862e+03	-8.434790905634665520e-03
2.093463436123348401e+03	-8.501340960230413871e-03
2.095466079295154486e+03	-7.247040263253215833e-03
2.097468722466960571e+03	-9.241612135954781898e-03
2.099471365638766656e+03	-8.410459875020110526e-03
2.101474008810572741e+03	-7.411723535130134051e-03
2.103476651982378826e+03	-7.662132317674122568e-03
2.105479295154184911e+03	-8.422061383180339672e-03
2.107481938325990996e+03	-8.017926418820677664e-03
2.109484581497797080e+03	-9.462049730542518994e-03
2.111487224669603620e+03	-7.577051909991037830e-03
2.113489867841409705e+03	-6.209630742857677119e-03
2.115492511013216244e+03	-7.519847864394716037e-03
2.117495154185022329e+03	-8.272847692311079831e-03
2.119497797356828414e+03	-7.846959310157834017e-03
2.121500440528634499e+03	-8.472014750143924341e-03
2.123503083700440584e+03	-6.188521231266173525e-03
2.125505726872246669e+03	-7.931233517290279394e-03
2.127508370044052754e+03	-7.444917709520983314e-03
2.129511013215858839e+03	-9.110928410460577762e-03
2.131513656387664923e+03	-7.770094744767694524e-03
2.133516299559471463e+03	-8.533408268462567420e-03
2.135518942731277548e+03	-7.025474091555436278e-03
2.137521585903084087e+03	-8.021310020994178863e-03
2.139524229074890172e+03	-8.853267402697071603e-03
2.141526872246696257e+03	-8.779788636638471283e-03
2.143529515418502342e+03	-8.725162240289217191e-03
2.145532158590308427e+03	-8.452838364618780326e-03
2.147534801762114512e+03	-7.391580661913807644e-03
2.149537444933920597e+03	-7.244622499479399722e-03
2.151540088105726682e+03	-7.551269542673192184e-03
2.153542731277532766e+03	-7.761555059178390330e-03
2.155545374449339306e+03	-7.684047089898544611e-03
2.157548017621145391e+03	-7.456680527281403688e-03
2.159550660792951930e+03	-7.533544285567119088e-03
2.161553303964758015e+03	-8.182932779359868708e-03
2.163555947136564100e+03	-6.951189658423487586e-03
2.165558590308370185e+03	-7.203370971843351192e-03
2.167561233480176270e+03	-6.502741452056265067e-03
2.169563876651982355e+03	-6.147269604522108064e-03
2.171566519823788440e+03	-7.255902090087282090e-03
2.173569162995594525e+03	-7.537089398373444764e-03
2.175571806167400609e+03	-9.287375271507639779e-03
2.177574449339207149e+03	-6.923312578600346497e-03
2.179577092511013234e+03	-7.597515923025563098e-03
2.181579735682819774e+03	-7.373211707522494759e-03
2.183582378854625858e+03	-8.140069136348298748e-03
2.185585022026431943e+03	-7.182101213749833568e-03
2.187587665198238028e+03	-7.124091348938589759e-03
2.189590308370044113e+03	-5.982747658034340624e-03
2.191592951541850198e+03	-7.641667407359967364e-03
2.193595594713656283e+03	-8.920462501026977381e-03
2.195598237885462368e+03	-8.815239674507719531e-03
2.197600881057268452e+03	-6.386237833440808025e-03
2.199603524229074992e+03	-5.500620993144347479e-03
2.201606167400881077e+03	-6.579765568925058546e-03
2.203608810572687617e+03	-7.459742566302708829e-03
2.205611453744493701e+03	-8.114448241036045090e-03
2.207614096916299786e+03	-6.939426768718689673e-03
2.209616740088105871e+03	-7.525003364040797234e-03
2.211619383259911956e+03	-5.945846271749708964e-03
2.213622026431718041e+03	-4.788550177368457519e-03
2.215624669603524126e+03	-6.564618359442034659e-03
2.217627312775330211e+03	-6.314209221765636551e-03
2.219629955947136295e+03	-7.591070390609128485e-03
2.221632599118942835e+03	-6.032216997512609806e-03
2.223635242290748920e+03	-6.994213225091981505e-03
2.225637885462555460e+03	-7.236081904124734392e-03
2.227640528634361544e+03	-7.915441569622099979e-03
2.229643171806167629e+03	-7.937034516823180536e-03
2.231645814977973714e+03	-7.182101132455770073e-03
2.233648458149779799e+03	-6.210919147051496489e-03
2.235651101321585884e+03	-5.353501874606050870e-03
2.237653744493391969e+03	-7.162764408991262148e-03
2.239656387665198054e+03	-8.076258164587927710e-03
2.241659030837004138e+03	-6.819539620512633793e-03
2.243661674008810678e+03	-7.863072428773007147e-03
2.245664317180616763e+03	-7.646501898084046359e-03
2.247666960352423303e+03	-5.113405619232692587e-03
2.249669603524229387e+03	-7.276689645653333996e-03
2.251672246696035472e+03	-5.770689373671472958e-03
2.253674889867841557e+03	-6.263128344287054346e-03
2.255677533039647642e+03	-5.759087263202204363e-03
2.257680176211453727e+03	-8.245614687708761534e-03
2.259682819383259812e+03	-7.795232853330720350e-03
2.261685462555065897e+03	-6.342247850111721111e-03
2.263688105726871981e+03	-7.486813876747641650e-03
2.265690748898678521e+03	-7.439761044579207110e-03
2.267693392070484606e+03	-6.217365117547689335e-03
2.269696035242291146e+03	-7.176622589705488990e-03
2.271698678414097230e+03	-6.410731249756052019e-03
2.273701321585903315e+03	-7.353713441521951381e-03
2.275703964757709400e+03	-8.086571575472042278e-03
2.277706607929515485e+03	-6.945388924431784849e-03
2.279709251101321570e+03	-8.564185792088738550e-03
2.281711894273127655e+03	-8.180675383580110482e-03
2.283714537444934194e+03	-7.612824715199198282e-03
2.285717180616740279e+03	-6.431840372171126682e-03
2.287719823788546364e+03	-6.430389501910724684e-03
2.289722466960352449e+03	-7.360642660977685485e-03
2.291725110132158534e+03	-6.894629957499587639e-03
2.293727753303964619e+03	-8.105746666461943403e-03
2.295730396475771158e+03	-6.561718359422488538e-03
2.297733039647577243e+03	-7.655364505151929407e-03
2.299735682819383328e+03	-5.921353719920430421e-03
2.301738325991189413e+03	-5.205415157857288568e-03
2.303740969162995498e+03	-8.193083721774480771e-03
2.305743612334802037e+03	-7.163248871283278696e-03
2.307746255506608122e+03	-8.577399152682064348e-03
2.309748898678414207e+03	-7.790559411633401696e-03
2.311751541850220292e+03	-7.426225745038973931e-03
2.313754185022026377e+03	-7.564482757184465278e-03
2.315756828193832462e+03	-8.219349575970827382e-03
2.317759471365639001e+03	-7.411079570777247619e-03
2.319762114537445086e+03	-6.742676378969987734e-03
2.321764757709251171e+03	-8.388384406392378548e-03
2.323767400881057256e+03	-7.492131060330255513e-03
2.325770044052863341e+03	-8.838604440381859356e-03
2.327772687224669880e+03	-8.406431069946497178e-03
2.329775330396475965e+03	-7.443306315107031841e-03
2.331777973568282050e+03	-8.470885973863378007e-03
2.333780616740088135e+03	-7.150517925294861028e-03
2.335783259911894220e+03	-7.330026492454569213e-03
2.337785903083700305e+03	-7.798616501872449383e-03
2.339788546255506844e+03	-6.624400785547282511e-03
2.341791189427312929e+03	-6.821634051219873859e-03
2.343793832599119014e+03	-6.973265652459722727e-03
2.345796475770925099e+03	-8.649588849044140271e-03
2.347799118942731184e+03	-7.851308992695617966e-03
2.349801762114537723e+03	-5.246344748092825541e-03
2.351804405286343808e+03	-5.959865340241321183e-03
2.353807048458149893e+03	-7.933650744248522610e-03
2.355809691629955978e+03	-6.318882404110211064e-03
2.357812334801762063e+03	-8.685683771219799426e-03
2.359814977973568148e+03	-9.157013796526279267e-03
2.361817621145374687e+03	-7.216906954451785330e-03
2.363820264317180772e+03	-6.717216357237894460e-03
2.365822907488986857e+03	-6.636969988671236401e-03
2.367825550660792942e+03	-5.692858763189478921e-03
2.369828193832599027e+03	-8.120732402195870656e-03
2.371830837004405566e+03	-6.651633726513154002e-03
2.373833480176211651e+03	-5.458403448163421864e-03
2.375836123348017736e+03	-6.348531589634999819e-03
2.377838766519823821e+03	-7.712729514107621691e-03
2.379841409691629906e+03	-7.516301808799733322e-03
2.381844052863435991e+03	-7.576084907277893729e-03
2.383846696035242530e+03	-7.903678063754412259e-03
2.385849339207048615e+03	-7.298120255666966719e-03
2.387851982378854700e+03	-8.077064402827448600e-03
2.389854625550660785e+03	-7.150517028133821992e-03
2.391857268722466870e+03	-6.473090629114974445e-03
2.393859911894273409e+03	-8.300562919779345614e-03
2.395862555066079494e+03	-7.099757669059000853e-03
2.397865198237885579e+03	-5.816452477712350314e-03
2.399867841409691664e+03	-6.938781609344529464e-03
2.401870484581497749e+03	-6.116010524044234939e-03
2.403873127753303834e+03	-8.103012730624904042e-03
2.405875770925110373e+03	-7.554972129273062817e-03
2.407878414096916458e+03	-5.447304496458958180e-03
2.409881057268722543e+03	-7.050448623959773564e-03
2.411883700440528628e+03	-6.484538122117003769e-03
2.413886343612334713e+03	-6.653551363770664369e-03
2.415888986784141252e+03	-6.891116231763380270e-03
2.417891629955947337e+03	-5.809210042280318551e-03
2.419894273127753422e+03	-8.265296107552203356e-03
2.421896916299559507e+03	-5.696245509628898931e-03
2.423899559471365592e+03	-5.904413965718812926e-03
2.425902202643171677e+03	-5.798864784012406140e-03
2.427904845814978216e+03	-5.462425510094242806e-03
2.429907488986784301e+03	-6.350062980674522559e-03
2.431910132158590386e+03	-7.021500604786163821e-03
2.433912775330396471e+03	-7.215781441397603468e-03
2.435915418502202556e+03	-7.254374042535640006e-03
2.437918061674009095e+03	-7.474654653103764493e-03
2.439920704845815180e+03	-7.056405680026893272e-03
2.441923348017621265e+03	-7.404797024272491424e-03
2.443925991189427350e+03	-7.333316937824724442e-03
2.445928634361233435e+03	-5.230338644770688404e-03
2.447931277533039520e+03	-5.531053810082986119e-03
2.449933920704846059e+03	-5.448079456013244296e-03
2.451936563876652144e+03	-6.862075509320953066e-03
2.453939207048458229e+03	-5.996441124673174486e-03
2.455941850220264314e+03	-6.400244565898506252e-03
2.457944493392070399e+03	-7.226491978800200430e-03
2.459947136563876938e+03	-7.722409746793147678e-03
2.461949779735683023e+03	-4.881435391772234386e-03
2.463952422907489108e+03	-6.744254501343249775e-03
2.465955066079295193e+03	-5.589340454340066371e-03
2.467957709251101278e+03	-6.541416291387840490e-03
2.469960352422907363e+03	-6.782206238437555983e-03
2.471962995594713902e+03	-7.651193389116471393e-03
2.473965638766519987e+03	-6.531489836001829960e-03
2.475968281938326072e+03	-8.316048794110702039e-03
2.477970925110132157e+03	-8.142176014635207210e-03
2.479973568281938242e+03	-4.956171512152302006e-03
2.481976211453744781e+03	-6.960154124723075264e-03
2.483978854625550866e+03	-4.992678530779506678e-03
2.485981497797356951e+03	-6.626141988694241383e-03
2.487984140969163036e+03	-7.161190585408316878e-03
2.489986784140969121e+03	-7.956005550486526523e-03
2.491989427312775206e+03	-6.157032098552396929e-03
2.493992070484581745e+03	-5.954087203193065073e-03
2.495994713656387830e+03	-6.462772006950205476e-03
2.497997356828193915e+03	-7.352598428621686007e-03
2.500000000000000000e+03	-5.230424711810541076e-03
