1.900000000000000000e+02	4.650452661419918307e-04
1.910434782608695627e+02	1.779290168685434322e-03
1.920869565217391255e+02	3.553099049249942550e-04
1.931304347826086882e+02	4.782584255412397384e-04
1.941739130434782510e+02	-1.391269699518978649e-03
1.952173913043478137e+02	-5.770371535207569503e-04
1.962608695652173765e+02	-1.200159448083997545e-03
1.973043478260869676e+02	1.101703049303854503e-03
1.983478260869565304e+02	-4.787427045380847107e-04
1.993913043478260931e+02	2.098019328689637640e-04
2.004347826086956559e+02	1.659080829222573479e-03
2.014782608695652186e+02	6.398803205770328077e-04
2.025217391304347814e+02	6.606621711439120419e-05
2.035652173913043441e+02	3.904377539480726909e-04
2.046086956521739069e+02	4.012306304596598529e-05
2.056521739130434696e+02	8.134265659953284194e-04
2.066956521739130324e+02	1.437998999242840175e-03
2.077391304347826235e+02	2.014227296338214708e-04
2.087826086956521863e+02	1.933626567416365740e-05
2.098260869565217490e+02	5.172516808297229464e-05
2.108695652173913118e+02	7.821657725038070469e-04
2.119130434782608745e+02	5.578611553569473493e-04
2.129565217391304373e+02	-8.379313142015124618e-06
2.140000000000000000e+02	2.732906892063737556e-04
2.150000000000000000e+02	-1.718541509680342931e-03
2.155263157894736707e+02	-2.159416302689147991e-03
2.160526315789473699e+02	-2.446629991828779341e-02
2.165789473684210407e+02	1.056244478479621690e-01
2.171052631578947398e+02	3.001686586281783128e-02
2.176315789473684106e+02	2.612182740049635507e-02
2.181578947368421098e+02	2.681327227459513393e-02
2.186842105263157805e+02	1.560818988061226167e-02
2.192105263157894797e+02	1.430602101687878346e-02
2.197368421052631504e+02	1.233273007471844332e-02
2.202631578947368496e+02	-1.698081253740200232e-03
2.207894736842105203e+02	-6.818571796537745318e-03
2.213157894736842195e+02	-1.595109483649819566e-03
2.218421052631578902e+02	-1.002522988008443597e-02
2.223684210526315894e+02	-3.206848010344452715e-02
2.228947368421052602e+02	-5.945846662854156403e-03
2.234210526315789593e+02	-1.474593979724219718e-02
2.239473684210526301e+02	-2.020740497788504203e-02
2.244736842105263008e+02	-3.028516030605282044e-02
2.250000000000000000e+02	5.342385902851186016e-03
2.270000000000000000e+02	-5.419359630633231728e-02
2.290026431718061701e+02	-1.085389853396136750e-01
2.310052863436123403e+02	-1.007484267278610651e-01
2.330079295154185104e+02	-1.657250815363552898e-01
2.350105726872246805e+02	-1.594145776745971577e-01
2.370132158590308222e+02	-1.996642406140391457e-01
2.390158590308369924e+02	-2.288694558462417983e-01
2.410185022026431625e+02	-2.606989663053619344e-01
2.430211453744493326e+02	-2.893569622730620128e-01
2.450237885462555028e+02	-3.217087457580508625e-01
2.470264317180616729e+02	-3.554217965900260401e-01
2.490290748898678430e+02	-3.880072282483068014e-01
2.510317180616740131e+02	-4.497288906570647282e-01
2.530343612334801833e+02	-4.543147226976568254e-01
2.550370044052863534e+02	-4.853938290395506949e-01
2.570396475770925235e+02	-5.156751400619457026e-01
2.590422907488986652e+02	-5.546621468188643878e-01
2.610449339207048638e+02	-5.848011696847399410e-01
2.630475770925110055e+02	-5.839974379934005366e-01
2.650502202643172041e+02	-6.473086079578423968e-01
2.670528634361233458e+02	-6.646766056151471869e-01
2.690555066079294875e+02	-6.973102212456472326e-01
2.710581497797356860e+02	-7.532563927043700591e-01
2.730607929515418277e+02	-7.562889152582024099e-01
2.750634361233480263e+02	-7.540091041262357852e-01
2.770660792951541680e+02	-8.297652508027002494e-01
2.790687224669603665e+02	-8.157545839337160265e-01
2.810713656387665083e+02	-8.505708462008513271e-01
2.830740088105727068e+02	-8.777116043405335244e-01
2.850766519823788485e+02	-9.076999320166375673e-01
2.870792951541850471e+02	-9.359594720697298476e-01
2.890819383259911888e+02	-9.543837986791341432e-01
2.910845814977973305e+02	-9.799231575483261514e-01
2.930872246696035290e+02	-1.005315392882460745e+00
2.950898678414097276e+02	-1.026759045105078538e+00
2.970925110132158693e+02	-1.060085350861289744e+00
2.990951541850220110e+02	-1.070742256074484811e+00
3.010977973568282096e+02	-1.095687989624296588e+00
3.031004405286343513e+02	-1.119149733155951454e+00
3.051030837004405498e+02	-1.137054826261469698e+00
3.071057268722466915e+02	-1.159637985650161074e+00
3.091083700440528901e+02	-1.183187543005427056e+00
3.111110132158590318e+02	-1.193480314686903965e+00
3.131136563876651735e+02	-1.209281368823619029e+00
3.151162995594713720e+02	-1.234679776776109295e+00
3.171189427312775706e+02	-1.238449846668534970e+00
3.191215859030837123e+02	-1.262341470979548630e+00
3.211242290748898540e+02	-1.273695800037490944e+00
3.231268722466960526e+02	-1.303359363552144767e+00
3.251295154185021943e+02	-1.328041942775185280e+00
3.271321585903083928e+02	-1.326425018937700484e+00
3.291348017621145345e+02	-1.344205109202740278e+00
3.311374449339207331e+02	-1.357190350055188066e+00
3.331400881057268748e+02	-1.369525064919648427e+00
3.351427312775330165e+02	-1.385907409063769524e+00
3.371453744493392151e+02	-1.392765354533425093e+00
3.391480176211454136e+02	-1.404306531403845870e+00
3.411506607929515553e+02	-1.409040756690523422e+00
3.431533039647576970e+02	-1.422177240377047180e+00
3.451559471365638956e+02	-1.436798520694553272e+00
3.471585903083700373e+02	-1.449185230124823587e+00
3.491612334801762358e+02	-1.458713441122228449e+00
3.511638766519823776e+02	-1.462606073965416531e+00
3.531665198237885761e+02	-1.473877959435708984e+00
3.551691629955947178e+02	-1.485432695994733709e+00
3.571718061674008595e+02	-1.490298624783767734e+00
3.591744493392070581e+02	-1.505041112436191764e+00
3.611770925110132566e+02	-1.492702815056081489e+00
3.631797356828193983e+02	-1.504969587810245146e+00
3.651823788546255400e+02	-1.516165700228670143e+00
3.671850220264317386e+02	-1.530135042672124523e+00
3.691876651982378803e+02	-1.530090697933192079e+00
3.711903083700440220e+02	-1.530178695635854513e+00
3.731929515418502206e+02	-1.547588454590930862e+00
3.751955947136564191e+02	-1.555329495961453201e+00
3.771982378854625608e+02	-1.557230485199245562e+00
3.792008810572687025e+02	-1.563866613960125829e+00
3.812035242290749011e+02	-1.566959712221307921e+00
3.832061674008810996e+02	-1.573618436786851316e+00
3.852088105726872413e+02	-1.575436388417116529e+00
3.872114537444933831e+02	-1.575754473300938319e+00
3.892140969162995816e+02	-1.576439899284228563e+00
3.912167400881057233e+02	-1.589300962705353815e+00
3.932193832599118650e+02	-1.581631785878791607e+00
3.952220264317180636e+02	-1.586602029924996327e+00
3.972246696035242621e+02	-1.594974577179045339e+00
3.992273127753304038e+02	-1.595489448648552244e+00
4.012299559471365455e+02	-1.592534273118142663e+00
4.032325991189427441e+02	-1.594300674393279937e+00
4.052352422907489427e+02	-1.592333282802551597e+00
4.072378854625550844e+02	-1.597794071579641040e+00
4.092405286343612261e+02	-1.609557473373084191e+00
4.112431718061674246e+02	-1.604145808876205503e+00
4.132458149779735663e+02	-1.605918250833432648e+00
4.152484581497797080e+02	-1.600970394248306672e+00
4.172511013215859066e+02	-1.612588912919002082e+00
4.192537444933921051e+02	-1.600710817784368301e+00
4.212563876651982469e+02	-1.601001546155956801e+00
4.232590308370043886e+02	-1.599303549444836658e+00
4.252616740088105871e+02	-1.595862425284813479e+00
4.272643171806167857e+02	-1.592417217859346312e+00
4.292669603524229274e+02	-1.593883040485529090e+00
4.312696035242290691e+02	-1.596537046099947954e+00
4.332722466960352676e+02	-1.590461925457277159e+00
4.352748898678414093e+02	-1.584344812208233311e+00
4.372775330396475510e+02	-1.588483351770066054e+00
4.392801762114537496e+02	-1.581340030779285311e+00
4.412828193832599482e+02	-1.579182502713895264e+00
4.432854625550660899e+02	-1.583199363123606984e+00
4.452881057268722316e+02	-1.585670495267041291e+00
4.472907488986784301e+02	-1.575783160875843025e+00
4.492933920704846287e+02	-1.572378994043439615e+00
4.512960352422907704e+02	-1.571911292958017459e+00
4.532986784140969121e+02	-1.570645780558458160e+00
4.553013215859031106e+02	-1.565573191383808460e+00
4.573039647577092524e+02	-1.559424827942112568e+00
4.593066079295153941e+02	-1.568769072377517615e+00
4.613092511013215926e+02	-1.559351460249744026e+00
4.633118942731277912e+02	-1.561159638904489055e+00
4.653145374449339329e+02	-1.551682595693258282e+00
4.673171806167400746e+02	-1.552426224328676607e+00
4.693198237885462731e+02	-1.550347989580114660e+00
4.713224669603524717e+02	-1.548952160366698916e+00
4.733251101321585566e+02	-1.546109067943851390e+00
4.753277533039647551e+02	-1.538749576670645380e+00
4.773303964757709537e+02	-1.542016264609700205e+00
4.793330396475770954e+02	-1.534001895546585725e+00
4.813356828193832371e+02	-1.541090754050768563e+00
4.833383259911894356e+02	-1.536243296372257872e+00
4.853409691629955773e+02	-1.528868571450198832e+00
4.873436123348017759e+02	-1.525180668777308401e+00
4.893462555066079176e+02	-1.529341498239445318e+00
4.913488986784141161e+02	-1.532034732622756135e+00
4.933515418502202579e+02	-1.527608919387470454e+00
4.953541850220264564e+02	-1.522626243067879859e+00
4.973568281938325981e+02	-1.525576982444187824e+00
4.993594713656387967e+02	-1.528337524340858566e+00
5.013621145374449384e+02	-1.524795738600340567e+00
5.033647577092511369e+02	-1.523243072666304432e+00
5.053674008810572786e+02	-1.522296408982358518e+00
5.073700440528634203e+02	-1.523777745693050800e+00
5.093726872246696189e+02	-1.523601771766172508e+00
5.113753303964757606e+02	-1.525956371515850396e+00
5.133779735682819592e+02	-1.523680393496926744e+00
5.153806167400880440e+02	-1.519812929853286310e+00
5.173832599118943563e+02	-1.519705447323244751e+00
5.193859030837004411e+02	-1.519069297481288050e+00
5.213885462555066397e+02	-1.519911618898070582e+00
5.233911894273128382e+02	-1.520205040696553933e+00
5.253938325991189231e+02	-1.518867244291392193e+00
5.273964757709251217e+02	-1.518608596908346708e+00
5.293991189427313202e+02	-1.525362806367080548e+00
5.314017621145374051e+02	-1.518370548448095381e+00
5.334044052863436036e+02	-1.518107765348870597e+00
5.354070484581498022e+02	-1.523545167043032666e+00
5.374096916299558870e+02	-1.519444478035843149e+00
5.394123348017621993e+02	-1.524425467452182215e+00
5.414149779735682841e+02	-1.517783300259863966e+00
5.434176211453744827e+02	-1.517402726927447265e+00
5.454202643171806812e+02	-1.526303587802865902e+00
5.474229074889867661e+02	-1.525946572519196298e+00
5.494255506607929647e+02	-1.525535715101159706e+00
5.514281938325991632e+02	-1.541326185949755345e+00
5.534308370044052481e+02	-1.534457770339089366e+00
5.554334801762114466e+02	-1.534251020500861928e+00
5.574361233480176452e+02	-1.537241596758666784e+00
5.594387665198237301e+02	-1.527951597078138990e+00
5.614414096916300423e+02	-1.526756290780813874e+00
5.634440528634361272e+02	-1.528656201850688179e+00
5.654466960352423257e+02	-1.528704079751731282e+00
5.674493392070485243e+02	-1.530893973932557994e+00
5.694519823788546091e+02	-1.535438311635954012e+00
5.714546255506608077e+02	-1.528979313635456361e+00
5.734572687224670062e+02	-1.525313214522629135e+00
5.754599118942730911e+02	-1.526686418871663786e+00
5.774625550660792896e+02	-1.528425202902329305e+00
5.794651982378854882e+02	-1.530970689126881057e+00
5.814678414096915731e+02	-1.533285014318962469e+00
5.834704845814978853e+02	-1.527233772903743958e+00
5.854731277533039702e+02	-1.532360378788744537e+00
5.874757709251101687e+02	-1.532768732935003708e+00
5.894784140969163673e+02	-1.531778111137040543e+00
5.914810572687224521e+02	-1.531396503799481890e+00
5.934837004405286507e+02	-1.529557540344729905e+00
5.954863436123348492e+02	-1.519998257759202165e+00
5.974889867841409341e+02	-1.525371029244089183e+00
5.994916299559471327e+02	-1.521467229565897750e+00
6.014942731277533312e+02	-1.526079663317528867e+00
6.034969162995594161e+02	-1.525017607319508084e+00
6.054995594713657283e+02	-1.518235200061387236e+00
6.075022026431718132e+02	-1.519091139184366224e+00
6.095048458149780117e+02	-1.518989055000858901e+00
6.115074889867842103e+02	-1.517047357368555449e+00
6.135101321585902951e+02	-1.506292986032635728e+00
6.155127753303964937e+02	-1.515422243069992181e+00
6.175154185022026923e+02	-1.517283714940665273e+00
6.195180616740087771e+02	-1.504850208412974677e+00
6.215207048458149757e+02	-1.510828030511073949e+00
6.235233480176211742e+02	-1.514106535269346576e+00
6.255259911894272591e+02	-1.509439473889329530e+00
6.275286343612335713e+02	-1.504925967332507941e+00
6.295312775330396562e+02	-1.500013903109079560e+00
6.315339207048458547e+02	-1.497887621459102814e+00
6.335365638766520533e+02	-1.502173103495569650e+00
6.355392070484581382e+02	-1.504381101240806817e+00
6.375418502202643367e+02	-1.503261162362252934e+00
6.395444933920705353e+02	-1.494052294874010922e+00
6.415471365638766201e+02	-1.496197084649724562e+00
6.435497797356828187e+02	-1.496901039075545281e+00
6.455524229074890172e+02	-1.489924254572466911e+00
6.475550660792951021e+02	-1.491733682218693291e+00
6.495577092511014143e+02	-1.490559541105140884e+00
6.515603524229074992e+02	-1.485520822822675502e+00
6.535629955947136978e+02	-1.486363497202047856e+00
6.555656387665198963e+02	-1.485796455298662666e+00
6.575682819383259812e+02	-1.486850932292085314e+00
6.595709251101321797e+02	-1.486865555047583998e+00
6.615735682819383783e+02	-1.483978306667806724e+00
6.635762114537444631e+02	-1.485953010129724472e+00
6.655788546255506617e+02	-1.482216358002887535e+00
6.675814977973568602e+02	-1.479395696807220606e+00
6.695841409691629451e+02	-1.485395932198760871e+00
6.715867841409692574e+02	-1.478330914837732823e+00
6.735894273127753422e+02	-1.478886089002785287e+00
6.755920704845815408e+02	-1.478994179668514430e+00
6.775947136563877393e+02	-1.479456879207633246e+00
6.795973568281938242e+02	-1.476136173676889651e+00
6.816000000000000227e+02	-1.470796884918035063e+00
6.836026431718062213e+02	-1.473792829705085072e+00
6.856052863436123062e+02	-1.478560547857378227e+00
6.876079295154185047e+02	-1.478503336113013322e+00
6.896105726872247033e+02	-1.472926502735205201e+00
6.916132158590307881e+02	-1.462999049031915799e+00
6.936158590308371004e+02	-1.475623919277027074e+00
6.956185022026431852e+02	-1.472924204775849066e+00
6.976211453744492701e+02	-1.467427789617571587e+00
6.996237885462555823e+02	-1.466230042379569998e+00
7.016264317180616672e+02	-1.458673828459652544e+00
7.036290748898678657e+02	-1.463067506447222943e+00
7.056317180616740643e+02	-1.465357207035635323e+00
7.076343612334801492e+02	-1.471612501771916381e+00
7.096370044052863477e+02	-1.462299167728924321e+00
7.116396475770925463e+02	-1.463554158851919862e+00
7.136422907488986311e+02	-1.459189752140089613e+00
7.156449339207049434e+02	-1.458544243899979609e+00
7.176475770925110282e+02	-1.455637023233895544e+00
7.196502202643171131e+02	-1.456861865803376288e+00
7.216528634361234253e+02	-1.463753776309947296e+00
7.236555066079295102e+02	-1.458607054604177167e+00
7.256581497797357088e+02	-1.453156416602970014e+00
7.276607929515419073e+02	-1.459282206549713523e+00
7.296634361233479922e+02	-1.464842113052464700e+00
7.316660792951541907e+02	-1.456605340182281605e+00
7.336687224669603893e+02	-1.451729826676766866e+00
7.356713656387664741e+02	-1.451105913874768394e+00
7.376740088105727864e+02	-1.448383926723790349e+00
7.396766519823788713e+02	-1.453377063122788915e+00
7.416792951541850698e+02	-1.446635428973501281e+00
7.436819383259911547e+02	-1.449040463901302145e+00
7.456845814977973532e+02	-1.444608623347068299e+00
7.476872246696035518e+02	-1.442769502421807903e+00
7.496898678414097503e+02	-1.442157092784587480e+00
7.516925110132158352e+02	-1.446359458236800233e+00
7.536951541850220337e+02	-1.442387967380479141e+00
7.556977973568282323e+02	-1.442434380958755202e+00
7.577004405286344308e+02	-1.435241252284390701e+00
7.597030837004405157e+02	-1.438863604058482126e+00
7.617057268722467143e+02	-1.439364603291747091e+00
7.637083700440529128e+02	-1.432756818853237579e+00
7.657110132158589977e+02	-1.433771368373396582e+00
7.677136563876651962e+02	-1.438304209589314819e+00
7.697162995594713948e+02	-1.436663189645334571e+00
7.717189427312775933e+02	-1.435691882343929082e+00
7.737215859030836782e+02	-1.428501393989432433e+00
7.757242290748898768e+02	-1.435059812269859680e+00
7.777268722466960753e+02	-1.436003500392786680e+00
7.797295154185022739e+02	-1.433299245884768869e+00
7.817321585903083587e+02	-1.438315227593941703e+00
7.837348017621145573e+02	-1.427054347073747120e+00
7.857374449339207558e+02	-1.426635627765282077e+00
7.877400881057268407e+02	-1.429148434265580914e+00
7.897427312775330392e+02	-1.429567992612231553e+00
7.917453744493392378e+02	-1.433569513412560115e+00
7.937480176211454364e+02	-1.429958541319129584e+00
7.957506607929515212e+02	-1.432230487869865287e+00
7.977533039647577198e+02	-1.434227859394810789e+00
7.997559471365639183e+02	-1.428852856029070306e+00
8.017585903083701169e+02	-1.423631305412220716e+00
8.037612334801762017e+02	-1.421989098601147195e+00
8.057638766519824003e+02	-1.420845296336632702e+00
8.077665198237885988e+02	-1.414440864609123993e+00
8.097691629955946837e+02	-1.414886994481194815e+00
8.117718061674008823e+02	-1.417401868276244148e+00
8.137744493392070808e+02	-1.417049350371103689e+00
8.157770925110132794e+02	-1.413135238860464771e+00
8.177797356828193642e+02	-1.420706324151316036e+00
8.197823788546255628e+02	-1.422115200027839865e+00
8.217850220264317613e+02	-1.412280573829686192e+00
8.237876651982379599e+02	-1.415042649474994807e+00
8.257903083700440448e+02	-1.412629677513671300e+00
8.277929515418502433e+02	-1.412591785111520171e+00
8.297955947136564419e+02	-1.410507037166922384e+00
8.317982378854625267e+02	-1.408378500474314787e+00
8.338008810572687253e+02	-1.410294723663000571e+00
8.358035242290749238e+02	-1.406831078507496446e+00
8.378061674008811224e+02	-1.410957373646889668e+00
8.398088105726872072e+02	-1.408714998893979331e+00
8.418114537444934058e+02	-1.403170602390355182e+00
8.438140969162996043e+02	-1.398107023983248265e+00
8.458167400881058029e+02	-1.400160191645860142e+00
8.478193832599118878e+02	-1.392796712917137913e+00
8.498220264317180863e+02	-1.389446009550807215e+00
8.518246696035242849e+02	-1.402754905033450239e+00
8.538273127753303697e+02	-1.393824587887239286e+00
8.558299559471365683e+02	-1.391558808831121485e+00
8.578325991189427668e+02	-1.382479581193268858e+00
8.598352422907489654e+02	-1.385002110348363846e+00
8.618378854625550503e+02	-1.383993650424133026e+00
8.638405286343612488e+02	-1.388387236260417712e+00
8.658431718061674474e+02	-1.384813048338390917e+00
8.678458149779735322e+02	-1.381445357967509668e+00
8.698484581497797308e+02	-1.381944242487559205e+00
8.718511013215859293e+02	-1.388510462855674366e+00
8.738537444933921279e+02	-1.382643958101308801e+00
8.758563876651982127e+02	-1.383916997203734400e+00
8.778590308370044113e+02	-1.380336678730371691e+00
8.798616740088106098e+02	-1.381857051672580550e+00
8.818643171806168084e+02	-1.380991188827474847e+00
8.838669603524228933e+02	-1.379440432313585152e+00
8.858696035242290918e+02	-1.380811518328059595e+00
8.878722466960352904e+02	-1.379409385047717596e+00
8.898748898678413752e+02	-1.378386705348064512e+00
8.918775330396475738e+02	-1.377499313195980069e+00
8.938801762114537723e+02	-1.380985809789835539e+00
8.958828193832599709e+02	-1.374337718545141751e+00
8.978854625550660558e+02	-1.372636289258182929e+00
8.998881057268722543e+02	-1.367106254991459213e+00
9.018907488986784529e+02	-1.368818118698233777e+00
9.038933920704846514e+02	-1.368744025574779588e+00
9.058960352422907363e+02	-1.364855123068493103e+00
9.078986784140969348e+02	-1.363130114383567015e+00
9.099013215859031334e+02	-1.366645028948491047e+00
9.119039647577092182e+02	-1.372116961994759965e+00
9.139066079295154168e+02	-1.362615250802519551e+00
9.159092511013216154e+02	-1.357299677256535331e+00
9.179118942731278139e+02	-1.351533655184372851e+00
9.199145374449338988e+02	-1.352290437050164496e+00
9.219171806167400973e+02	-1.353436238388607382e+00
9.239198237885462959e+02	-1.350326565739665252e+00
9.259224669603524944e+02	-1.356395875059984935e+00
9.279251101321585793e+02	-1.351538484771669157e+00
9.299277533039647778e+02	-1.350884380223657200e+00
9.319303964757709764e+02	-1.346149855651243232e+00
9.339330396475770613e+02	-1.347943349512808142e+00
9.359356828193832598e+02	-1.351170748789206844e+00
9.379383259911894584e+02	-1.342565126593668889e+00
9.399409691629956569e+02	-1.339985969280214295e+00
9.419436123348017418e+02	-1.344446682764305567e+00
9.439462555066079403e+02	-1.343240545698552113e+00
9.459488986784141389e+02	-1.338914960151378342e+00
9.479515418502203374e+02	-1.344190820201437209e+00
9.499541850220264223e+02	-1.348591605167705598e+00
9.519568281938326209e+02	-1.346563542972182947e+00
9.539594713656388194e+02	-1.341897634470725631e+00
9.559621145374449043e+02	-1.343751210829287945e+00
9.579647577092511028e+02	-1.337117999033030857e+00
9.599674008810573014e+02	-1.339185296261880209e+00
9.619700440528634999e+02	-1.333469047451579126e+00
9.639726872246695848e+02	-1.340864694829918324e+00
9.659753303964757833e+02	-1.333361380781711292e+00
9.679779735682819819e+02	-1.328673081234826636e+00
9.699806167400881804e+02	-1.334548308640230996e+00
9.719832599118942653e+02	-1.328560241151356625e+00
9.739859030837004639e+02	-1.320930689235806144e+00
9.759885462555066624e+02	-1.315115478490346934e+00
9.779911894273127473e+02	-1.326696316066984682e+00
9.799938325991189458e+02	-1.327087509907019847e+00
9.819964757709251444e+02	-1.328175133772707017e+00
9.839991189427313429e+02	-1.323508291391262803e+00
9.860017621145374278e+02	-1.320442863627089070e+00
9.880044052863436264e+02	-1.321388530050924048e+00
9.900070484581498249e+02	-1.329746873508792948e+00
9.920096916299560235e+02	-1.321096798629220803e+00
9.940123348017621083e+02	-1.311921706726335346e+00
9.960149779735683069e+02	-1.311006003544943344e+00
9.980176211453745054e+02	-1.306392658936288864e+00
1.000020264317180590e+03	-1.309402604740148579e+00
1.002022907488986789e+03	-1.305527095464385834e+00
1.004025550660792987e+03	-1.308922229737841558e+00
1.006028193832599186e+03	-1.300371150662863240e+00
1.008030837004405271e+03	-1.301256311456051362e+00
1.010033480176211469e+03	-1.302692546927622264e+00
1.012036123348017668e+03	-1.297520636150195639e+00
1.014038766519823866e+03	-1.299213108920894033e+00
1.016041409691629951e+03	-1.295689920339586632e+00
1.018044052863436150e+03	-1.297938100843954334e+00
1.020046696035242348e+03	-1.296069961459587194e+00
1.022049339207048433e+03	-1.292825779760991001e+00
1.024051982378854518e+03	-1.289728916070664200e+00
1.026054625550660830e+03	-1.288850655813319479e+00
1.028057268722467143e+03	-1.290158376523549588e+00
1.030059911894273228e+03	-1.280836161877866974e+00
1.032062555066079312e+03	-1.274578792340581135e+00
1.034065198237885397e+03	-1.274756579122505951e+00
1.036067841409691709e+03	-1.277893338986521687e+00
1.038070484581497794e+03	-1.271174552090031273e+00
1.040073127753304107e+03	-1.271998438957786970e+00
1.042075770925110191e+03	-1.271697397632696624e+00
1.044078414096916276e+03	-1.264170697221538742e+00
1.046081057268722361e+03	-1.267558627954349593e+00
1.048083700440528673e+03	-1.261988685715268677e+00
1.050086343612334986e+03	-1.264334583091482056e+00
1.052088986784141071e+03	-1.264346863876238958e+00
1.054091629955947155e+03	-1.267312525015615865e+00
1.056094273127753240e+03	-1.267040210053623550e+00
1.058096916299559552e+03	-1.265898842551248737e+00
1.060099559471365637e+03	-1.257527630097741156e+00
1.062102202643171950e+03	-1.255951977409232923e+00
1.064104845814978034e+03	-1.267042318855883476e+00
1.066107488986784119e+03	-1.260485273845664889e+00
1.068110132158590204e+03	-1.258103833899843149e+00
1.070112775330396516e+03	-1.257271562093464023e+00
1.072115418502202829e+03	-1.251934514521312547e+00
1.074118061674008914e+03	-1.259125685303759123e+00
1.076120704845814998e+03	-1.252982977990847901e+00
1.078123348017621083e+03	-1.245348269616954884e+00
1.080125991189427396e+03	-1.240779483120066917e+00
1.082128634361233480e+03	-1.247305880172501436e+00
1.084131277533039793e+03	-1.246650767965181261e+00
1.086133920704845877e+03	-1.243598502842936826e+00
1.088136563876651962e+03	-1.240162500301528414e+00
1.090139207048458047e+03	-1.246373599940304944e+00
1.092141850220264359e+03	-1.243421973985064266e+00
1.094144493392070672e+03	-1.241946420334069545e+00
1.096147136563876757e+03	-1.236902211699389742e+00
1.098149779735682841e+03	-1.242111163331723223e+00
1.100152422907488926e+03	-1.230666116469829152e+00
1.102155066079295239e+03	-1.229106747672863431e+00
1.104157709251101323e+03	-1.235373598429479802e+00
1.106160352422907636e+03	-1.236471973466587659e+00
1.108162995594713720e+03	-1.230930990588318341e+00
1.110165638766519805e+03	-1.226752728175935392e+00
1.112168281938325890e+03	-1.223591950029208508e+00
1.114170925110132202e+03	-1.223856633573056296e+00
1.116173568281938515e+03	-1.220497531394491464e+00
1.118176211453744600e+03	-1.228049275064394319e+00
1.120178854625550684e+03	-1.217926917005046850e+00
1.122181497797356769e+03	-1.214290202789269246e+00
1.124184140969163082e+03	-1.208587008474059754e+00
1.126186784140969166e+03	-1.211233116938414067e+00
1.128189427312775479e+03	-1.212821627859870022e+00
1.130192070484581564e+03	-1.213751629991143499e+00
1.132194713656387648e+03	-1.211396229159631632e+00
1.134197356828193733e+03	-1.213457739880587472e+00
1.136200000000000045e+03	-1.204849361389764173e+00
1.138202643171806358e+03	-1.206547186542195949e+00
1.140205286343612443e+03	-1.202932356430899130e+00
1.142207929515418527e+03	-1.209769730721973691e+00
1.144210572687224612e+03	-1.201390280141632960e+00
1.146213215859030697e+03	-1.203869725164861793e+00
1.148215859030837009e+03	-1.205214769047526335e+00
1.150218502202643322e+03	-1.199855933693257715e+00
1.152221145374449407e+03	-1.207273187784500212e+00
1.154223788546255491e+03	-1.198965964802494621e+00
1.156226431718061576e+03	-1.195149856972582914e+00
1.158229074889867888e+03	-1.197992495872556962e+00
1.160231718061674201e+03	-1.198043854055597546e+00
1.162234361233480286e+03	-1.195231773772513773e+00
1.164237004405286370e+03	-1.188245517461562262e+00
1.166239647577092455e+03	-1.190503755076432357e+00
1.168242290748898540e+03	-1.195583323377904295e+00
1.170244933920704852e+03	-1.186778566172631999e+00
1.172247577092511165e+03	-1.185874601273793072e+00
1.174250220264317250e+03	-1.187082982558676836e+00
1.176252863436123334e+03	-1.185880547433842525e+00
1.178255506607929419e+03	-1.183880711282148557e+00
1.180258149779735731e+03	-1.179333544774273879e+00
1.182260792951542044e+03	-1.177668002084794718e+00
1.184263436123348129e+03	-1.175093617460137185e+00
1.186266079295154213e+03	-1.175816380256528237e+00
1.188268722466960298e+03	-1.171827103703311668e+00
1.190271365638766383e+03	-1.165366092513351548e+00
1.192274008810572695e+03	-1.170924984844978756e+00
1.194276651982379008e+03	-1.166068065389746611e+00
1.196279295154185093e+03	-1.163786427708628723e+00
1.198281938325991177e+03	-1.162672161831819206e+00
1.200284581497797262e+03	-1.162877536414798296e+00
1.202287224669603575e+03	-1.162677402225747558e+00
1.204289867841409887e+03	-1.156244492745185592e+00
1.206292511013215972e+03	-1.158896160921040863e+00
1.208295154185022056e+03	-1.158475380820754186e+00
1.210297797356828141e+03	-1.161533867272100284e+00
1.212300440528634226e+03	-1.151511058378928087e+00
1.214303083700440538e+03	-1.136396792435915959e+00
1.216305726872246851e+03	-1.141764481004849063e+00
1.218308370044052936e+03	-1.137681012192247154e+00
1.220311013215859020e+03	-1.143865736912136999e+00
1.222313656387665105e+03	-1.145383306334663676e+00
1.224316299559471418e+03	-1.138887943508988254e+00
1.226318942731277730e+03	-1.143379189080502956e+00
1.228321585903083815e+03	-1.142928222617643375e+00
1.230324229074889899e+03	-1.148362889678269827e+00
1.232326872246695984e+03	-1.138986150973460898e+00
1.234329515418502069e+03	-1.137525440607097149e+00
1.236332158590308381e+03	-1.139809269340955833e+00
1.238334801762114694e+03	-1.130668888775112624e+00
1.240337444933920779e+03	-1.132122763637711582e+00
1.242340088105726863e+03	-1.137530358896662985e+00
1.244342731277532948e+03	-1.127403575844075245e+00
1.246345374449339261e+03	-1.124441683295895889e+00
1.248348017621145573e+03	-1.120662368570476186e+00
1.250350660792951658e+03	-1.124369615592808014e+00
1.252353303964757743e+03	-1.122255419493537243e+00
1.254355947136563827e+03	-1.120758524645121046e+00
1.256358590308370140e+03	-1.121026116542030326e+00
1.258361233480176224e+03	-1.110884520504542561e+00
1.260363876651982309e+03	-1.106962336037115247e+00
1.262366519823788622e+03	-1.105005650213280344e+00
1.264369162995594706e+03	-1.106263313065808607e+00
1.266371806167401019e+03	-1.109930647274610660e+00
1.268374449339207104e+03	-1.112458774281457341e+00
1.270377092511013188e+03	-1.099205583806251330e+00
1.272379735682819501e+03	-1.106734969648593303e+00
1.274382378854625586e+03	-1.101191651945246930e+00
1.276385022026431670e+03	-1.097894420492570244e+00
1.278387665198237983e+03	-1.095969073632780511e+00
1.280390308370044067e+03	-1.090220253530905570e+00
1.282392951541850152e+03	-1.089237013844500890e+00
1.284395594713656465e+03	-1.091765444253522066e+00
1.286398237885462549e+03	-1.093049406653527900e+00
1.288400881057268862e+03	-1.090852882618649655e+00
1.290403524229074947e+03	-1.084117971570220273e+00
1.292406167400881031e+03	-1.083124835271104036e+00
1.294408810572687344e+03	-1.076435939530876684e+00
1.296411453744493429e+03	-1.080029770101775144e+00
1.298414096916299513e+03	-1.086224276382205201e+00
1.300416740088105826e+03	-1.081171122829557962e+00
1.302419383259911910e+03	-1.078507844698901597e+00
1.304422026431717995e+03	-1.071796222477516825e+00
1.306424669603524308e+03	-1.074381734181749426e+00
1.308427312775330392e+03	-1.070433271535276676e+00
1.310429955947136705e+03	-1.061490845797459226e+00
1.312432599118942790e+03	-1.065904897627052872e+00
1.314435242290748874e+03	-1.065891880906322253e+00
1.316437885462555187e+03	-1.060108477764315271e+00
1.318440528634361272e+03	-1.052498132397279296e+00
1.320443171806167356e+03	-1.051245418439231027e+00
1.322445814977973669e+03	-1.049630655039639482e+00
1.324448458149779754e+03	-1.040823945663992278e+00
1.326451101321585838e+03	-1.042295961100413226e+00
1.328453744493392151e+03	-1.042049862882052924e+00
1.330456387665198235e+03	-1.035356788589908650e+00
1.332459030837004548e+03	-1.029449623796812485e+00
1.334461674008810633e+03	-1.025319655755864812e+00
1.336464317180616717e+03	-1.023724422189288941e+00
1.338466960352423030e+03	-1.018730876721766210e+00
1.340469603524229115e+03	-1.022374852615162810e+00
1.342472246696035199e+03	-1.022983048444055187e+00
1.344474889867841512e+03	-1.019376466895814293e+00
1.346477533039647597e+03	-1.026232336143630075e+00
1.348480176211453681e+03	-1.021851758093646811e+00
1.350482819383259994e+03	-1.025514244069763325e+00
1.352485462555066078e+03	-1.024970015507481680e+00
1.354488105726872391e+03	-1.018688999622280544e+00
1.356490748898678476e+03	-1.013910095829209101e+00
1.358493392070484560e+03	-1.016962423429214279e+00
1.360496035242290873e+03	-1.015245332189432137e+00
1.362498678414096958e+03	-1.007790018604513893e+00
1.364501321585903042e+03	-1.005167022952138556e+00
1.366503964757709355e+03	-1.007095560573900261e+00
1.368506607929515440e+03	-1.011690601372232212e+00
1.370509251101321524e+03	-1.010347158061834394e+00
1.372511894273127837e+03	-1.005376872276724898e+00
1.374514537444933922e+03	-9.984877020576267137e-01
1.376517180616740234e+03	-9.933165468872916515e-01
1.378519823788546319e+03	-9.899293795771356708e-01
1.380522466960352403e+03	-9.875632730212778876e-01
1.382525110132158716e+03	-9.909217571098999366e-01
1.384527753303964801e+03	-9.807358291094635527e-01
1.386530396475770885e+03	-9.853503668523249104e-01
1.388533039647577198e+03	-9.880806491137429370e-01
1.390535682819383283e+03	-9.854805350324479241e-01
1.392538325991189367e+03	-9.862825728883543031e-01
1.394540969162995680e+03	-9.813645679159002100e-01
1.396543612334801765e+03	-9.711082685962711958e-01
1.398546255506608077e+03	-9.685706594748374476e-01
1.400548898678414162e+03	-9.705832766356039532e-01
1.402551541850220246e+03	-9.695216990365889131e-01
1.404554185022026559e+03	-9.699443220113416197e-01
1.406556828193832644e+03	-9.707513359107636797e-01
1.408559471365638728e+03	-9.624702747765134792e-01
1.410562114537445041e+03	-9.647390965886615266e-01
1.412564757709251126e+03	-9.571117618841867847e-01
1.414567400881057210e+03	-9.593616025392812663e-01
1.416570044052863523e+03	-9.503057982323553921e-01
1.418572687224669608e+03	-9.497503915989561341e-01
1.420575330396475920e+03	-9.555659077031869453e-01
1.422577973568282005e+03	-9.496189015384214338e-01
1.424580616740088090e+03	-9.502221570066563539e-01
1.426583259911894402e+03	-9.500985511923423221e-01
1.428585903083700487e+03	-9.490371422841015203e-01
1.430588546255506571e+03	-9.415342160407759176e-01
1.432591189427312884e+03	-9.389195229827826950e-01
1.434593832599118969e+03	-9.311612054984224063e-01
1.436596475770925053e+03	-9.322347251273190860e-01
1.438599118942731366e+03	-9.359048139967068858e-01
1.440601762114537451e+03	-9.327023500170155135e-01
1.442604405286343763e+03	-9.281714550928577001e-01
1.444607048458149848e+03	-9.269255374829230565e-01
1.446609691629955933e+03	-9.244879882146171957e-01
1.448612334801762245e+03	-9.265303892594343171e-01
1.450614977973568330e+03	-9.197854655693463721e-01
1.452617621145374414e+03	-9.147221724724303726e-01
1.454620264317180727e+03	-9.067264759779828376e-01
1.456622907488986812e+03	-9.086997213180143529e-01
1.458625550660792896e+03	-9.094661124656745477e-01
1.460628193832599209e+03	-9.096873603678796716e-01
1.462630837004405294e+03	-9.128541009686250707e-01
1.464633480176211606e+03	-9.126605099458797721e-01
1.466636123348017691e+03	-8.963739116872100343e-01
1.468638766519823776e+03	-8.867939200900704089e-01
1.470641409691630088e+03	-8.877928016130202105e-01
1.472644052863436173e+03	-8.846059106109201986e-01
1.474646696035242257e+03	-8.832879328491340942e-01
1.476649339207048570e+03	-8.790553466820323347e-01
1.478651982378854655e+03	-8.773974332969517453e-01
1.480654625550660739e+03	-8.732527770766905784e-01
1.482657268722467052e+03	-8.753140871283433544e-01
1.484659911894273137e+03	-8.750707578005613163e-01
1.486662555066079449e+03	-8.699806971302390668e-01
1.488665198237885534e+03	-8.709111104393389979e-01
1.490667841409691619e+03	-8.726947844936482346e-01
1.492670484581497931e+03	-8.716454506160402627e-01
1.494673127753304016e+03	-8.733644788963200734e-01
1.496675770925110101e+03	-8.702425904054251760e-01
1.498678414096916413e+03	-8.639914787715208266e-01
1.500681057268722498e+03	-8.596904981198563167e-01
1.502683700440528582e+03	-8.571543806299365409e-01
1.504686343612334895e+03	-8.565697806222140054e-01
1.506688986784140980e+03	-8.537339030434092368e-01
1.508691629955947064e+03	-8.528076828270453325e-01
1.510694273127753377e+03	-8.523700137612930661e-01
1.512696916299559462e+03	-8.520902858316382611e-01
1.514699559471365774e+03	-8.508925494976832260e-01
1.516702202643171859e+03	-8.459728711273541979e-01
1.518704845814977944e+03	-8.417513674186143380e-01
1.520707488986784256e+03	-8.417460438838244574e-01
1.522710132158590341e+03	-8.417770987142670913e-01
1.524712775330396425e+03	-8.313346522429846397e-01
1.526715418502202738e+03	-8.300408876943328185e-01
1.528718061674008823e+03	-8.238939346930731489e-01
1.530720704845814907e+03	-8.318455096719233888e-01
1.532723348017621220e+03	-8.252239503803284748e-01
1.534725991189427305e+03	-8.274173612969424330e-01
1.536728634361233617e+03	-8.226161393065506422e-01
1.538731277533039702e+03	-8.190838436591025840e-01
1.540733920704845787e+03	-8.208114108620895299e-01
1.542736563876652099e+03	-8.167853348960070203e-01
1.544739207048458184e+03	-8.186061947292360141e-01
1.546741850220264269e+03	-8.168942431008543448e-01
1.548744493392070581e+03	-8.112393826478367931e-01
1.550747136563876666e+03	-8.016930468005675214e-01
1.552749779735682750e+03	-8.058507445680541670e-01
1.554752422907489063e+03	-8.135982818851751341e-01
1.556755066079295148e+03	-8.110777391740449094e-01
1.558757709251101460e+03	-8.095411746317253687e-01
1.560760352422907545e+03	-8.066517946030821173e-01
1.562762995594713630e+03	-7.958229432153643979e-01
1.564765638766519942e+03	-8.021976066423303076e-01
1.566768281938326027e+03	-8.050497674118608504e-01
1.568770925110132112e+03	-7.931893315816138657e-01
1.570773568281938424e+03	-7.908583294790354490e-01
1.572776211453744509e+03	-7.854366387397389015e-01
1.574778854625550593e+03	-7.836771619130227240e-01
1.576781497797356906e+03	-7.895209925109247795e-01
1.578784140969162991e+03	-7.748535045877755767e-01
1.580786784140969303e+03	-7.725105643675634903e-01
1.582789427312775388e+03	-7.752179911317196304e-01
1.584792070484581473e+03	-7.627988823855533784e-01
1.586794713656387785e+03	-7.610508652222349735e-01
1.588797356828193870e+03	-7.565120572227803653e-01
1.590799999999999955e+03	-7.585174384642738854e-01
1.592802643171806267e+03	-7.557843623247878506e-01
1.594805286343612352e+03	-7.521555126484453790e-01
1.596807929515418436e+03	-7.555598892778416786e-01
1.598810572687224749e+03	-7.609660900715253806e-01
1.600813215859030834e+03	-7.513129398058391306e-01
1.602815859030837146e+03	-7.486988125417906037e-01
1.604818502202643231e+03	-7.459159447626968475e-01
1.606821145374449316e+03	-7.525255696943953243e-01
1.608823788546255628e+03	-7.466811774473136598e-01
1.610826431718061713e+03	-7.441699765088014562e-01
1.612829074889867798e+03	-7.427388926669247216e-01
1.614831718061674110e+03	-7.392824509333634220e-01
1.616834361233480195e+03	-7.353764680110931318e-01
1.618837004405286280e+03	-7.272584712835975518e-01
1.620839647577092592e+03	-7.139339225893051033e-01
1.622842290748898677e+03	-7.133146627363006198e-01
1.624844933920704989e+03	-7.173835755426034577e-01
1.626847577092511074e+03	-7.195425165963309500e-01
1.628850220264317159e+03	-7.157905501081570643e-01
1.630852863436123471e+03	-7.165337419710843259e-01
1.632855506607929556e+03	-7.152382028589079344e-01
1.634858149779735641e+03	-7.106813683545742943e-01
1.636860792951541953e+03	-7.112379285056105171e-01
1.638863436123348038e+03	-7.078791376018541692e-01
1.640866079295154123e+03	-7.062783858424970251e-01
1.642868722466960435e+03	-7.038793468358630623e-01
1.644871365638766520e+03	-7.041821239775127861e-01
1.646874008810572832e+03	-6.988582626763168992e-01
1.648876651982378917e+03	-7.014582462387919382e-01
1.650879295154185002e+03	-6.966095754704884069e-01
1.652881938325991314e+03	-6.882716341370220814e-01
1.654884581497797399e+03	-6.787515780454225212e-01
1.656887224669603484e+03	-6.802595032631455485e-01
1.658889867841409796e+03	-6.766314610382682115e-01
1.660892511013215881e+03	-6.783160174474101023e-01
1.662895154185021966e+03	-6.731969241561028827e-01
1.664897797356828278e+03	-6.714957564319725680e-01
1.666900440528634363e+03	-6.665025771482669947e-01
1.668903083700440675e+03	-6.689014801930779353e-01
1.670905726872246760e+03	-6.624574035106418624e-01
1.672908370044052845e+03	-6.561136837165012503e-01
1.674911013215859157e+03	-6.525478679748408783e-01
1.676913656387665242e+03	-6.550342217086300156e-01
1.678916299559471327e+03	-6.567071459559625790e-01
1.680918942731277639e+03	-6.565120099372310225e-01
1.682921585903083724e+03	-6.525164336588163971e-01
1.684924229074889809e+03	-6.450771512144817255e-01
1.686926872246696121e+03	-6.459044224230907627e-01
1.688929515418502206e+03	-6.558788989777222245e-01
1.690932158590308518e+03	-6.526669263738928972e-01
1.692934801762114603e+03	-6.436750872696277437e-01
1.694937444933920688e+03	-6.437748542293022513e-01
1.696940088105727000e+03	-6.378256132167285930e-01
1.698942731277533085e+03	-6.370566226783156427e-01
1.700945374449339170e+03	-6.241091581997343374e-01
1.702948017621145482e+03	-6.183524910377269368e-01
1.704950660792951567e+03	-6.191182060888131833e-01
1.706953303964757652e+03	-6.125655250840826849e-01
1.708955947136563964e+03	-6.085641508592292137e-01
1.710958590308370049e+03	-6.021953081596953528e-01
1.712961233480176361e+03	-6.031611735970081600e-01
1.714963876651982446e+03	-6.031157323975604445e-01
1.716966519823788531e+03	-6.059972083187912251e-01
1.718969162995594843e+03	-5.933309068297394351e-01
1.720971806167400928e+03	-5.851471613669130267e-01
1.722974449339207013e+03	-5.936454639050717796e-01
1.724977092511013325e+03	-5.956376164082776148e-01
1.726979735682819410e+03	-5.895473703228211182e-01
1.728982378854625495e+03	-5.878094806517701887e-01
1.730985022026431807e+03	-5.913234400730378315e-01
1.732987665198237892e+03	-5.876506320226113633e-01
1.734990308370044204e+03	-5.848821401311214974e-01
1.736992951541850289e+03	-5.826567896576084760e-01
1.738995594713656374e+03	-5.830683519697623662e-01
1.740998237885462686e+03	-5.811110120053852857e-01
1.743000881057268771e+03	-5.811636876091329507e-01
1.745003524229074856e+03	-5.674786878003843515e-01
1.747006167400881168e+03	-5.680998779362094186e-01
1.749008810572687253e+03	-5.679177751203232649e-01
1.751011453744493338e+03	-5.648609676502920340e-01
1.753014096916299650e+03	-5.692149465550377929e-01
1.755016740088105735e+03	-5.721370701982430029e-01
1.757019383259912047e+03	-5.694525016560476605e-01
1.759022026431718132e+03	-5.672879389066063371e-01
1.761024669603524217e+03	-5.656510893786415028e-01
1.763027312775330529e+03	-5.663961682808189568e-01
1.765029955947136614e+03	-5.529012926162695241e-01
1.767032599118942699e+03	-5.463150649880528231e-01
1.769035242290749011e+03	-5.447536199129091594e-01
1.771037885462555096e+03	-5.459268692298298031e-01
1.773040528634361181e+03	-5.344301105887352410e-01
1.775043171806167493e+03	-5.369462889043152831e-01
1.777045814977973578e+03	-5.334101134259705557e-01
1.779048458149779890e+03	-5.292480684070681729e-01
1.781051101321585975e+03	-5.278277850674013560e-01
1.783053744493392060e+03	-5.315223835802027619e-01
1.785056387665198372e+03	-5.276879239291629720e-01
1.787059030837004457e+03	-5.199824270132407111e-01
1.789061674008810542e+03	-5.169850955230620437e-01
1.791064317180616854e+03	-5.151768051389915559e-01
1.793066960352422939e+03	-5.161563387098466738e-01
1.795069603524229024e+03	-5.074566543172609467e-01
1.797072246696035336e+03	-5.010233628849813936e-01
1.799074889867841421e+03	-4.911394451373428116e-01
1.801077533039647733e+03	-4.775467514863588891e-01
1.803080176211453818e+03	-4.702281503488859871e-01
1.805082819383259903e+03	-4.764036330120620666e-01
1.807085462555066215e+03	-4.791412237893116211e-01
1.809088105726872300e+03	-4.788619867682271658e-01
1.811090748898678385e+03	-4.744917506768758786e-01
1.813093392070484697e+03	-4.724750989913511501e-01
1.815096035242290782e+03	-4.770011654192368167e-01
1.817098678414096867e+03	-4.805760242939026705e-01
1.819101321585903179e+03	-4.806135620714330758e-01
1.821103964757709264e+03	-4.762899103221664987e-01
1.823106607929515576e+03	-4.799703388879343890e-01
1.825109251101321661e+03	-4.729084247857612278e-01
1.827111894273127746e+03	-4.675523280119723291e-01
1.829114537444934058e+03	-4.744727423375725839e-01
1.831117180616740143e+03	-4.575348210789800807e-01
1.833119823788546228e+03	-4.599739751122801090e-01
1.835122466960352540e+03	-4.613800794922323090e-01
1.837125110132158625e+03	-4.573696543541023729e-01
1.839127753303964710e+03	-4.600129592337188211e-01
1.841130396475771022e+03	-4.492584100280173631e-01
1.843133039647577107e+03	-4.526742216987941214e-01
1.845135682819383419e+03	-4.541243268343600481e-01
1.847138325991189504e+03	-4.496377477694316060e-01
1.849140969162995589e+03	-4.492263521025986472e-01
1.851143612334801901e+03	-4.375381760329808967e-01
1.853146255506607986e+03	-4.296145096954965270e-01
1.855148898678414071e+03	-4.311651392334497901e-01
1.857151541850220383e+03	-4.320291728173259460e-01
1.859154185022026468e+03	-4.139521769518621497e-01
1.861156828193832553e+03	-4.142178864384479797e-01
1.863159471365638865e+03	-4.208103942072687897e-01
1.865162114537444950e+03	-4.201862812039643957e-01
1.867164757709251262e+03	-4.124216584744685443e-01
1.869167400881057347e+03	-4.114013359402474146e-01
1.871170044052863432e+03	-4.084323644950442755e-01
1.873172687224669744e+03	-3.960928568035574360e-01
1.875175330396475829e+03	-3.925643878760028960e-01
1.877177973568281914e+03	-3.958203679775244010e-01
1.879180616740088226e+03	-3.897085555185887396e-01
1.881183259911894311e+03	-3.946305220374181078e-01
1.883185903083700396e+03	-3.928149650134787896e-01
1.885188546255506708e+03	-3.971110910291729690e-01
1.887191189427312793e+03	-3.929487310404687905e-01
1.889193832599119105e+03	-3.914093782671642652e-01
1.891196475770925190e+03	-3.908958192594257364e-01
1.893199118942731275e+03	-3.785236158950467389e-01
1.895201762114537587e+03	-3.698969124746266379e-01
1.897204405286343672e+03	-3.704035202847572039e-01
1.899207048458149757e+03	-3.714807231531701559e-01
1.901209691629956069e+03	-3.705350080510504407e-01
1.903212334801762154e+03	-3.752122037931696075e-01
1.905214977973568239e+03	-3.648092463662234719e-01
1.907217621145374551e+03	-3.652083907159594522e-01
1.909220264317180636e+03	-3.639983989024982991e-01
1.911222907488986948e+03	-3.559690250541594492e-01
1.913225550660793033e+03	-3.557983869097850471e-01
1.915228193832599118e+03	-3.575826836967360700e-01
1.917230837004405430e+03	-3.453973825776733841e-01
1.919233480176211515e+03	-3.498335300820286098e-01
1.921236123348017600e+03	-3.503896230814621537e-01
1.923238766519823912e+03	-3.476298092244810012e-01
1.925241409691629997e+03	-3.413550720655070814e-01
1.927244052863436082e+03	-3.392269233138324180e-01
1.929246696035242394e+03	-3.352980403728716974e-01
1.931249339207048479e+03	-3.352240717601288056e-01
1.933251982378854791e+03	-3.277441827571584421e-01
1.935254625550660876e+03	-3.253264619464609209e-01
1.937257268722466961e+03	-3.218158951373804588e-01
1.939259911894273273e+03	-3.180467037099700134e-01
1.941262555066079358e+03	-3.136898423941852920e-01
1.943265198237885443e+03	-3.124991823433290739e-01
1.945267841409691755e+03	-3.121221136087627412e-01
1.947270484581497840e+03	-3.085118039267359391e-01
1.949273127753303925e+03	-3.082037102415108309e-01
1.951275770925110237e+03	-3.055836020940528863e-01
1.953278414096916322e+03	-3.072584783788084861e-01
1.955281057268722634e+03	-2.998983186565246095e-01
1.957283700440528719e+03	-3.063720611688293127e-01
1.959286343612334804e+03	-3.060552559219150703e-01
1.961288986784141116e+03	-3.084731397159566901e-01
1.963291629955947201e+03	-3.104839937299609387e-01
1.965294273127753286e+03	-3.018890380547444297e-01
1.967296916299559598e+03	-2.984363124830554659e-01
1.969299559471365683e+03	-3.057113917174879569e-01
1.971302202643171768e+03	-3.055227074648089181e-01
1.973304845814978080e+03	-3.039255092073334663e-01
1.975307488986784165e+03	-3.060294909722759416e-01
1.977310132158590477e+03	-3.007073944905046536e-01
1.979312775330396562e+03	-3.008562831809366012e-01
1.981315418502202647e+03	-3.020851192305901156e-01
1.983318061674008959e+03	-3.034772010883607374e-01
1.985320704845815044e+03	-2.961987431665452641e-01
1.987323348017621129e+03	-2.883959271546464587e-01
1.989325991189427441e+03	-2.892502799329844665e-01
1.991328634361233526e+03	-2.881345591094689462e-01
1.993331277533039611e+03	-2.782071482495093173e-01
1.995333920704845923e+03	-2.773769623551872732e-01
1.997336563876652008e+03	-2.790578073442804841e-01
1.999339207048458320e+03	-2.782714395882884273e-01
2.001341850220264405e+03	-2.784169472691139235e-01
2.003344493392070490e+03	-2.696502118806124448e-01
2.005347136563876802e+03	-2.656573477049600784e-01
2.007349779735682887e+03	-2.636619754017252015e-01
2.009352422907488972e+03	-2.686980428423307865e-01
2.011355066079295284e+03	-2.606314494713860563e-01
2.013357709251101369e+03	-2.533777970497471665e-01
2.015360352422907454e+03	-2.537236064772908084e-01
2.017362995594713766e+03	-2.529934865152204115e-01
2.019365638766519851e+03	-2.484575990908484688e-01
2.021368281938326163e+03	-2.505267756065426843e-01
2.023370925110132248e+03	-2.506647081444312031e-01
2.025373568281938333e+03	-2.498069738850995647e-01
2.027376211453744645e+03	-2.488103337468017817e-01
2.029378854625550730e+03	-2.512273993593768795e-01
2.031381497797356815e+03	-2.541428794989119000e-01
2.033384140969163127e+03	-2.575860877204961819e-01
2.035386784140969212e+03	-2.560854099915977899e-01
2.037389427312775297e+03	-2.517731852956667238e-01
2.039392070484581609e+03	-2.582740062854858576e-01
2.041394713656387694e+03	-2.495169424927046187e-01
2.043397356828193779e+03	-2.413531760440058849e-01
2.045400000000000091e+03	-2.399290282781884331e-01
2.047402643171806176e+03	-2.423138811717352736e-01
2.049405286343612715e+03	-2.415911784188961298e-01
2.051407929515418800e+03	-2.406557610191418506e-01
2.053410572687224885e+03	-2.474288996932796914e-01
2.055413215859030970e+03	-2.478447981816705448e-01
2.057415859030837055e+03	-2.449961906302729753e-01
2.059418502202643140e+03	-2.384455824966403570e-01
2.061421145374449225e+03	-2.305446435596157362e-01
2.063423788546255309e+03	-2.320166468427364848e-01
2.065426431718061394e+03	-2.314739402326242979e-01
2.067429074889867934e+03	-2.283072413248499744e-01
2.069431718061674019e+03	-2.254186681033779061e-01
2.071434361233480558e+03	-2.223773340367673212e-01
2.073437004405286643e+03	-2.187998976443862043e-01
2.075439647577092728e+03	-2.212820751052405055e-01
2.077442290748898813e+03	-2.191399036142783197e-01
2.079444933920704898e+03	-2.218715237418210084e-01
2.081447577092510983e+03	-2.224714466600926088e-01
2.083450220264317068e+03	-2.206365580042205787e-01
2.085452863436123152e+03	-2.194539677055813987e-01
2.087455506607929237e+03	-2.167254162304549647e-01
2.089458149779735777e+03	-2.118918974951134737e-01
2.091460792951541862e+03	-2.085020314028326605e-01
2.093463436123348401e+03	-2.114731053489372903e-01
2.095466079295154486e+03	-2.109139534374360747e-01
2.097468722466960571e+03	-2.053095602362692562e-01
2.099471365638766656e+03	-2.050720385261092515e-01
2.101474008810572741e+03	-2.030084966549666192e-01
2.103476651982378826e+03	-2.055991153423651352e-01
2.105479295154184911e+03	-2.010957796867607894e-01
2.107481938325990996e+03	-2.019095322680976301e-01
2.109484581497797080e+03	-1.996751888879369496e-01
2.111487224669603620e+03	-1.956737979505807634e-01
2.113489867841409705e+03	-1.878471434568139975e-01
2.115492511013216244e+03	-1.872417464938571086e-01
2.117495154185022329e+03	-1.831971665855920972e-01
2.119497797356828414e+03	-1.842714779256964808e-01
2.121500440528634499e+03	-1.837239285652067511e-01
2.123503083700440584e+03	-1.784940163888185938e-01
2.125505726872246669e+03	-1.771240191738768233e-01
2.127508370044052754e+03	-1.766739583184345208e-01
2.129511013215858839e+03	-1.750031196928943655e-01
2.131513656387664923e+03	-1.725605839346377179e-01
2.133516299559471463e+03	-1.755277855971967838e-01
2.135518942731277548e+03	-1.758598926795803818e-01
2.137521585903084087e+03	-1.767856350344609306e-01
2.139524229074890172e+03	-1.718119336725510427e-01
2.141526872246696257e+03	-1.743712924010290544e-01
2.143529515418502342e+03	-1.771238575334375676e-01
2.145532158590308427e+03	-1.740055052428940985e-01
2.147534801762114512e+03	-1.744168979494022387e-01
2.149537444933920597e+03	-1.699614207622758000e-01
2.151540088105726682e+03	-1.668604709694676003e-01
2.153542731277532766e+03	-1.715908528436592972e-01
2.155545374449339306e+03	-1.688555303657338080e-01
2.157548017621145391e+03	-1.640171837946315381e-01
2.159550660792951930e+03	-1.607855514258487717e-01
2.161553303964758015e+03	-1.628631102896014871e-01
2.163555947136564100e+03	-1.599518215322253689e-01
2.165558590308370185e+03	-1.590305886752472753e-01
2.167561233480176270e+03	-1.610138829988869147e-01
2.169563876651982355e+03	-1.623938676509985302e-01
2.171566519823788440e+03	-1.611626108987794237e-01
2.173569162995594525e+03	-1.570103942466531399e-01
2.175571806167400609e+03	-1.550343545377430021e-01
2.177574449339207149e+03	-1.480841304730432795e-01
2.179577092511013234e+03	-1.463564016474527274e-01
2.181579735682819774e+03	-1.434057928834719386e-01
2.183582378854625858e+03	-1.405866773945207426e-01
2.185585022026431943e+03	-1.409203955368584782e-01
2.187587665198238028e+03	-1.395338033251989907e-01
2.189590308370044113e+03	-1.392094333073253531e-01
2.191592951541850198e+03	-1.386768692050451279e-01
2.193595594713656283e+03	-1.377126185686225468e-01
2.195598237885462368e+03	-1.359444444449429690e-01
2.197600881057268452e+03	-1.353282505638161715e-01
2.199603524229074992e+03	-1.305073088759559075e-01
2.201606167400881077e+03	-1.344345752889186119e-01
2.203608810572687617e+03	-1.337653683034084051e-01
2.205611453744493701e+03	-1.310574380830236696e-01
2.207614096916299786e+03	-1.317772422592891624e-01
2.209616740088105871e+03	-1.309483460360608142e-01
2.211619383259911956e+03	-1.301247664731952081e-01
2.213622026431718041e+03	-1.312583769429373493e-01
2.215624669603524126e+03	-1.302680170348408661e-01
2.217627312775330211e+03	-1.289059129885896104e-01
2.219629955947136295e+03	-1.274907949944677488e-01
2.221632599118942835e+03	-1.290462653617118483e-01
2.223635242290748920e+03	-1.276788482679760972e-01
2.225637885462555460e+03	-1.263117511365514367e-01
2.227640528634361544e+03	-1.270434808772679669e-01
2.229643171806167629e+03	-1.248790655454388443e-01
2.231645814977973714e+03	-1.225828431795122214e-01
2.233648458149779799e+03	-1.219038081794777961e-01
2.235651101321585884e+03	-1.176621624607106231e-01
2.237653744493391969e+03	-1.149941945627849932e-01
2.239656387665198054e+03	-1.130714886091978011e-01
2.241659030837004138e+03	-1.128383194788422916e-01
2.243661674008810678e+03	-1.100701223971080750e-01
2.245664317180616763e+03	-1.095801019947251626e-01
2.247666960352423303e+03	-1.128845664432881479e-01
2.249669603524229387e+03	-1.122440389898786695e-01
2.251672246696035472e+03	-1.157233465344067874e-01
2.253674889867841557e+03	-1.111579725784590938e-01
2.255677533039647642e+03	-1.101366790512701560e-01
2.257680176211453727e+03	-1.047029284528480375e-01
2.259682819383259812e+03	-1.033445281297189489e-01
2.261685462555065897e+03	-1.042383614766234229e-01
2.263688105726871981e+03	-1.029769732955819750e-01
2.265690748898678521e+03	-1.040425829755168285e-01
2.267693392070484606e+03	-1.007237757842509296e-01
2.269696035242291146e+03	-1.012308762028717446e-01
2.271698678414097230e+03	-1.010613544351186555e-01
2.273701321585903315e+03	-9.985039801146444738e-02
2.275703964757709400e+03	-9.945126022607489458e-02
2.277706607929515485e+03	-9.836809085464041924e-02
2.279709251101321570e+03	-1.010644220816316469e-01
2.281711894273127655e+03	-1.007642183578209005e-01
2.283714537444934194e+03	-9.968652311364194218e-02
2.285717180616740279e+03	-1.004379117493398449e-01
2.287719823788546364e+03	-9.652627606771375934e-02
2.289722466960352449e+03	-9.835229755483762548e-02
2.291725110132158534e+03	-9.649727090671973706e-02
2.293727753303964619e+03	-9.535302702694907484e-02
2.295730396475771158e+03	-9.564130285552649435e-02
2.297733039647577243e+03	-9.864991873476641748e-02
2.299735682819383328e+03	-9.531016418104940047e-02
2.301738325991189413e+03	-9.539299051395169760e-02
2.303740969162995498e+03	-9.440892049583653189e-02
2.305743612334802037e+03	-9.590251192596740970e-02
2.307746255506608122e+03	-9.331671998532925505e-02
2.309748898678414207e+03	-9.540555775353713741e-02
2.311751541850220292e+03	-9.144702957620133577e-02
2.313754185022026377e+03	-9.257113236858198480e-02
2.315756828193832462e+03	-9.153307657967524325e-02
2.317759471365639001e+03	-9.237212538624817171e-02
2.319762114537445086e+03	-9.120644990191076329e-02
2.321764757709251171e+03	-8.846113379971144719e-02
2.323767400881057256e+03	-8.700927644215693257e-02
2.325770044052863341e+03	-8.678029784304171212e-02
2.327772687224669880e+03	-8.843502867072021434e-02
2.329775330396475965e+03	-8.818607074547793467e-02
2.331777973568282050e+03	-8.506288461296426795e-02
2.333780616740088135e+03	-8.437965906654529280e-02
2.335783259911894220e+03	-8.312487308570841449e-02
2.337785903083700305e+03	-8.364825106612473749e-02
2.339788546255506844e+03	-8.325313969646667978e-02
2.341791189427312929e+03	-8.442574247950043742e-02
2.343793832599119014e+03	-8.455465210499572837e-02
2.345796475770925099e+03	-8.220590150107523475e-02
2.347799118942731184e+03	-8.255573353598330555e-02
2.349801762114537723e+03	-8.404126719982471516e-02
2.351804405286343808e+03	-8.554726713844164332e-02
2.353807048458149893e+03	-8.419918372373283444e-02
2.355809691629955978e+03	-8.292312761274381328e-02
2.357812334801762063e+03	-8.482150226822120220e-02
2.359814977973568148e+03	-8.426202733867868555e-02
2.361817621145374687e+03	-8.435145795983520212e-02
2.363820264317180772e+03	-8.215449821503953420e-02
2.365822907488986857e+03	-8.175648830364282138e-02
2.367825550660792942e+03	-8.084073844231705330e-02
2.369828193832599027e+03	-8.202188414337910349e-02
2.371830837004405566e+03	-8.233562018143239514e-02
2.373833480176211651e+03	-8.297501630520019711e-02
2.375836123348017736e+03	-8.436402861438999090e-02
2.377838766519823821e+03	-8.373945666820550859e-02
2.379841409691629906e+03	-8.014187990713619869e-02
2.381844052863435991e+03	-8.011271458214715147e-02
2.383846696035242530e+03	-7.838531424945963111e-02
2.385849339207048615e+03	-7.855627990377318792e-02
2.387851982378854700e+03	-8.031075580127297608e-02
2.389854625550660785e+03	-7.759508956318941775e-02
2.391857268722466870e+03	-7.718837556091938390e-02
2.393859911894273409e+03	-7.749599048576817639e-02
2.395862555066079494e+03	-7.816745475363365281e-02
2.397865198237885579e+03	-7.733162598513054764e-02
2.399867841409691664e+03	-7.718725431606413001e-02
2.401870484581497749e+03	-7.600691417946267570e-02
2.403873127753303834e+03	-7.611712510234650009e-02
2.405875770925110373e+03	-7.726654020870193929e-02
2.407878414096916458e+03	-7.517901515287217507e-02
2.409881057268722543e+03	-7.615180485008937739e-02
2.411883700440528628e+03	-7.688723739753917930e-02
2.413886343612334713e+03	-7.440571121650470243e-02
2.415888986784141252e+03	-7.679799307066904890e-02
2.417891629955947337e+03	-7.536564643434594257e-02
2.419894273127753422e+03	-7.419735469830648911e-02
2.421896916299559507e+03	-7.376275992723543840e-02
2.423899559471365592e+03	-7.408790536729027709e-02
2.425902202643171677e+03	-7.548964250619631666e-02
2.427904845814978216e+03	-7.742348549585807704e-02
2.429907488986784301e+03	-7.473146321546034199e-02
2.431910132158590386e+03	-7.535855749229808387e-02
2.433912775330396471e+03	-7.622164155395763641e-02
2.435915418502202556e+03	-7.508021704113326811e-02
2.437918061674009095e+03	-7.611287219469994869e-02
2.439920704845815180e+03	-7.496966736525034758e-02
2.441923348017621265e+03	-7.378805776357148793e-02
2.443925991189427350e+03	-7.219536820557899415e-02
2.445928634361233435e+03	-7.437291682957049288e-02
2.447931277533039520e+03	-7.384914143086838967e-02
2.449933920704846059e+03	-6.930675930915514149e-02
2.451936563876652144e+03	-7.023253777746669979e-02
2.453939207048458229e+03	-7.137099103491784113e-02
2.455941850220264314e+03	-7.069545105961447251e-02
2.457944493392070399e+03	-6.885501842610179668e-02
2.459947136563876938e+03	-7.037205521852775425e-02
2.461949779735683023e+03	-6.891648461659907743e-02
2.463952422907489108e+03	-6.826422908802724787e-02
2.465955066079295193e+03	-6.921982991949612862e-02
2.467957709251101278e+03	-6.927549588246252610e-02
2.469960352422907363e+03	-6.905262926614448571e-02
2.471962995594713902e+03	-7.112632714512462373e-02
2.473965638766519987e+03	-6.992744693995067706e-02
2.475968281938326072e+03	-6.916497165439929040e-02
2.477970925110132157e+03	-6.845164230732878052e-02
2.479973568281938242e+03	-6.938903469207871599e-02
2.481976211453744781e+03	-6.934818492788666355e-02
2.483978854625550866e+03	-6.667832998954600909e-02
2.485981497797356951e+03	-6.578882678971417763e-02
2.487984140969163036e+03	-6.673809935970545504e-02
2.489986784140969121e+03	-6.680083729915535506e-02
2.491989427312775206e+03	-6.765023047896917552e-02
2.493992070484581745e+03	-6.957871375357459198e-02
2.495994713656387830e+03	-6.968339385912468431e-02
2.497997356828193915e+03	-6.944151078746080286e-02
2.500000000000000000e+03	-5.163423196412105648e-02
