2.000000000000000000e+02	4.506492033802118294e-04
2.010010010010010149e+02	-7.742709469085853674e-04
2.020020020020020013e+02	-4.767287865682556282e-03
2.030030030030030161e+02	2.440175887076026940e-03
2.040040040040040026e+02	-2.860478979947551990e-03
2.050050050050050174e+02	1.342576472523893625e-05
2.060060060060060039e+02	-2.396940439986123671e-03
2.070070070070070187e+02	-5.645762105708833530e-03
2.080080080080080052e+02	-7.622932767686110660e-03
2.090090090090090200e+02	5.860343068693742163e-03
2.100100100100100065e+02	1.672350936176320675e-03
2.110110110110110213e+02	-6.114401130685340365e-03
2.120120120120120077e+02	-5.743516904092356261e-03
2.130130130130130226e+02	-3.037192300973440371e-03
2.140140140140140090e+02	-6.499252343702428998e-03
2.150150150150150239e+02	-3.437605659863588836e-04
2.160160160160160103e+02	2.899955959581884072e-03
2.170170170170170252e+02	4.790109580718190409e-03
2.180180180180180116e+02	-3.867437389940953080e-05
2.190190190190190265e+02	2.116294573573495024e-03
2.200200200200200129e+02	-3.536889336772966702e-04
2.210210210210210278e+02	-7.874834921697554044e-03
2.220220220220220142e+02	-1.914055797200096961e-03
2.230230230230230291e+02	1.086048355914687180e-02
2.240240240240240155e+02	2.367128077746116863e-03
2.250250250250250303e+02	-8.892701953919645783e-03
2.260260260260260168e+02	-3.367792578854567672e-03
2.270270270270270316e+02	6.496575221264182416e-03
2.280280280280280181e+02	9.915403296263702090e-04
2.290290290290290329e+02	-5.228135176667284174e-03
2.300300300300300478e+02	-6.151459217726584772e-03
2.310310310310310342e+02	-4.426203934887099241e-03
2.320320320320320207e+02	-4.644548020281341789e-03
2.330330330330330355e+02	5.920773059766443365e-03
2.340340340340340504e+02	-7.317571312400304555e-03
2.350350350350350368e+02	-8.436415737695197523e-03
2.360360360360360232e+02	-4.963611504342759113e-03
2.370370370370370381e+02	8.396934538488600927e-03
2.380380380380380529e+02	-2.554847365074726807e-03
2.390390390390390394e+02	5.108078089214371622e-04
2.400400400400400258e+02	-2.683495369761030539e-03
2.410410410410410407e+02	-6.375700802000303829e-04
2.420420420420420555e+02	-1.075868100106563453e-02
2.430430430430430420e+02	-1.024680088224962614e-02
2.440440440440440568e+02	-2.049142365301389723e-03
2.450450450450450433e+02	-1.249521533629633675e-02
2.460460460460460581e+02	-7.100815760233261447e-04
2.470470470470470445e+02	-3.611384283173350255e-03
2.480480480480480594e+02	-6.308306088409432189e-03
2.490490490490490458e+02	-8.414084070589234387e-04
2.500500500500500607e+02	4.859131775638024335e-03
2.510510510510510471e+02	-2.237138386097458752e-03
2.520520520520520620e+02	-5.000934472311482741e-03
2.530530530530530484e+02	6.307238229467155947e-03
2.540540540540540633e+02	-3.359741224567664667e-03
2.550550550550550497e+02	-1.902240233403155014e-03
2.560560560560560361e+02	-2.138310004692004201e-03
2.570570570570570794e+02	-7.190543420150252892e-03
2.580580580580580659e+02	6.287355579305420154e-03
2.590590590590590523e+02	3.984150284438418670e-03
2.600600600600600956e+02	2.572817663487933352e-04
2.610610610610610820e+02	-2.597828563367355747e-03
2.620620620620620684e+02	9.128477221649104962e-04
2.630630630630630549e+02	5.000410631578897959e-03
2.640640640640640413e+02	1.681495282271597671e-03
2.650650650650650846e+02	1.291341386718261076e-02
2.660660660660660710e+02	-2.383783184103066121e-03
2.670670670670670575e+02	1.595005908916147892e-03
2.680680680680681007e+02	6.159798554313626433e-03
2.690690690690690872e+02	-1.134146812940633802e-03
2.700700700700700736e+02	-2.815358459995832233e-03
2.710710710710710600e+02	5.836699910177154012e-03
2.720720720720720465e+02	3.031819238785803030e-03
2.730730730730730897e+02	7.633670400971004182e-03
2.740740740740740762e+02	5.568948702407437550e-03
2.750750750750750626e+02	-6.405797285668586409e-03
2.760760760760761059e+02	-3.419094110856884128e-03
2.770770770770770923e+02	1.045495636771695026e-02
2.780780780780780788e+02	3.075595231523975317e-03
2.790790790790790652e+02	8.287872838640058604e-04
2.800800800800800516e+02	6.196310105174425605e-03
2.810810810810810949e+02	2.887868750811348889e-03
2.820820820820820813e+02	4.293533249600889855e-03
2.830830830830831246e+02	-4.050482425144027836e-03
2.840840840840841111e+02	5.773885293246241258e-05
2.850850850850850975e+02	-5.859535494175176391e-03
2.860860860860860839e+02	-5.983875846218770882e-03
2.870870870870870704e+02	-5.442996164703284290e-03
2.880880880880881136e+02	4.068476175847795216e-03
2.890890890890891001e+02	9.055986315537402007e-03
2.900900900900900865e+02	7.111780144910925978e-03
2.910910910910911298e+02	-1.343503630840404235e-03
2.920920920920921162e+02	-1.067343722702849239e-02
2.930930930930931027e+02	-9.222383836041684246e-04
2.940940940940940891e+02	-4.434941015431515844e-03
2.950950950950950755e+02	4.460837630748975234e-03
2.960960960960961188e+02	1.465352607505912043e-02
2.970970970970971052e+02	3.831253117118681249e-03
2.980980980980980917e+02	-1.199074270316433620e-02
2.990990990990991349e+02	-3.840589687489405404e-03
3.001001001001001214e+02	-4.096199912367066466e-03
3.011011011011011078e+02	2.807639373909208511e-03
3.021021021021020942e+02	-6.441337591626684596e-04
3.031031031031030807e+02	2.542355063543832571e-03
3.041041041041041240e+02	-8.347713695357751942e-03
3.051051051051051104e+02	-2.127713571366874213e-03
3.061061061061060968e+02	2.909442595153132003e-03
3.071071071071071401e+02	3.128531495810547933e-03
3.081081081081081265e+02	8.449673852314902242e-03
3.091091091091091130e+02	-5.525352241847444716e-03
3.101101101101100994e+02	1.423488142572231678e-03
3.111111111111110858e+02	1.526819529722913717e-02
3.121121121121121291e+02	1.399833854895393184e-05
3.131131131131131156e+02	-1.741381087183996963e-03
3.141141141141141588e+02	-2.063116970675017128e-04
3.151151151151151453e+02	4.907673545845841166e-03
3.161161161161161317e+02	8.340417930959102485e-03
3.171171171171171181e+02	2.407688801591256322e-03
3.181181181181181046e+02	7.223392926403446497e-03
3.191191191191191479e+02	4.371402247737020928e-03
3.201201201201201343e+02	3.990827809267293545e-03
3.211211211211211207e+02	-1.542808274758723048e-03
3.221221221221221640e+02	5.494243243930827143e-03
3.231231231231231504e+02	1.916452287658464886e-03
3.241241241241241369e+02	-1.111468081389471209e-02
3.251251251251251233e+02	8.151401784446286533e-03
3.261261261261261097e+02	1.166719660833769913e-02
3.271271271271271530e+02	9.361001209640172280e-03
3.281281281281281395e+02	6.450196610368994117e-03
3.291291291291291827e+02	1.349723458350251572e-02
3.301301301301301692e+02	1.152392733017048622e-02
3.311311311311311556e+02	1.289125202760771881e-02
3.321321321321321420e+02	9.663688539545635739e-03
3.331331331331331285e+02	4.907619502871469509e-03
3.341341341341341149e+02	4.116351465129925759e-03
3.351351351351351582e+02	-5.580266563497968298e-03
3.361361361361361446e+02	1.188208833566767536e-03
3.371371371371371879e+02	8.279609017356357945e-03
3.381381381381381743e+02	5.979430362569673925e-03
3.391391391391391608e+02	3.689678576355630377e-03
3.401401401401401472e+02	-8.632782831268366944e-03
3.411411411411411336e+02	5.515604883396693810e-03
3.421421421421421201e+02	8.076030656632978777e-04
3.431431431431431633e+02	-8.855234574420282792e-05
3.441441441441441498e+02	-5.951389723923397428e-03
3.451451451451451931e+02	-7.051871075769908064e-03
3.461461461461461795e+02	-3.618019431952419675e-03
3.471471471471471659e+02	-1.509525377322059637e-02
3.481481481481481524e+02	-2.244480375666944513e-02
3.491491491491491388e+02	-1.655611783869853290e-02
3.501501501501501252e+02	-3.581591257904749494e-03
3.511511511511511685e+02	-1.522690253875217357e-02
3.521521521521521549e+02	-1.539368287425321204e-02
3.531531531531531982e+02	-6.271348286816027899e-03
3.541541541541541847e+02	1.995020747588365905e-03
3.551551551551551711e+02	-1.565738630600666632e-03
3.561561561561561575e+02	-1.234186276665161751e-02
3.571571571571571440e+02	-1.838241788698377968e-02
3.581581581581581304e+02	-2.161145297485261418e-03
3.591591591591591737e+02	4.115883597373275714e-03
3.601601601601601601e+02	-2.270410466460065935e-03
3.611611611611612034e+02	7.807358703667691309e-03
3.621621621621621898e+02	6.832221225929799475e-03
3.631631631631631763e+02	9.009159673279197242e-03
3.641641641641641627e+02	3.797472230949421133e-03
3.651651651651651491e+02	6.683942864192296725e-03
3.661661661661661924e+02	3.928490323656276019e-03
3.671671671671671788e+02	-3.250215569101712245e-03
3.681681681681682221e+02	5.995939110399747980e-03
3.691691691691692085e+02	6.557772336597986369e-03
3.701701701701701950e+02	9.389056835501284268e-03
3.711711711711711814e+02	8.583708582592884315e-03
3.721721721721721678e+02	2.538089876775783803e-03
3.731731731731731543e+02	-9.583179324041625827e-03
3.741741741741741976e+02	-5.940155009889538755e-03
3.751751751751751840e+02	1.517064198411779453e-02
3.761761761761762273e+02	-4.470046798128763689e-03
3.771771771771772137e+02	-6.521196661235931398e-03
3.781781781781782001e+02	3.543538421469096217e-04
3.791791791791791866e+02	5.331396235910082666e-03
3.801801801801801730e+02	1.672096166612180952e-03
3.811811811811811594e+02	2.041564387425520363e-02
3.821821821821822027e+02	8.484217451009133312e-03
3.831831831831831892e+02	-1.356538301848245719e-02
3.841841841841842324e+02	-1.167337646142408390e-02
3.851851851851852189e+02	5.111870028978170470e-04
3.861861861861862053e+02	5.670176238565469325e-03
3.871871871871871917e+02	8.026086743014856440e-04
3.881881881881881782e+02	9.269416189998018127e-03
3.891891891891891646e+02	1.415129075028331580e-04
3.901901901901902079e+02	-2.261001595622314387e-03
3.911911911911911943e+02	1.217345792911394588e-02
3.921921921921922376e+02	1.919818330295475868e-03
3.931931931931932240e+02	1.296108060937050700e-02
3.941941941941942105e+02	-1.775155294841125034e-04
3.951951951951951969e+02	7.539896335779224879e-04
3.961961961961961833e+02	8.089584338522578600e-04
3.971971971971972266e+02	1.770451109371572922e-03
3.981981981981982130e+02	8.658266389083295225e-05
3.991991991991992563e+02	-1.890201162605659830e-03
4.002002002002002428e+02	-2.122136678355784466e-03
4.012012012012012292e+02	4.509071284114319657e-03
4.022022022022022156e+02	9.768794428784979226e-04
4.032032032032032021e+02	-1.018448951673253840e-02
4.042042042042041885e+02	-8.544502568966246339e-03
4.052052052052052318e+02	-4.687498961922110553e-03
4.062062062062062182e+02	-1.194079322771680017e-02
4.072072072072072615e+02	-8.761214245639277823e-03
4.082082082082082479e+02	-8.829976493736621046e-04
4.092092092092092344e+02	-1.909711069055881156e-03
4.102102102102102208e+02	1.759404035171135321e-03
4.112112112112112072e+02	-7.506515621426870961e-03
4.122122122122121937e+02	4.496829509681276281e-03
4.132132132132132369e+02	-1.285230158817197120e-02
4.142142142142142234e+02	3.857922215871388647e-03
4.152152152152152667e+02	8.738187760364028375e-03
4.162162162162162531e+02	3.161708423693786272e-03
4.172172172172172395e+02	-4.260038135827482787e-03
4.182182182182182260e+02	-2.010371823697316030e-03
4.192192192192192124e+02	1.126940672133924575e-03
4.202202202202201988e+02	-5.022091057676454119e-03
4.212212212212212421e+02	-1.572948375485606161e-03
4.222222222222222285e+02	-3.654475939112307361e-03
4.232232232232232718e+02	-8.190817541307295405e-03
4.242242242242242583e+02	-1.900984161442854188e-03
4.252252252252252447e+02	1.050748857733402103e-03
4.262262262262262311e+02	8.351482529998175905e-03
4.272272272272272176e+02	6.037374288162031429e-03
4.282282282282282608e+02	7.223691167657223140e-03
4.292292292292292473e+02	-3.590318546473293595e-03
4.302302302302302905e+02	3.292944279980224240e-03
4.312312312312312770e+02	-1.078532979729313578e-02
4.322322322322322634e+02	1.446636694403258911e-03
4.332332332332332498e+02	2.931853041945430092e-03
4.342342342342342363e+02	1.856018791152885469e-02
4.352352352352352227e+02	1.025972236211208748e-02
4.362362362362362660e+02	1.341328056911286239e-02
4.372372372372372524e+02	6.404141812631161494e-03
4.382382382382382957e+02	-1.152097596523488305e-03
4.392392392392392821e+02	4.588489512112548831e-03
4.402402402402402686e+02	1.842127133519888202e-02
4.412412412412412550e+02	1.339083722380337606e-02
4.422422422422422414e+02	1.094769326982480452e-02
4.432432432432432279e+02	7.111692111192027994e-03
4.442442442442442712e+02	9.206289044100616700e-03
4.452452452452452576e+02	4.224357809618633185e-03
4.462462462462463009e+02	8.122651510386156778e-03
4.472472472472472873e+02	1.508055109530669936e-02
4.482482482482482737e+02	1.168374353335152084e-02
4.492492492492492602e+02	1.736048751765028502e-03
4.502502502502502466e+02	-2.180098109523465489e-03
4.512512512512512330e+02	9.339459817827574584e-04
4.522522522522522763e+02	3.427163729311509619e-03
4.532532532532532628e+02	6.476558875182084236e-03
4.542542542542543060e+02	-5.902925579326646606e-04
4.552552552552552925e+02	-2.855288011348684676e-03
4.562562562562562789e+02	5.213938041919162795e-04
4.572572572572572653e+02	4.625611222243363428e-03
4.582582582582583086e+02	-3.017541809200441892e-04
4.592592592592592950e+02	7.825542415371892699e-03
4.602602602602602815e+02	5.208521394872098371e-03
4.612612612612612679e+02	-8.214005028686636913e-05
4.622622622622623112e+02	-6.717835067704294554e-03
4.632632632632632976e+02	2.947455717592916704e-04
4.642642642642642841e+02	-6.805799660882242341e-04
4.652652652652652705e+02	5.510729597069494341e-03
4.662662662662663138e+02	3.404827676068726636e-03
4.672672672672673002e+02	9.898580080794081634e-04
4.682682682682682866e+02	-1.272751512256198531e-03
4.692692692692692731e+02	-7.215066974108483126e-03
4.702702702702703164e+02	-4.990988474277925115e-03
4.712712712712713028e+02	-1.428679613249800957e-03
4.722722722722722892e+02	-1.439198339884379362e-02
4.732732732732732757e+02	-1.427883910159791735e-02
4.742742742742743189e+02	-1.721755960506691011e-02
4.752752752752753054e+02	-7.747451554665554622e-03
4.762762762762762918e+02	-1.535888013466891154e-02
4.772772772772772782e+02	1.266599464477768727e-03
4.782782782782783215e+02	2.592837733966236059e-03
4.792792792792793080e+02	-4.718390458459954286e-03
4.802802802802802944e+02	-8.621328552520542490e-03
4.812812812812812808e+02	7.334251395657079113e-03
4.822822822822823241e+02	-3.206435503491643444e-03
4.832832832832833105e+02	7.133084659251334551e-03
4.842842842842842970e+02	1.872812509387922555e-02
4.852852852852852834e+02	1.267382073292470067e-02
4.862862862862863267e+02	1.817980008702855046e-02
4.872872872872873131e+02	1.065128438642509506e-03
4.882882882882882996e+02	-5.523340083828212448e-03
4.892892892892893428e+02	4.915340196834177243e-03
4.902902902902903293e+02	3.805549069080261994e-03
4.912912912912913157e+02	1.747070643114434149e-02
4.922922922922923021e+02	2.726001437477947129e-03
4.932932932932933454e+02	5.277488537479111015e-03
4.942942942942943318e+02	2.448823623680707485e-03
4.952952952952953183e+02	1.206180279684027599e-02
4.962962962962963047e+02	6.854247690064626912e-03
4.972972972972973480e+02	-4.419566122261992837e-03
4.982982982982983344e+02	-1.194264499100711717e-02
4.992992992992993209e+02	5.270907590835175079e-03
5.003003003003003073e+02	4.177020164632950540e-03
5.013013013013013506e+02	3.411397051533425571e-03
5.023023023023023370e+02	4.735187274738482908e-03
5.033033033033033234e+02	6.200189284691767604e-03
5.043043043043043099e+02	1.828568774097733343e-02
5.053053053053053532e+02	1.044178097047246921e-02
5.063063063063063396e+02	4.614888016408884817e-03
5.073073073073073260e+02	1.278759522906458774e-03
5.083083083083083125e+02	-1.337311218983686621e-02
5.093093093093093557e+02	-3.042218546685794469e-03
5.103103103103103422e+02	-2.131822144386286578e-03
5.113113113113113286e+02	4.746007245450461175e-03
5.123123123123123150e+02	1.089273016586566646e-02
5.133133133133133015e+02	1.114324548465763821e-02
5.143143143143142879e+02	1.280293194354159341e-03
5.153153153153152743e+02	1.104277204057546070e-02
5.163163163163162608e+02	5.072060611261751915e-03
5.173173173173173609e+02	1.278340915048314409e-02
5.183183183183183473e+02	-4.939207181663574954e-03
5.193193193193193338e+02	-8.452292101811866368e-03
5.203203203203203202e+02	-9.276532462875798982e-03
5.213213213213214203e+02	-1.044208688439130167e-03
5.223223223223224068e+02	7.621520451514038515e-03
5.233233233233233932e+02	-2.452134805838058085e-03
5.243243243243243796e+02	-8.832153252577580951e-03
5.253253253253253661e+02	1.619648763540675789e-03
5.263263263263263525e+02	-2.649700532661559884e-03
5.273273273273273389e+02	1.158181234557364471e-02
5.283283283283283254e+02	-6.964076974756930154e-03
5.293293293293293118e+02	-7.849901064235779080e-04
5.303303303303302982e+02	-1.009893084091958819e-02
5.313313313313312847e+02	-2.511311136968897174e-03
5.323323323323323848e+02	-3.709861865644482182e-05
5.333333333333333712e+02	-5.825405998892060726e-03
5.343343343343343577e+02	-2.388322082308103490e-03
5.353353353353353441e+02	-6.933313551789890665e-03
5.363363363363364442e+02	1.649956011269992267e-03
5.373373373373374307e+02	3.573023579516553059e-03
5.383383383383384171e+02	4.297271798699819033e-03
5.393393393393394035e+02	-3.689681126353068410e-03
5.403403403403403900e+02	4.070674217491853340e-03
5.413413413413413764e+02	-4.710715114730396925e-03
5.423423423423423628e+02	-8.202393518736835268e-03
5.433433433433433493e+02	2.289911983101244452e-03
5.443443443443443357e+02	2.267125527212782588e-03
5.453453453453453221e+02	3.315934870292440526e-03
5.463463463463463086e+02	7.963614058487392599e-04
5.473473473473472950e+02	5.544025334571931092e-03
5.483483483483483951e+02	5.295186694843803492e-03
5.493493493493493816e+02	7.064675237692105876e-03
5.503503503503503680e+02	1.013971932107154798e-02
5.513513513513513544e+02	6.813216632584636993e-03
5.523523523523524545e+02	-1.734613909573357851e-04
5.533533533533534410e+02	-6.663210546044520503e-03
5.543543543543544274e+02	-2.927127122362120724e-03
5.553553553553554138e+02	-2.861246116811823250e-03
5.563563563563564003e+02	1.115369885545502765e-03
5.573573573573573867e+02	-7.339871892965702449e-04
5.583583583583583732e+02	7.162603519811292126e-03
5.593593593593593596e+02	1.517789915741283267e-02
5.603603603603603460e+02	1.217486003860812106e-02
5.613613613613613325e+02	5.075112821119360552e-03
5.623623623623623189e+02	6.148505058103962036e-03
5.633633633633634190e+02	-6.227205940049637505e-03
5.643643643643644054e+02	7.079289969013216784e-03
5.653653653653653919e+02	-6.682755220932037714e-03
5.663663663663663783e+02	6.599338843250587361e-04
5.673673673673674784e+02	1.008200936285108366e-02
5.683683683683684649e+02	-6.727087715624749213e-03
5.693693693693694513e+02	-8.680054205296329831e-03
5.703703703703704377e+02	-8.174500696414512338e-03
5.713713713713714242e+02	1.501421168237814701e-03
5.723723723723724106e+02	5.587860460041618564e-03
5.733733733733733970e+02	8.849543666937379968e-03
5.743743743743743835e+02	1.260880595617769112e-03
5.753753753753753699e+02	6.149536964526300560e-03
5.763763763763763563e+02	7.444239260672749943e-03
5.773773773773773428e+02	-7.665974606689942954e-03
5.783783783783783292e+02	-7.359454386654975915e-03
5.793793793793794293e+02	-1.367723400725894857e-02
5.803803803803804158e+02	-8.056271338196139761e-03
5.813813813813814022e+02	9.013359622844500018e-04
5.823823823823823886e+02	2.594922669325428356e-03
5.833833833833834888e+02	-1.495534637014212615e-03
5.843843843843844752e+02	-5.920327040748186694e-04
5.853853853853854616e+02	9.140998361085337851e-03
5.863863863863864481e+02	1.128533207792686323e-02
5.873873873873874345e+02	1.092624009040057444e-02
5.883883883883884209e+02	6.190961123121810523e-03
5.893893893893894074e+02	6.401468371756727400e-03
5.903903903903903938e+02	7.783396664849198850e-03
5.913913913913913802e+02	6.402674164751595738e-03
5.923923923923923667e+02	2.920689959372833964e-03
5.933933933933933531e+02	1.389446957761896785e-02
5.943943943943944532e+02	7.950748092020286026e-03
5.953953953953954397e+02	8.287339758626636674e-03
5.963963963963964261e+02	-3.574605013387412069e-03
5.973973973973974125e+02	-3.318207366362986490e-03
5.983983983983985127e+02	1.161964580220636650e-03
5.993993993993994991e+02	9.448218633115399931e-03
6.004004004004004855e+02	1.116392090643547087e-02
6.014014014014014720e+02	7.665418926036890630e-03
6.024024024024024584e+02	6.947355047579481697e-03
6.034034034034034448e+02	7.024858600930242343e-03
6.044044044044044313e+02	3.502363635803083558e-04
6.054054054054054177e+02	2.876396967664839131e-03
6.064064064064064041e+02	7.571823753859948736e-04
6.074074074074073906e+02	-4.500421128524891251e-04
6.084084084084083770e+02	-4.426029237984325550e-03
6.094094094094093634e+02	6.974724058480483331e-03
6.104104104104104636e+02	-9.330638714905995987e-03
6.114114114114114500e+02	4.833023788274047367e-04
6.124124124124124364e+02	-1.047237502614179437e-02
6.134134134134134229e+02	-3.983224690233489775e-03
6.144144144144145230e+02	4.014304575052362288e-03
6.154154154154155094e+02	-3.440362738574844165e-04
6.164164164164164958e+02	1.374133818182659466e-03
6.174174174174174823e+02	-1.027834308567107842e-02
6.184184184184184687e+02	7.792978260687891297e-03
6.194194194194194552e+02	4.719811089590824314e-03
6.204204204204204416e+02	7.474038790334643989e-04
6.214214214214214280e+02	-5.008765070560362333e-03
6.224224224224224145e+02	-1.173576434541998524e-02
6.234234234234234009e+02	-6.896675921660991781e-04
6.244244244244243873e+02	-2.565278216802608247e-03
6.254254254254254874e+02	-6.794799337735971589e-04
6.264264264264264739e+02	-1.253747799321678312e-02
6.274274274274274603e+02	3.098251458562682834e-03
6.284284284284284468e+02	5.243189511096588325e-03
6.294294294294295469e+02	4.662185442789067678e-03
6.304304304304305333e+02	2.015247850286228538e-03
6.314314314314315197e+02	1.473208745991826845e-03
6.324324324324325062e+02	5.652022591396964639e-04
6.334334334334334926e+02	1.277309353332489218e-02
6.344344344344344790e+02	1.291535419316863255e-02
6.354354354354354655e+02	6.803993250363541030e-03
6.364364364364364519e+02	-5.412075502505444939e-03
6.374374374374374383e+02	1.071071551478702593e-03
6.384384384384384248e+02	9.670730301311296004e-03
6.394394394394394112e+02	3.954522368852158264e-03
6.404404404404403977e+02	2.754640183795649313e-03
6.414414414414414978e+02	-9.620654702898193611e-04
6.424424424424424842e+02	4.468330180236178045e-04
6.434434434434434706e+02	5.368763445584287704e-03
6.444444444444444571e+02	4.013573631477639590e-03
6.454454454454455572e+02	-1.498547019625457539e-03
6.464464464464465436e+02	-3.041912451996863029e-03
6.474474474474475301e+02	8.599864445724384951e-03
6.484484484484485165e+02	4.050587958163347733e-03
6.494494494494495029e+02	-2.341515248470787524e-03
6.504504504504504894e+02	-7.977887496751486862e-04
6.514514514514514758e+02	7.684920062572261424e-04
6.524524524524524622e+02	1.677476177888356443e-02
6.534534534534534487e+02	1.477838017363100089e-02
6.544544544544544351e+02	1.124069162493390207e-02
6.554554554554554215e+02	1.261377349089132759e-02
6.564564564564565217e+02	1.521412506638067895e-02
6.574574574574575081e+02	-5.348278205802967263e-03
6.584584584584584945e+02	4.530336685891368266e-03
6.594594594594594810e+02	1.117120015024820022e-02
6.604604604604605811e+02	1.118172922885746733e-02
6.614614614614615675e+02	1.167781729031754957e-02
6.624624624624625540e+02	7.539774730843132496e-03
6.634634634634635404e+02	-5.574049752577023460e-03
6.644644644644645268e+02	3.727411105799215228e-03
6.654654654654655133e+02	-1.545150680374724568e-03
6.664664664664664997e+02	1.694480354407231978e-02
6.674674674674674861e+02	5.335827998982270622e-03
6.684684684684684726e+02	6.391954284960923820e-03
6.694694694694694590e+02	-6.469438560935738929e-03
6.704704704704704454e+02	1.819700185304583848e-04
6.714714714714714319e+02	4.795864854564236592e-03
6.724724724724725320e+02	1.023998670497355996e-02
6.734734734734735184e+02	-5.963146820928080620e-03
6.744744744744745049e+02	-1.939631654525875810e-03
6.754754754754754913e+02	-6.354832447058142604e-03
6.764764764764765914e+02	-1.429938747254009233e-02
6.774774774774775778e+02	-1.022420824256215161e-03
6.784784784784785643e+02	-6.572677224232351297e-03
6.794794794794795507e+02	4.669083065700240474e-03
6.804804804804805372e+02	-6.880376394641704411e-03
6.814814814814815236e+02	-8.767256584711781778e-03
6.824824824824825100e+02	-1.307422444922246539e-02
6.834834834834834965e+02	-8.480102656431150535e-03
6.844844844844844829e+02	2.041166958018369190e-04
6.854854854854854693e+02	-1.759706225299002098e-03
6.864864864864864558e+02	-1.411681300950511824e-03
6.874874874874875559e+02	1.149519910305374777e-04
6.884884884884885423e+02	-9.011355080874193166e-03
6.894894894894895288e+02	-1.016354352985896110e-02
6.904904904904905152e+02	-5.207991632151299545e-03
6.914914914914916153e+02	3.094300086616209779e-03
6.924924924924926017e+02	-4.088192444158284845e-03
6.934934934934935882e+02	-4.844946592773457204e-03
6.944944944944945746e+02	-5.852308926876772892e-03
6.954954954954955610e+02	4.926897166840664942e-03
6.964964964964965475e+02	-7.025656696898865787e-03
6.974974974974975339e+02	-6.016624758646419054e-03
6.984984984984985203e+02	-1.278760707224102728e-03
6.994994994994995068e+02	-1.187345276718876759e-04
7.005005005005004932e+02	4.689003380171973510e-03
7.015015015015014797e+02	-3.421175572482588936e-03
7.025025025025024661e+02	-3.561314415486598137e-03
7.035035035035035662e+02	-8.992193556453699846e-03
7.045045045045045526e+02	-9.201486444609970408e-03
7.055055055055055391e+02	-3.860282151160578015e-03
7.065065065065065255e+02	-8.092221224803573842e-05
7.075075075075076256e+02	7.711397714817794409e-03
7.085085085085086121e+02	-4.064574307277303805e-04
7.095095095095095985e+02	-1.030220838583664582e-02
7.105105105105105849e+02	-1.051704773378341930e-02
7.115115115115115714e+02	-7.315308163891612488e-03
7.125125125125125578e+02	-8.533619433079705011e-03
7.135135135135135442e+02	-1.247555862530818661e-02
7.145145145145145307e+02	-1.653442772249122047e-02
7.155155155155155171e+02	-1.323292357707312426e-02
7.165165165165166172e+02	-5.470720987590852076e-03
7.175175175175176037e+02	-4.810623434793963836e-03
7.185185185185185901e+02	3.523880460013230267e-03
7.195195195195195765e+02	5.497086498315986551e-03
7.205205205205205630e+02	5.465626914200774449e-03
7.215215215215215494e+02	2.479678741569846787e-04
7.225225225225225358e+02	3.751503938774021409e-03
7.235235235235235223e+02	-4.024109727168822224e-03
7.245245245245246224e+02	-1.089880152883659394e-02
7.255255255255256088e+02	-4.117813005898252922e-03
7.265265265265265953e+02	-3.307319328411077817e-03
7.275275275275275817e+02	6.850865768995292393e-04
7.285285285285285681e+02	-7.393826559378427303e-03
7.295295295295295546e+02	-6.036051611620909911e-03
7.305305305305305410e+02	-1.079313499113591056e-02
7.315315315315315274e+02	-1.305257158019380121e-03
7.325325325325326276e+02	-9.790313016885933764e-03
7.335335335335336140e+02	-1.963483555890905164e-03
7.345345345345346004e+02	1.592392357747301384e-03
7.355355355355355869e+02	-9.869053376266314574e-04
7.365365365365365733e+02	3.108105832532680277e-03
7.375375375375375597e+02	1.770692410593399310e-02
7.385385385385385462e+02	2.093173767733526661e-02
7.395395395395395326e+02	1.432800883367743063e-02
7.405405405405406327e+02	6.075431865850270015e-03
7.415415415415416192e+02	5.108489591201025547e-03
7.425425425425426056e+02	3.471276842999719645e-03
7.435435435435435920e+02	8.680763748445534042e-03
7.445445445445445785e+02	-2.289774002364103767e-03
7.455455455455455649e+02	-8.506875804586148037e-04
7.465465465465465513e+02	4.343475326028524669e-04
7.475475475475476514e+02	4.679399199713689915e-03
7.485485485485486379e+02	-2.371518605060074936e-03
7.495495495495496243e+02	-1.174992926340351568e-03
7.505505505505506108e+02	6.639456632764354112e-03
7.515515515515515972e+02	-6.356645359783421982e-03
7.525525525525525836e+02	-9.610738272104183333e-04
7.535535535535535701e+02	2.882133207200653167e-03
7.545545545545545565e+02	1.425917173510476456e-02
7.555555555555556566e+02	4.649091676823314569e-03
7.565565565565566430e+02	4.267648466491773783e-03
7.575575575575576295e+02	-5.887336301212023164e-03
7.585585585585586159e+02	1.169694297196793636e-03
7.595595595595596023e+02	5.780557288574236958e-03
7.605605605605605888e+02	9.355920465577708322e-04
7.615615615615615752e+02	-7.121533819659661528e-03
7.625625625625625617e+02	-1.530486822022809152e-03
7.635635635635636618e+02	3.691564814716387279e-03
7.645645645645646482e+02	-8.980077246502074983e-04
7.655655655655656346e+02	2.578447925191684319e-03
7.665665665665666211e+02	-9.848780028414995738e-03
7.675675675675676075e+02	-7.161473736679971162e-03
7.685685685685685939e+02	8.204891467312317929e-03
7.695695695695695804e+02	-3.474634034284997033e-03
7.705705705705705668e+02	5.270633928863841140e-03
7.715715715715716669e+02	-4.266172636089415014e-03
7.725725725725726534e+02	-8.262145444647457995e-03
7.735735735735736398e+02	8.866381895187262427e-03
7.745745745745746262e+02	-1.188651648271227485e-03
7.755755755755756127e+02	2.603958779361037045e-03
7.765765765765765991e+02	4.698981298577876477e-03
7.775775775775775855e+02	4.449932615057660377e-03
7.785785785785786857e+02	1.488112014856290445e-02
7.795795795795796721e+02	3.032887372383940111e-05
7.805805805805806585e+02	6.467461040194635684e-03
7.815815815815816450e+02	1.029266353444261047e-02
7.825825825825826314e+02	1.164780470279359013e-02
7.835835835835836178e+02	7.774305051764076983e-03
7.845845845845846043e+02	-4.273941456884118063e-03
7.855855855855855907e+02	3.848461801400637083e-05
7.865865865865866908e+02	-1.215916787644982268e-02
7.875875875875876773e+02	-1.026550454030994647e-03
7.885885885885886637e+02	8.474267647669567671e-04
7.895895895895896501e+02	-1.161083398100260476e-02
7.905905905905906366e+02	-1.342451489068003474e-03
7.915915915915916230e+02	-3.062337453146047315e-04
7.925925925925926094e+02	-3.668256443928764789e-03
7.935935935935935959e+02	9.643394421993660079e-03
7.945945945945946960e+02	-3.817827682420533910e-03
7.955955955955956824e+02	8.105971884410255110e-03
7.965965965965966689e+02	4.510414367836361980e-03
7.975975975975976553e+02	5.174905387435257097e-03
7.985985985985986417e+02	6.710202864212752756e-03
7.995995995995996282e+02	1.214452520949690396e-02
8.006006006006006146e+02	-2.825784066408322439e-03
8.016016016016016010e+02	3.914634821182593448e-03
8.026026026026027012e+02	1.089728701747199636e-02
8.036036036036036876e+02	-1.632231035869875042e-03
8.046046046046046740e+02	4.865683125942267019e-03
8.056056056056056605e+02	2.250805004745393568e-03
8.066066066066066469e+02	4.140342160366654832e-03
8.076076076076076333e+02	1.028796909055479207e-02
8.086086086086086198e+02	5.899185465154387379e-04
8.096096096096097199e+02	1.497586003474605338e-03
8.106106106106107063e+02	1.396113534319151119e-02
8.116116116116116928e+02	1.023375411274954176e-02
8.126126126126126792e+02	4.051254289042655922e-03
8.136136136136136656e+02	1.140806086514242236e-02
8.146146146146146521e+02	1.094037750091436147e-02
8.156156156156156385e+02	1.094916260684710742e-02
8.166166166166166249e+02	9.736743698662007548e-03
8.176176176176177250e+02	1.005548139676445789e-02
8.186186186186187115e+02	1.618575397016199999e-02
8.196196196196196979e+02	-1.046609876518834044e-04
8.206206206206206843e+02	-9.400219964060542790e-03
8.216216216216216708e+02	-1.028762005854389334e-04
8.226226226226226572e+02	7.006536508773861423e-03
8.236236236236236437e+02	3.983495120978285640e-03
8.246246246246246301e+02	1.308977884965949927e-03
8.256256256256257302e+02	-2.077824532872474695e-03
8.266266266266267166e+02	1.831108743228670359e-03
8.276276276276277031e+02	2.749078806049686050e-03
8.286286286286286895e+02	2.660755053599527051e-03
8.296296296296296759e+02	3.880418994451571933e-03
8.306306306306306624e+02	2.119882524116600397e-03
8.316316316316316488e+02	1.244294712203691594e-03
8.326326326326326353e+02	8.198255918752365631e-03
8.336336336336337354e+02	1.040346760067428593e-02
8.346346346346347218e+02	2.229935425853470446e-02
8.356356356356357082e+02	1.702191368109745931e-02
8.366366366366366947e+02	3.029912843135849562e-02
8.376376376376376811e+02	2.227097738340501690e-02
8.386386386386386675e+02	4.604056849956932561e-03
8.396396396396396540e+02	5.470155947674745951e-03
8.406406406406406404e+02	6.452210047529158450e-03
8.416416416416417405e+02	-3.487877756567532486e-03
8.426426426426427270e+02	1.199813223626960447e-02
8.436436436436437134e+02	1.227169065221497303e-02
8.446446446446446998e+02	-1.929471091968726010e-05
8.456456456456456863e+02	-1.858444437237537954e-03
8.466466466466466727e+02	-1.532482885005958433e-03
8.476476476476476591e+02	5.477025671310839332e-03
8.486486486486487593e+02	9.805778510881156193e-03
8.496496496496497457e+02	-2.889814609037589990e-03
8.506506506506507321e+02	-3.809005141262229634e-03
8.516516516516517186e+02	3.599874164040812920e-03
8.526526526526527050e+02	-9.524318822036467258e-04
8.536536536536536914e+02	4.825082646512824681e-03
8.546546546546546779e+02	1.682870220540200537e-02
8.556556556556556643e+02	6.564905443897203936e-03
8.566566566566567644e+02	1.502138999429718973e-03
8.576576576576577509e+02	1.294320401904025314e-03
8.586586586586587373e+02	6.768601796516835085e-03
8.596596596596597237e+02	4.469228589937423134e-03
8.606606606606607102e+02	1.563859456307952964e-02
8.616616616616616966e+02	-3.859660914840691483e-03
8.626626626626626830e+02	-1.075315392379761143e-03
8.636636636636636695e+02	-3.412608736560297697e-03
8.646646646646647696e+02	-6.084788853918996106e-03
8.656656656656657560e+02	7.794093520579689800e-03
8.666666666666667425e+02	1.902038105359549853e-03
8.676676676676677289e+02	-5.705184212866751432e-03
8.686686686686687153e+02	-6.295901371349278382e-04
8.696696696696697018e+02	-3.594543906635912136e-03
8.706706706706706882e+02	1.091610640239706366e-02
8.716716716716716746e+02	1.795054565650963316e-02
8.726726726726727748e+02	-4.413761831931235259e-03
8.736736736736737612e+02	8.263914335468188843e-04
8.746746746746747476e+02	6.126236388723252553e-03
8.756756756756757341e+02	1.219521985557691984e-03
8.766766766766767205e+02	6.520928923513910798e-03
8.776776776776777069e+02	7.298469864324638907e-03
8.786786786786786934e+02	7.298750368157300335e-03
8.796796796796797935e+02	5.058785165716644071e-03
8.806806806806807799e+02	-3.235677036722671516e-03
8.816816816816817663e+02	5.868762368013727589e-03
8.826826826826827528e+02	7.848553083051988330e-03
8.836836836836837392e+02	1.860017180082135582e-02
8.846846846846847257e+02	4.909416876919924476e-03
8.856856856856857121e+02	-6.040065170371225652e-03
8.866866866866866985e+02	-8.307680908941352318e-03
8.876876876876877986e+02	1.184725515986861715e-03
8.886886886886887851e+02	8.996430671844466917e-03
8.896896896896897715e+02	3.401783552858499236e-03
8.906906906906907579e+02	4.475751423540812700e-03
8.916916916916917444e+02	1.773508172936588039e-03
8.926926926926927308e+02	-3.489200918028732921e-03
8.936936936936937173e+02	3.292972119650987382e-03
8.946946946946947037e+02	2.460893755044101915e-03
8.956956956956958038e+02	1.387134824149343672e-02
8.966966966966967902e+02	1.021987970285470788e-02
8.976976976976977767e+02	7.595447835302974104e-04
8.986986986986987631e+02	1.091134647111607382e-02
8.996996996996997495e+02	1.294280177184897219e-02
9.007007007007007360e+02	1.399831719173746415e-02
9.017017017017017224e+02	1.423623117797825390e-02
9.027027027027027088e+02	2.625724945558598287e-03
9.037037037037038090e+02	3.399630710033378720e-03
9.047047047047047954e+02	3.560387815535774689e-03
9.057057057057057818e+02	4.528266980863753476e-03
9.067067067067067683e+02	6.514550012108930206e-03
9.077077077077077547e+02	8.856532691944416988e-03
9.087087087087087411e+02	8.802581623559012011e-03
9.097097097097097276e+02	2.265733138259090184e-03
9.107107107107108277e+02	1.194910196986337164e-03
9.117117117117118141e+02	3.831722606342429036e-03
9.127127127127128006e+02	-8.381490543163368570e-03
9.137137137137137870e+02	1.072613935605492598e-02
9.147147147147147734e+02	-5.081170065904252277e-05
9.157157157157157599e+02	1.880851524245635191e-03
9.167167167167167463e+02	-1.297788576386494329e-02
9.177177177177177327e+02	-1.132083925050109650e-02
9.187187187187188329e+02	6.440457185119539995e-05
9.197197197197198193e+02	-6.450943525571991959e-03
9.207207207207208057e+02	-9.469444950553492293e-03
9.217217217217217922e+02	3.325906435357876920e-03
9.227227227227227786e+02	-4.044083217297018452e-03
9.237237237237237650e+02	5.459605099809386637e-03
9.247247247247247515e+02	1.907396489541884248e-03
9.257257257257257379e+02	1.608901890993329935e-03
9.267267267267268380e+02	1.195854664067504992e-02
9.277277277277278245e+02	-1.133048033277017424e-03
9.287287287287288109e+02	-1.354182034524603097e-02
9.297297297297297973e+02	-5.834021928183721721e-03
9.307307307307307838e+02	-8.251401266405168980e-03
9.317317317317317702e+02	-7.323111297254133838e-03
9.327327327327327566e+02	-6.732629155079880752e-03
9.337337337337337431e+02	1.223804424601204234e-02
9.347347347347348432e+02	-7.364268530856147221e-04
9.357357357357358296e+02	-2.020478741836723591e-03
9.367367367367368161e+02	-1.095631216963579603e-02
9.377377377377378025e+02	-4.746223792468752013e-03
9.387387387387387889e+02	-8.961742360924259201e-03
9.397397397397397754e+02	-5.483839753623378881e-03
9.407407407407407618e+02	-1.154423534650700876e-02
9.417417417417418619e+02	-1.122705977752927985e-02
9.427427427427428483e+02	-8.495066701873778617e-03
9.437437437437438348e+02	-1.390231614005343376e-02
9.447447447447448212e+02	-7.340516767515123560e-03
9.457457457457458077e+02	-1.175313452102036936e-02
9.467467467467467941e+02	-8.003082884897845875e-03
9.477477477477477805e+02	-1.755523670047832259e-03
9.487487487487487670e+02	-1.327997370735545767e-02
9.497497497497498671e+02	-1.358898174181383776e-02
9.507507507507508535e+02	-6.845532778981780649e-03
9.517517517517518399e+02	-2.667502365073238222e-04
9.527527527527528264e+02	-5.351865908497124673e-03
9.537537537537538128e+02	-1.231132789427852531e-03
9.547547547547547993e+02	-9.652372562852730778e-03
9.557557557557557857e+02	1.975675007416715766e-03
9.567567567567567721e+02	-9.052531127541066846e-04
9.577577577577578722e+02	-9.938231003830207480e-03
9.587587587587588587e+02	-2.080180736868525882e-03
9.597597597597598451e+02	4.453032723933074942e-03
9.607607607607608315e+02	1.243223218143218491e-02
9.617617617617618180e+02	1.485367199927769589e-02
9.627627627627628044e+02	5.260327486796277955e-04
9.637637637637637908e+02	-9.680288530313165343e-03
9.647647647647647773e+02	-3.414426247982353755e-03
9.657657657657658774e+02	-8.657721744092242632e-04
9.667667667667668638e+02	-1.358090828338026114e-02
9.677677677677678503e+02	-7.995254122918961717e-03
9.687687687687688367e+02	-1.691527115035129994e-02
9.697697697697698231e+02	-4.325661551508237258e-03
9.707707707707708096e+02	-1.064127021586014875e-02
9.717717717717717960e+02	3.853624316197788811e-03
9.727727727727728961e+02	7.327429654582437620e-03
9.737737737737738826e+02	1.530685781617745949e-03
9.747747747747748690e+02	-6.202711875435837179e-03
9.757757757757758554e+02	-4.723724317377332206e-03
9.767767767767768419e+02	-7.644772663050550428e-03
9.777777777777778283e+02	-4.294634155587785142e-03
9.787787787787788147e+02	-4.750460863676753999e-03
9.797797797797798012e+02	-1.071023281503314349e-02
9.807807807807809013e+02	-2.890377620752755585e-03
9.817817817817818877e+02	-2.879374884194847630e-03
9.827827827827828742e+02	-9.287691394806398340e-03
9.837837837837838606e+02	-7.615792505523380669e-03
9.847847847847848470e+02	-6.983137516413720318e-03
9.857857857857858335e+02	-1.225531966263932425e-02
9.867867867867868199e+02	-1.024004193674443557e-02
9.877877877877878063e+02	-9.172028910977068558e-03
9.887887887887889065e+02	-5.581510576129880379e-03
9.897897897897898929e+02	-3.494873540768330083e-04
9.907907907907908793e+02	3.393576377040184808e-03
9.917917917917918658e+02	-3.973351071828361801e-03
9.927927927927928522e+02	-4.970998932182834305e-03
9.937937937937938386e+02	-1.452348439763451703e-02
9.947947947947948251e+02	-1.339574210557221111e-02
9.957957957957958115e+02	1.122504049645977757e-04
9.967967967967969116e+02	-2.926012605043078110e-03
9.977977977977978981e+02	1.450115959934200095e-02
9.987987987987988845e+02	1.806518951095412509e-02
9.997997997997998709e+02	4.475166523219221461e-03
1.000800800800800857e+03	-1.157798945715541282e-02
1.001801801801801844e+03	-2.916421290250882561e-03
1.002802802802802830e+03	5.224322720599225249e-03
1.003803803803803930e+03	4.617846071824887287e-03
1.004804804804804917e+03	-5.543085821179324739e-03
1.005805805805805903e+03	6.389135533312270861e-03
1.006806806806806890e+03	9.546066005426847093e-03
1.007807807807807876e+03	-3.591157750955752213e-03
1.008808808808808863e+03	1.188100776386757712e-03
1.009809809809809849e+03	7.609090460761472807e-04
1.010810810810810835e+03	7.772754799536038713e-03
1.011811811811811936e+03	1.056357666584170109e-02
1.012812812812812922e+03	7.286724277317605143e-03
1.013813813813813908e+03	-1.887156884005703568e-03
1.014814814814814895e+03	1.056486535927894134e-02
1.015815815815815881e+03	3.893323654120396052e-03
1.016816816816816868e+03	-1.145808892815155253e-03
1.017817817817817854e+03	-2.466756138398462140e-04
1.018818818818818841e+03	1.180527956054797621e-02
1.019819819819819941e+03	7.301150593364343078e-03
1.020820820820820927e+03	-2.915457223542643802e-03
1.021821821821821914e+03	2.691589161065043121e-03
1.022822822822822900e+03	1.630419324222893247e-03
1.023823823823823886e+03	-1.209662435727225155e-03
1.024824824824824873e+03	-1.806154351577487311e-03
1.025825825825825859e+03	-3.904362365082535147e-03
1.026826826826826846e+03	7.629865528043518197e-03
1.027827827827828060e+03	3.126416294734862735e-03
1.028828828828829046e+03	4.225561811028010449e-03
1.029829829829830032e+03	4.297743157540423117e-03
1.030830830830831019e+03	6.442367973904255911e-03
1.031831831831832005e+03	9.553722970973723902e-03
1.032832832832832992e+03	9.084911942947146782e-03
1.033833833833833978e+03	2.165049318348077987e-03
1.034834834834834965e+03	-7.697777183345777194e-04
1.035835835835835951e+03	2.429966326839841633e-03
1.036836836836836937e+03	3.841207213602445322e-03
1.037837837837837924e+03	-2.791108239160186490e-03
1.038838838838838910e+03	-3.829128394099842823e-03
1.039839839839839897e+03	-1.273102554121697009e-03
1.040840840840840883e+03	-2.503684805617345023e-04
1.041841841841841870e+03	-4.970231988261989038e-03
1.042842842842842856e+03	-2.575784625118443354e-03
1.043843843843843842e+03	-8.193551911902168666e-03
1.044844844844844829e+03	8.035964331030263572e-03
1.045845845845845815e+03	-1.497559529060830605e-03
1.046846846846846802e+03	-1.430596953644849194e-03
1.047847847847847788e+03	4.896517434498012626e-03
1.048848848848848775e+03	1.255282818784810017e-02
1.049849849849849761e+03	1.416598467566339628e-03
1.050850850850850975e+03	-8.021345132828015118e-03
1.051851851851851961e+03	-8.056621060703999040e-03
1.052852852852852948e+03	-9.719870558244280909e-03
1.053853853853853934e+03	-8.266610876071132930e-03
1.054854854854854921e+03	-7.690054596379431069e-03
1.055855855855855907e+03	-9.537381424575592723e-03
1.056856856856856894e+03	6.567941829989221332e-03
1.057857857857857880e+03	-4.296869656761597399e-03
1.058858858858859094e+03	-1.663434744222793901e-02
1.059859859859860080e+03	-9.052512634177688200e-03
1.060860860860861067e+03	-1.111587130085188750e-03
1.061861861861862053e+03	9.167074560812175010e-04
1.062862862862863039e+03	-4.308999393881201082e-03
1.063863863863864026e+03	5.705773837672387105e-03
1.064864864864865012e+03	5.299556640371079486e-03
1.065865865865865999e+03	5.074910646362727849e-04
1.066866866866866985e+03	-8.502932478217699319e-03
1.067867867867867972e+03	-4.266414708901092832e-03
1.068868868868868958e+03	-8.726754329697343840e-03
1.069869869869869945e+03	1.598002660299389715e-04
1.070870870870870931e+03	-5.117092208366174309e-03
1.071871871871871917e+03	-3.053932278255981712e-03
1.072872872872872904e+03	-6.682474849043586185e-03
1.073873873873873890e+03	-4.625197933363901087e-03
1.074874874874874877e+03	-4.809636109375819112e-03
1.075875875875875863e+03	2.337941659484410288e-03
1.076876876876876850e+03	-4.588063558707595677e-03
1.077877877877877836e+03	-3.294758369398777254e-03
1.078878878878878822e+03	-2.355995925169469731e-03
1.079879879879879809e+03	-3.386450915356765262e-03
1.080880880880880795e+03	5.678595360434438195e-03
1.081881881881882009e+03	7.059582866399280454e-03
1.082882882882882996e+03	-3.748882020141298173e-03
1.083883883883883982e+03	-4.167968269112187589e-03
1.084884884884884968e+03	-4.711807396598556227e-03
1.085885885885885955e+03	-6.818088325397470180e-03
1.086886886886886941e+03	-2.833579489270149267e-03
1.087887887887887928e+03	-6.727231226461874609e-03
1.088888888888888914e+03	-4.283212202971225548e-03
1.089889889889890128e+03	-8.306413552404249417e-03
1.090890890890891114e+03	2.391810372010370769e-04
1.091891891891892101e+03	8.439115161107453391e-06
1.092892892892893087e+03	-3.518805131740857656e-03
1.093893893893894074e+03	-7.021953396195386226e-04
1.094894894894895060e+03	3.788068311841580240e-03
1.095895895895896047e+03	5.616396620356745202e-03
1.096896896896897033e+03	-4.393361231533324772e-03
1.097897897897898019e+03	-3.230639216130481994e-04
1.098898898898899006e+03	-1.336881993067741805e-03
1.099899899899899992e+03	-5.692879909627850121e-03
1.100900900900900979e+03	-2.247408122212154243e-03
1.101901901901901965e+03	-1.692203829868066389e-04
1.102902902902902952e+03	-1.168920278176374672e-02
1.103903903903903938e+03	-1.791019440532543028e-02
1.104904904904904924e+03	-5.774148337541390452e-03
1.105905905905905911e+03	-8.137705371050962810e-03
1.106906906906906897e+03	-6.485631185916135300e-03
1.107907907907907884e+03	-1.214806490036332565e-02
1.108908908908908870e+03	-1.179728105799124349e-02
1.109909909909909857e+03	-1.509205507033345439e-02
1.110910910910910843e+03	-1.227960144864156944e-02
1.111911911911911830e+03	-8.796299230365567379e-03
1.112912912912913043e+03	-1.397260059681687538e-03
1.113913913913914030e+03	-1.132988851985497480e-02
1.114914914914915016e+03	-1.709662045548043796e-02
1.115915915915916003e+03	-1.881224635249026389e-02
1.116916916916916989e+03	-1.238701312678544553e-02
1.117917917917917976e+03	-9.673885695957840092e-03
1.118918918918918962e+03	-1.336768869662349757e-02
1.119919919919919948e+03	-8.251039504599655405e-03
1.120920920920921162e+03	-1.327696418443197190e-02
1.121921921921922149e+03	-3.491847004758463768e-03
1.122922922922923135e+03	2.967664060244179502e-03
1.123923923923924121e+03	2.596985825047387619e-03
1.124924924924925108e+03	-5.823182925820707956e-03
1.125925925925926094e+03	-3.634327756756705607e-03
1.126926926926927081e+03	9.797296399540744716e-04
1.127927927927928067e+03	6.473916948853714048e-03
1.128928928928929054e+03	-1.179761476045160240e-02
1.129929929929930040e+03	5.306282052479988076e-03
1.130930930930931027e+03	-8.260028265698327044e-03
1.131931931931932013e+03	-3.554103776537975712e-03
1.132932932932932999e+03	-1.340108484183172299e-03
1.133933933933933986e+03	-7.684626358323398687e-03
1.134934934934934972e+03	1.432088102471473778e-03
1.135935935935935959e+03	6.909296483400273470e-03
1.136936936936936945e+03	3.995878224960558445e-03
1.137937937937937932e+03	6.504324346223111508e-03
1.138938938938938918e+03	5.334397782070343652e-03
1.139939939939939904e+03	2.927992997621808868e-03
1.140940940940940891e+03	-8.977501838744711415e-03
1.141941941941941877e+03	-1.009003605695973915e-02
1.142942942942942864e+03	5.975778589982050359e-03
1.143943943943944078e+03	2.932991231076986782e-03
1.144944944944945064e+03	9.019966759648834209e-04
1.145945945945946050e+03	1.163481520042836115e-03
1.146946946946947037e+03	-1.317367393213283999e-02
1.147947947947948023e+03	6.361748300607761308e-03
1.148948948948949010e+03	6.441112237486890102e-04
1.149949949949949996e+03	3.250475502703992214e-03
1.150950950950950983e+03	4.154806988642067989e-03
1.151951951951952196e+03	4.989785322464218575e-03
1.152952952952953183e+03	5.377543578717086659e-03
1.153953953953954169e+03	-7.944923138806292418e-03
1.154954954954955156e+03	-6.121348097712808745e-03
1.155955955955956142e+03	-2.141155144756629047e-03
1.156956956956957129e+03	1.077845711652813954e-03
1.157957957957958115e+03	-7.623090452544944995e-03
1.158958958958959101e+03	-4.002965091865762215e-04
1.159959959959960088e+03	-1.052824453284451067e-02
1.160960960960961074e+03	1.223131540130428796e-03
1.161961961961962061e+03	1.993884099151826961e-03
1.162962962962963047e+03	6.069624884216057170e-03
1.163963963963964034e+03	-5.648998596708254549e-03
1.164964964964965020e+03	-7.278050541107417004e-03
1.165965965965966006e+03	-2.693651417183889896e-03
1.166966966966966993e+03	1.313280357488788574e-03
1.167967967967967979e+03	-5.099962547904124399e-03
1.168968968968968966e+03	-4.006394061675383478e-03
1.169969969969969952e+03	-3.076149916425990893e-03
1.170970970970970939e+03	-2.644868634809061092e-03
1.171971971971971925e+03	-1.261758611978303080e-03
1.172972972972972912e+03	-5.695747314643145875e-03
1.173973973973973898e+03	3.133093090139871251e-03
1.174974974974975112e+03	3.470864829052150435e-03
1.175975975975976098e+03	1.497003713893524379e-03
1.176976976976977085e+03	-2.818116148679938870e-03
1.177977977977978071e+03	-1.431319649087992030e-03
1.178978978978979058e+03	2.364520441398898498e-03
1.179979979979980044e+03	-5.324631959811976234e-03
1.180980980980981030e+03	4.043028110152835364e-03
1.181981981981982017e+03	-1.174590279454906794e-03
1.182982982982983231e+03	-4.913023736105165407e-03
1.183983983983984217e+03	1.127290920278195552e-02
1.184984984984985203e+03	1.140330949329226851e-02
1.185985985985986190e+03	-3.667506614467685999e-03
1.186986986986987176e+03	-1.695686314197197841e-03
1.187987987987988163e+03	-1.605405366870565897e-03
1.188988988988989149e+03	8.456774050716597824e-04
1.189989989989990136e+03	1.322768235595705999e-02
1.190990990990991122e+03	5.131922343664385711e-04
1.191991991991992109e+03	5.250576030643272496e-03
1.192992992992993095e+03	4.136577444210004506e-03
1.193993993993994081e+03	4.795155301470260811e-03
1.194994994994995068e+03	3.050569614068743274e-03
1.195995995995996054e+03	2.389826311323561825e-03
1.196996996996997041e+03	-2.103764950042441573e-03
1.197997997997998027e+03	-3.129810463036453161e-04
1.198998998998999014e+03	-4.983316642786506101e-04
1.200000000000000000e+03	-3.788241314419821260e-03
1.200000000000000000e+03	-1.482251253402686042e-02
1.203005008347245393e+03	-1.057859020174942155e-02
1.206010016694490787e+03	-2.953504060167921885e-03
1.209015025041736180e+03	-4.644462172769925346e-03
1.212020033388981574e+03	-2.575971130058224423e-03
1.215025041736226967e+03	4.278424579549272577e-03
1.218030050083472361e+03	-1.471599330794132188e-03
1.221035058430717754e+03	-6.202196133162529712e-03
1.224040066777963375e+03	6.288807605830504244e-03
1.227045075125208768e+03	1.259113810158474234e-03
1.230050083472454162e+03	-9.506579575931983772e-03
1.233055091819699555e+03	-3.399378322763713101e-04
1.236060100166944949e+03	-4.029749585793274136e-05
1.239065108514190342e+03	-1.073941898857611044e-02
1.242070116861435736e+03	-9.397117886377759355e-03
1.245075125208681129e+03	-6.343539425023470013e-03
1.248080133555926523e+03	1.583812905578407815e-04
1.251085141903171916e+03	7.938680323983371423e-04
1.254090150250417310e+03	6.393500647821820371e-03
1.257095158597662703e+03	-1.574152109463655691e-04
1.260100166944908096e+03	-4.711290513812194103e-04
1.263105175292153490e+03	6.580323229986861922e-04
1.266110183639399111e+03	-7.112683011944370692e-03
1.269115191986644504e+03	3.758770526092136688e-03
1.272120200333889898e+03	-4.494135422194484031e-03
1.275125208681135291e+03	-2.694188709825406924e-03
1.278130217028380684e+03	1.501316791078205481e-03
1.281135225375626078e+03	4.309899514923859476e-03
1.284140233722871471e+03	7.573679649016673565e-04
1.287145242070116865e+03	-1.527175138611130967e-02
1.290150250417362258e+03	5.075867482548318543e-03
1.293155258764607652e+03	-4.328218081822571284e-03
1.296160267111853045e+03	2.384228090312745518e-03
1.299165275459098439e+03	1.530785156779346234e-03
1.302170283806343832e+03	-1.059320207252745227e-03
1.305175292153589226e+03	-1.619139308520817222e-02
1.308180300500834619e+03	-7.421153444386124898e-03
1.311185308848080240e+03	-1.248949862131110145e-02
1.314190317195325633e+03	-1.374318610790800643e-02
1.317195325542571027e+03	-1.382266971044610049e-02
1.320200333889816420e+03	-9.456309175795679645e-03
1.323205342237061814e+03	2.585781130788333826e-03
1.326210350584307207e+03	-6.934042853522226491e-04
1.329215358931552601e+03	-9.195816435698611624e-03
1.332220367278797994e+03	3.558373407110654307e-03
1.335225375626043387e+03	-9.374522426035591938e-03
1.338230383973288781e+03	-4.130455424379897433e-03
1.341235392320534174e+03	-5.336199040556377504e-03
1.344240400667779568e+03	-5.998618344661976742e-04
1.347245409015024961e+03	-5.338426383228983552e-03
1.350250417362270355e+03	1.397590523110919802e-03
1.353255425709515748e+03	-3.386013401546122958e-03
1.356260434056761369e+03	-2.057066807429897004e-04
1.359265442404006762e+03	-1.620299667801536336e-02
1.362270450751252156e+03	-1.893335677142343743e-02
1.365275459098497549e+03	-1.013192574850740879e-02
1.368280467445742943e+03	-1.747889470628755104e-02
1.371285475792988336e+03	-1.360673593861852493e-02
1.374290484140233730e+03	-1.862556839027684763e-02
1.377295492487479123e+03	-6.563264813690128374e-04
1.380300500834724517e+03	2.965559518129157190e-03
1.383305509181969910e+03	2.784015200796408074e-03
1.386310517529215304e+03	1.760253596277322474e-03
1.389315525876460697e+03	-3.629989255462262587e-03
1.392320534223706090e+03	-1.137749440483690200e-02
1.395325542570951711e+03	-8.576312923850859526e-04
1.398330550918196877e+03	-5.596742733439963313e-03
1.401335559265442498e+03	-3.944597612050765312e-03
1.404340567612687892e+03	-7.182372896453181887e-03
1.407345575959933285e+03	8.875118542143400902e-03
1.410350584307178679e+03	-4.577871272730127394e-03
1.413355592654424072e+03	-1.545863807157543679e-03
1.416360601001669465e+03	-6.761941540082971880e-03
1.419365609348914859e+03	1.237668541053837945e-03
1.422370617696160252e+03	1.101614515997090260e-02
1.425375626043405646e+03	3.930998448174960469e-03
1.428380634390651039e+03	9.533683355093053313e-03
1.431385642737896433e+03	1.787799927415206769e-02
1.434390651085141826e+03	9.013271961226421158e-03
1.437395659432387220e+03	6.871737828824803218e-03
1.440400667779632840e+03	-1.149672788088890174e-02
1.443405676126878006e+03	3.618778697287633461e-03
1.446410684474123627e+03	8.334754381829623249e-04
1.449415692821369021e+03	-7.539856076585638167e-03
1.452420701168614414e+03	8.261401826816228144e-04
1.455425709515859808e+03	1.427755423608317864e-03
1.458430717863105201e+03	-4.203170342544554350e-03
1.461435726210350595e+03	5.890014763012901833e-03
1.464440734557595988e+03	-2.826577897142856788e-03
1.467445742904841381e+03	6.384622679892343333e-03
1.470450751252086775e+03	2.693518118198900968e-03
1.473455759599332168e+03	1.234275409696228287e-03
1.476460767946577562e+03	3.237944280219451354e-03
1.479465776293822955e+03	2.920968509593280249e-03
1.482470784641068349e+03	8.550125260485624823e-03
1.485475792988313970e+03	-4.287162332460209280e-03
1.488480801335559136e+03	-1.024149193259160651e-03
1.491485809682804756e+03	-6.739857687989958546e-03
1.494490818030050150e+03	-3.341930574638274365e-03
1.497495826377295543e+03	-9.379756067534272823e-03
1.500500834724540937e+03	-1.541032136441025657e-02
1.503505843071786330e+03	-1.769948159218714956e-03
1.506510851419031724e+03	-5.368703132361846153e-03
1.509515859766277117e+03	-5.563812124558531469e-03
1.512520868113522511e+03	-6.252943074626954312e-03
1.515525876460767904e+03	-3.746744836264415124e-03
1.518530884808013298e+03	-3.616548263850549727e-03
1.521535893155258691e+03	-1.365707971817475830e-02
1.524540901502504312e+03	-7.218123748260446559e-03
1.527545909849749478e+03	-5.587438298071789600e-03
1.530550918196995099e+03	1.640153850349490572e-03
1.533555926544240265e+03	1.792293595525240590e-03
1.536560934891485886e+03	8.808446997592422889e-04
1.539565943238731279e+03	9.898979636182581032e-04
1.542570951585976673e+03	-1.376829567095139151e-02
1.545575959933222066e+03	-5.939424043576835288e-03
1.548580968280467459e+03	-1.074730811560678512e-02
1.551585976627712853e+03	-1.681966179174490539e-02
1.554590984974958246e+03	-4.609687093072634134e-03
1.557595993322203640e+03	8.138672301980176549e-03
1.560601001669449033e+03	-4.201458797378904153e-03
1.563606010016694427e+03	-7.516778577951410689e-03
1.566611018363939820e+03	8.395989248792812276e-04
1.569616026711185441e+03	-2.308648149665359917e-04
1.572621035058430607e+03	2.342897627718998343e-04
1.575626043405676228e+03	-1.163285028150468081e-03
1.578631051752921394e+03	-3.117922719119786690e-03
1.581636060100167015e+03	-1.929698153104780767e-02
1.584641068447412408e+03	-1.430571916567460744e-02
1.587646076794657802e+03	5.555368994663384408e-03
1.590651085141903195e+03	-2.849596367012707798e-03
1.593656093489148589e+03	1.289809956607795849e-03
1.596661101836393982e+03	-7.722207413225573580e-03
1.599666110183639375e+03	-1.005742098731038370e-02
1.602671118530884769e+03	8.025202934065972515e-03
1.605676126878130162e+03	-6.467170812791717127e-03
1.608681135225375556e+03	-9.900977229684471137e-03
1.611686143572620949e+03	-1.646105504118627882e-02
1.614691151919866570e+03	-4.361509848304467862e-03
1.617696160267111736e+03	-1.571166668995910287e-02
1.620701168614357357e+03	8.568526035437340482e-04
1.623706176961602750e+03	3.665501406952709207e-03
1.626711185308848144e+03	-4.373232903546964145e-03
1.629716193656093537e+03	-9.530192107714691163e-03
1.632721202003338931e+03	1.460029343099522592e-03
1.635726210350584324e+03	6.867936915367356399e-03
1.638731218697829718e+03	1.442585596515699731e-02
1.641736227045075111e+03	1.149573114783114525e-03
1.644741235392320505e+03	-8.364351667717873084e-04
1.647746243739565898e+03	-3.704124672636532889e-03
1.650751252086811292e+03	1.943359954596046713e-03
1.653756260434056685e+03	2.093803443803166076e-03
1.656761268781302078e+03	8.228284753046710698e-03
1.659766277128547699e+03	-2.417055081941649197e-03
1.662771285475792865e+03	1.136686102900896778e-02
1.665776293823038486e+03	-4.261525723222858719e-03
1.668781302170283880e+03	3.724384459972418515e-03
1.671786310517529273e+03	-5.571166798640558859e-03
1.674791318864774667e+03	-4.260545421467393234e-03
1.677796327212020060e+03	3.800270103560460244e-03
1.680801335559265453e+03	1.057240004069789907e-02
1.683806343906510847e+03	1.081990662664755742e-02
1.686811352253756240e+03	9.429287242028489002e-03
1.689816360601001634e+03	-7.022946380149164280e-03
1.692821368948247027e+03	-4.310941463998130274e-03
1.695826377295492421e+03	-3.518160075576037826e-03
1.698831385642737814e+03	-2.692523570986316006e-03
1.701836393989983208e+03	-3.468802507539864299e-03
1.704841402337228828e+03	-1.032227185993356278e-03
1.707846410684473994e+03	3.938979457580399357e-03
1.710851419031719615e+03	-2.694950094448977929e-04
1.713856427378964781e+03	-8.383944389593583901e-03
1.716861435726210402e+03	-2.578531527013816493e-04
1.719866444073455796e+03	-7.223896237544907839e-03
1.722871452420701189e+03	-6.422533366547023004e-03
1.725876460767946583e+03	-6.349880203628616160e-03
1.728881469115191976e+03	-1.231893493472022150e-02
1.731886477462437369e+03	-8.594088776522373907e-03
1.734891485809682763e+03	-2.888662314746215376e-03
1.737896494156928156e+03	3.063317446768992758e-03
1.740901502504173550e+03	6.723808885761184406e-03
1.743906510851419171e+03	-4.240485110176134276e-03
1.746911519198664337e+03	2.217071546241788926e-03
1.749916527545909958e+03	4.153240190752582883e-03
1.752921535893155124e+03	-1.425297713369327868e-03
1.755926544240400744e+03	6.289921342642529334e-03
1.758931552587645911e+03	4.348158314883138198e-03
1.761936560934891531e+03	1.332098921673177672e-02
1.764941569282136925e+03	6.491502444638058700e-03
1.767946577629382318e+03	-2.988488570537767286e-03
1.770951585976627712e+03	2.475848107257233588e-03
1.773956594323873105e+03	2.293731897023226773e-03
1.776961602671118499e+03	-6.987474854821540404e-04
1.779966611018363892e+03	3.481142425568434229e-03
1.782971619365609513e+03	-2.369962347199661146e-03
1.785976627712854679e+03	-4.921090347772272278e-03
1.788981636060100300e+03	1.765628676263425456e-03
1.791986644407345466e+03	8.101140838717824089e-03
1.794991652754591087e+03	5.526617554469009930e-03
1.797996661101836253e+03	-6.347400845371803380e-03
1.801001669449081874e+03	2.215073797570635272e-02
1.804006677796327040e+03	3.868470274351387683e-03
1.807011686143572661e+03	-1.731614319769730903e-03
1.810016694490818054e+03	-4.213173360779975951e-03
1.813021702838063447e+03	-6.625415312487392683e-03
1.816026711185308841e+03	4.016101214453726698e-03
1.819031719532554234e+03	-5.678599060811306831e-04
1.822036727879799628e+03	-3.298247677670229638e-04
1.825041736227045021e+03	4.986789799441032622e-03
1.828046744574290642e+03	5.385843678256729827e-03
1.831051752921535808e+03	1.753738983174907284e-03
1.834056761268781429e+03	-6.488054812141208494e-03
1.837061769616026595e+03	-8.670521560481009304e-03
1.840066777963272216e+03	1.280396512676945653e-03
1.843071786310517382e+03	-1.160832759588087404e-03
1.846076794657763003e+03	-8.668842584795083406e-03
1.849081803005008396e+03	1.905949585958022219e-04
1.852086811352253790e+03	-2.988063286120112849e-03
1.855091819699499183e+03	-5.827603977773265775e-04
1.858096828046744577e+03	-2.935971962702899063e-03
1.861101836393989970e+03	-4.956508650151625339e-03
1.864106844741235363e+03	-9.235734695351160983e-03
1.867111853088480757e+03	-8.984444085502002464e-03
1.870116861435726150e+03	-6.340517000085199584e-04
1.873121869782971771e+03	-1.437304506315675856e-02
1.876126878130216937e+03	-4.454919238604360121e-03
1.879131886477462558e+03	-8.273037633439006555e-03
1.882136894824707724e+03	-9.504140064225952145e-04
1.885141903171953345e+03	1.467132334918186398e-02
1.888146911519198511e+03	6.889202956808948564e-03
1.891151919866444132e+03	-1.429797892999881692e-02
1.894156928213689525e+03	-1.070998715109544586e-03
1.897161936560934919e+03	1.210738027860175370e-03
1.900166944908180312e+03	6.659526078605981780e-03
1.903171953255425706e+03	-1.539078981849711925e-03
1.906176961602671099e+03	3.606720057630075082e-04
1.909181969949916493e+03	6.293797191655153833e-03
1.912186978297161886e+03	7.061841144883063137e-03
1.915191986644407280e+03	7.308391430360466900e-03
1.918196994991652900e+03	6.857683307113449089e-03
1.921202003338898066e+03	6.227123843307952322e-03
1.924207011686143687e+03	2.448420414842639170e-03
1.927212020033388853e+03	7.217497640381265178e-03
1.930217028380634474e+03	2.072328360306574524e-03
1.933222036727879640e+03	2.450400272148489655e-03
1.936227045075125261e+03	5.314353831487483859e-03
1.939232053422370655e+03	7.785707388228368941e-03
1.942237061769616048e+03	2.299030088473624778e-03
1.945242070116861441e+03	-1.939024374318309984e-03
1.948247078464106835e+03	-7.724468300425196832e-03
1.951252086811352228e+03	-8.383740736278011418e-04
1.954257095158597622e+03	-2.852091387178262716e-03
1.957262103505843015e+03	7.331914335042016839e-03
1.960267111853088409e+03	5.377756909921066475e-03
1.963272120200334030e+03	3.455257750703849551e-03
1.966277128547579196e+03	4.943611293015071073e-03
1.969282136894824816e+03	-4.736583330659710489e-03
1.972287145242069982e+03	-1.097285785437426830e-02
1.975292153589315603e+03	-2.488869501609231039e-03
1.978297161936560769e+03	6.273010234781994932e-03
1.981302170283806390e+03	-4.420765682994765022e-03
1.984307178631051784e+03	1.195159117525776415e-02
1.987312186978297177e+03	-8.260192896594631407e-03
1.990317195325542571e+03	-1.367604235029362680e-02
1.993322203672787964e+03	-1.691424452015255486e-03
1.996327212020033357e+03	-3.318903411595131026e-03
1.999332220367278751e+03	-1.071356192862527035e-02
2.002337228714524372e+03	3.686278356644201448e-03
2.005342237061769538e+03	-5.938431250343878531e-03
2.008347245409015159e+03	3.199746031831485205e-03
2.011352253756260325e+03	6.841464721706436158e-03
2.014357262103505946e+03	-4.764561260187094582e-04
2.017362270450751112e+03	-1.037033904644477089e-02
2.020367278797996732e+03	7.623236919178932869e-04
2.023372287145241899e+03	-1.826663551387219808e-03
2.026377295492487519e+03	7.050993717542919370e-03
2.029382303839732913e+03	-3.101857133739949202e-03
2.032387312186978306e+03	1.802296473914388741e-03
2.035392320534223700e+03	7.963141332732348587e-03
2.038397328881469093e+03	1.000894982268796252e-03
2.041402337228714487e+03	2.195854636903915580e-03
2.044407345575959880e+03	3.344168248110651609e-03
2.047412353923205501e+03	-2.220419741623708143e-03
2.050417362270450667e+03	-2.202221696597839173e-03
2.053422370617696288e+03	-3.188859254565523660e-03
2.056427378964941454e+03	3.045739672015629340e-03
2.059432387312187075e+03	1.497573010797226267e-03
2.062437395659432241e+03	-1.508238025778152469e-03
2.065442404006677862e+03	2.329594414039820593e-03
2.068447412353923028e+03	2.801610599766579668e-03
2.071452420701168649e+03	-1.079369285849707261e-02
2.074457429048414269e+03	-6.181353560907598688e-03
2.077462437395659435e+03	-1.461552357687745385e-03
2.080467445742904602e+03	-9.928750107731171282e-03
2.083472454090150222e+03	4.643038325655740595e-03
2.086477462437395843e+03	-4.515617200637200845e-03
2.089482470784641009e+03	-5.788748830477058460e-03
2.092487479131886630e+03	8.503397033162163332e-04
2.095492487479131796e+03	-2.899060229352851126e-03
2.098497495826377417e+03	1.791711361939979374e-03
2.101502504173622583e+03	5.207391222721874380e-03
2.104507512520868204e+03	6.209188631786183299e-03
2.107512520868113370e+03	2.490494725609554427e-03
2.110517529215358991e+03	4.655852227096080043e-03
2.113522537562604157e+03	2.421515025357506845e-03
2.116527545909849778e+03	7.405834755313589479e-03
2.119532554257095398e+03	6.557858524582710347e-03
2.122537562604340565e+03	1.240931535784625672e-02
2.125542570951585731e+03	1.614846871843067522e-02
2.128547579298831351e+03	1.053256348446782176e-02
2.131552587646076972e+03	-9.543872182109447433e-03
2.134557595993322138e+03	1.765932146249038492e-03
2.137562604340567759e+03	-6.858801987033313896e-03
2.140567612687812925e+03	-1.027289410766851763e-03
2.143572621035058546e+03	-3.877817962110424732e-03
2.146577629382303712e+03	-4.909022842581822754e-03
2.149582637729549333e+03	-4.455741871553037248e-03
2.152587646076794499e+03	-3.024081480938467514e-03
2.155592654424040120e+03	2.778584758599600413e-03
2.158597662771285286e+03	2.577167013642328586e-03
2.161602671118530907e+03	-1.876243859580184470e-03
2.164607679465776528e+03	-2.939825219579333959e-03
2.167612687813021694e+03	4.044924018221263129e-03
2.170617696160266860e+03	-1.412863894506732887e-03
2.173622704507512481e+03	-2.180198710476116686e-03
2.176627712854758101e+03	-8.463673476584610000e-03
2.179632721202003268e+03	-3.816842533126196813e-03
2.182637729549248888e+03	1.373554091874445993e-02
2.185642737896494054e+03	1.659522492305684493e-02
2.188647746243739675e+03	3.265666266655892214e-03
2.191652754590984841e+03	3.656373409294672028e-04
2.194657762938230462e+03	1.430828900319813801e-03
2.197662771285475628e+03	-1.976295570570885118e-03
2.200667779632721249e+03	-5.168406327813582224e-03
2.203672787979966415e+03	-6.253391630223925635e-03
2.206677796327212036e+03	2.972745568589424403e-03
2.209682804674457657e+03	-1.944642632167703500e-03
2.212687813021702823e+03	3.187261422510662134e-03
2.215692821368947989e+03	-4.356248515740332450e-03
2.218697829716193610e+03	7.642281781081478043e-03
2.221702838063439231e+03	1.055575375632644697e-02
2.224707846410684397e+03	9.856217131601480164e-03
2.227712854757929563e+03	2.466395914776375875e-03
2.230717863105175184e+03	-4.427425040329779904e-04
2.233722871452420804e+03	-4.633496580699891787e-03
2.236727879799665970e+03	-1.623384687546847172e-02
2.239732888146911591e+03	-1.031081178051648783e-02
2.242737896494157212e+03	-4.839111754945474297e-03
2.245742904841402378e+03	-1.320943153957004901e-03
2.248747913188647544e+03	-5.523880891272092697e-03
2.251752921535893165e+03	-6.898937440948188504e-03
2.254757929883138786e+03	-2.011299838425129050e-03
2.257762938230383952e+03	3.955586831230845091e-03
2.260767946577629118e+03	-1.538950534427291350e-03
2.263772954924874739e+03	5.390529757889672702e-03
2.266777963272120360e+03	6.512556710283196049e-03
2.269782971619365526e+03	-9.416682137884657688e-04
2.272787979966610692e+03	-6.465500123363152052e-03
2.275792988313856313e+03	-1.232309058803504609e-03
2.278797996661101934e+03	-1.563072899145243055e-03
2.281803005008347100e+03	5.234276126250117511e-03
2.284808013355592720e+03	-7.635341435919290598e-03
2.287813021702838341e+03	-1.029253471931859676e-02
2.290818030050083507e+03	-1.019916083237804028e-02
2.293823038397328673e+03	-8.806926142084947617e-03
2.296828046744574294e+03	2.589518178316707608e-04
2.299833055091819915e+03	-9.253749944051037346e-03
2.302838063439065081e+03	-7.869434976252281944e-03
2.305843071786310247e+03	-6.392944810292552904e-03
2.308848080133555868e+03	-3.131001012561696051e-03
2.311853088480801489e+03	2.733411395652030063e-04
2.314858096828046655e+03	-7.267477322347948299e-03
2.317863105175291821e+03	-1.400525671624699986e-02
2.320868113522537442e+03	-2.450559762328663460e-04
2.323873121869783063e+03	-6.629526603968149967e-04
2.326878130217028229e+03	-1.358102564467247864e-02
2.329883138564273850e+03	-1.371754525085239207e-02
2.332888146911519470e+03	-5.626829209670058951e-04
2.335893155258764637e+03	-9.232936268720043360e-03
2.338898163606009803e+03	-9.438232282260317074e-04
2.341903171953255423e+03	-3.840453796328996416e-03
2.344908180300501044e+03	8.227145410180658480e-05
2.347913188647746210e+03	2.159486576084779230e-03
2.350918196994991376e+03	-6.327441395590188700e-03
2.353923205342236997e+03	-2.575176688874053488e-03
2.356928213689482618e+03	2.741931169853925598e-03
2.359933222036727784e+03	-3.765288173787573189e-03
2.362938230383972950e+03	7.052991383067197528e-03
2.365943238731219026e+03	-4.201687447219770721e-04
2.368948247078464192e+03	-1.781227687766853696e-03
2.371953255425709358e+03	7.620648976066068947e-04
2.374958263772954979e+03	2.179630213272665262e-03
2.377963272120200600e+03	3.471048312992081053e-03
2.380968280467445766e+03	-2.964310565752442672e-03
2.383973288814690932e+03	-1.335647893161956423e-03
2.386978297161936553e+03	6.478405308641410620e-03
2.389983305509182173e+03	1.362887596015383007e-03
2.392988313856427339e+03	4.506047858503281489e-03
2.395993322203672506e+03	1.296957196139542079e-02
2.398998330550918126e+03	9.248451511922620161e-03
2.402003338898163747e+03	-8.753352204616815513e-04
2.405008347245408913e+03	-2.164994819728399689e-03
2.408013355592654079e+03	-1.066613018444767524e-03
2.411018363939900155e+03	-1.196615573409803845e-03
2.414023372287145321e+03	-3.796334960937730596e-03
2.417028380634390487e+03	3.294194466004124466e-03
2.420033388981636108e+03	-2.714121271743752395e-03
2.423038397328881729e+03	2.680222549338820426e-03
2.426043405676126895e+03	-5.684497539914512565e-04
2.429048414023372061e+03	-1.341832606075593626e-03
2.432053422370617682e+03	4.676630829127795264e-03
2.435058430717863303e+03	1.040693533173875363e-03
2.438063439065108469e+03	7.111647550726851730e-03
2.441068447412353635e+03	9.392401598355776260e-03
2.444073455759599256e+03	1.363415278173896183e-02
2.447078464106844876e+03	7.482868153467076011e-03
2.450083472454090042e+03	9.927867038130949728e-03
2.453088480801335663e+03	5.531938269857927803e-03
2.456093489148581284e+03	4.640861765347614742e-03
2.459098497495826450e+03	8.615086736593974281e-03
2.462103505843071616e+03	1.801109581870630194e-03
2.465108514190317237e+03	2.401609696944750905e-03
2.468113522537562858e+03	2.057163885274035375e-03
2.471118530884808024e+03	-3.085764097742596523e-03
2.474123539232053190e+03	3.468802039171298146e-03
2.477128547579298811e+03	-1.741228386201471023e-03
2.480133555926544432e+03	3.880334668450807767e-03
2.483138564273789598e+03	1.009169975237816930e-02
2.486143572621034764e+03	7.694403742791622314e-03
2.489148580968280385e+03	-2.128092045242932495e-03
2.492153589315526006e+03	-1.400812375403556742e-03
2.495158597662771172e+03	-7.173866897633829343e-03
2.498163606010016792e+03	-6.285421496950188702e-03
2.501168614357262413e+03	-9.050023438243626206e-03
2.504173622704507579e+03	-1.691440402107002861e-03
2.507178631051752745e+03	-3.821845605311249838e-03
2.510183639398998366e+03	-5.938131502289251129e-03
2.513188647746243987e+03	-3.459204953066216670e-03
2.516193656093489153e+03	7.645963105509495650e-03
2.519198664440734319e+03	-2.473689418536789697e-03
2.522203672787979940e+03	-7.087568691006324029e-03
2.525208681135225561e+03	-2.288703491022558989e-03
2.528213689482470727e+03	1.378236213610536942e-03
2.531218697829715893e+03	1.050997840537221117e-04
2.534223706176961514e+03	2.493244029672159190e-03
2.537228714524207135e+03	1.039717673454779168e-02
2.540233722871452301e+03	-2.095508029599124633e-03
2.543238731218697922e+03	1.512884633334682372e-04
2.546243739565943542e+03	8.939162002291861642e-03
2.549248747913188708e+03	-9.407560401534009742e-03
2.552253756260433875e+03	-5.879373755957040260e-04
2.555258764607679495e+03	1.259676525888024645e-02
2.558263772954925116e+03	1.104273023844498658e-03
2.561268781302170282e+03	3.518144112186621930e-04
2.564273789649415448e+03	-1.562397009654603597e-03
2.567278797996661069e+03	-8.787361320310660417e-03
2.570283806343906690e+03	-1.198766697585047780e-02
2.573288814691151856e+03	1.189771301885883537e-03
2.576293823038397022e+03	4.602240167633914192e-03
2.579298831385642643e+03	5.850436802295744254e-04
2.582303839732888264e+03	-2.241265983763257585e-03
2.585308848080133430e+03	-8.278733842935315224e-03
2.588313856427379051e+03	4.300261233242369530e-03
2.591318864774624672e+03	5.179634202981786562e-03
2.594323873121869838e+03	-1.840369578299749787e-03
2.597328881469115004e+03	1.812293886157001488e-03
2.600333889816360625e+03	-8.099891304201300990e-04
2.603338898163606245e+03	-1.394701400922668255e-03
2.606343906510851411e+03	5.733452693848062331e-03
2.609348914858096578e+03	-5.520693801823933766e-03
2.612353923205342198e+03	5.224693728768520229e-04
2.615358931552587819e+03	1.857315653003357991e-03
2.618363939899832985e+03	-1.721030981526178172e-03
2.621368948247078151e+03	2.449387871172492570e-03
2.624373956594323772e+03	-4.626833247592915255e-03
2.627378964941569393e+03	-9.691491073078498109e-03
2.630383973288814559e+03	4.389417004087042828e-03
2.633388981636060180e+03	4.691200174247969756e-03
2.636393989983305801e+03	9.563621160837282309e-03
2.639398998330550967e+03	-1.535650625638235178e-03
2.642404006677796133e+03	2.680952441914019602e-03
2.645409015025041754e+03	6.316831847265169664e-03
2.648414023372287375e+03	9.998813091952121757e-03
2.651419031719532541e+03	2.317408406313944957e-02
2.654424040066777707e+03	1.216019316306514442e-02
2.657429048414023327e+03	4.683405429107487250e-03
2.660434056761268948e+03	9.824905570173320113e-03
2.663439065108514114e+03	6.604161487010831721e-03
2.666444073455759280e+03	8.846676155097918381e-03
2.669449081803004901e+03	1.061860835520775370e-03
2.672454090150250522e+03	-3.243188374264363572e-03
2.675459098497495688e+03	-7.326459883140915008e-03
2.678464106844741309e+03	-6.384834141302669908e-03
2.681469115191986930e+03	7.703681840734957764e-03
2.684474123539232096e+03	1.043654552216277676e-03
2.687479131886477262e+03	2.577455311395387971e-04
2.690484140233722883e+03	-2.621232740694839913e-03
2.693489148580968504e+03	-8.234705757995855469e-03
2.696494156928213670e+03	-5.457247105084023220e-03
2.699499165275458836e+03	-2.202176779541473173e-03
2.702504173622704457e+03	-5.310108254114223603e-03
2.705509181969950077e+03	-1.030277061459652921e-03
2.708514190317195244e+03	-6.746783776719639247e-03
2.711519198664440410e+03	-5.199257098837076208e-03
2.714524207011686030e+03	-7.169127764645732981e-04
2.717529215358931651e+03	6.878548842356974058e-03
2.720534223706176817e+03	7.702005003089790192e-03
2.723539232053422438e+03	-4.373977310745652547e-03
2.726544240400668059e+03	-7.631131351174116895e-03
2.729549248747913225e+03	1.894437602926901665e-03
2.732554257095158391e+03	-1.089671684288227860e-02
2.735559265442404012e+03	-4.671887517970971238e-03
2.738564273789649633e+03	4.431105974726790020e-04
2.741569282136894799e+03	-4.416799403384824574e-03
2.744574290484139965e+03	-1.219265065001057247e-03
2.747579298831385586e+03	-3.400023759459747108e-03
2.750584307178631207e+03	7.524958331372177955e-04
2.753589315525876373e+03	-4.954443720282294961e-03
2.756594323873121539e+03	-3.412862166187718982e-03
2.759599332220367160e+03	-1.016752249421354337e-03
2.762604340567612780e+03	-9.442753018330168890e-03
2.765609348914857947e+03	-2.458376664182138072e-03
2.768614357262103567e+03	-3.790829395930062073e-03
2.771619365609349188e+03	-5.584355059133627730e-03
2.774624373956594354e+03	-7.255774715301949174e-04
2.777629382303839520e+03	3.526930798642996523e-03
2.780634390651085141e+03	-5.405699260020532804e-03
2.783639398998330762e+03	-8.419483410913475296e-03
2.786644407345575928e+03	-2.159135341889384385e-03
2.789649415692821094e+03	-3.582111281108954493e-03
2.792654424040066715e+03	-5.029619012256777988e-03
2.795659432387312336e+03	-7.863540553011180712e-03
2.798664440734557502e+03	-9.296673919156880905e-03
2.801669449081802668e+03	-9.017950329589380365e-03
2.804674457429048744e+03	-5.221628419920021358e-03
2.807679465776293910e+03	-1.698637289488977298e-03
2.810684474123539076e+03	-2.331891421026965894e-03
2.813689482470784696e+03	-3.918455803738202237e-04
2.816694490818030317e+03	-1.134546266052388619e-02
2.819699499165275483e+03	-5.271040072246727104e-03
2.822704507512520649e+03	-1.643328386661868645e-03
2.825709515859766270e+03	2.683935783830943000e-03
2.828714524207011891e+03	5.494235006756831297e-03
2.831719532554257057e+03	-7.999450180674605448e-04
2.834724540901502223e+03	3.410036790546078223e-03
2.837729549248747844e+03	-2.528554796121920689e-03
2.840734557595993465e+03	-5.562796974800138239e-03
2.843739565943238631e+03	-9.017989280912297456e-03
2.846744574290483797e+03	-6.250667457359332380e-03
2.849749582637729873e+03	-5.952660315044153334e-03
2.852754590984975039e+03	7.742157541129860050e-03
2.855759599332220205e+03	3.268450287356215647e-03
2.858764607679465826e+03	1.110671382956023544e-02
2.861769616026711446e+03	-4.643053474419344372e-03
2.864774624373956613e+03	-5.125863496223125558e-03
2.867779632721201779e+03	-1.214721447267313494e-02
2.870784641068447399e+03	-7.465702327692291980e-03
2.873789649415693020e+03	4.368860192546646613e-03
2.876794657762938186e+03	-7.062468787941897190e-03
2.879799666110183352e+03	-7.113499606361014908e-03
2.882804674457428973e+03	-9.809891975531783229e-03
2.885809682804674594e+03	-9.862041050648846438e-03
2.888814691151919760e+03	-7.171924794169048760e-03
2.891819699499164926e+03	-8.129027117068572325e-03
2.894824707846411002e+03	-1.003152805694769271e-02
2.897829716193656168e+03	-3.808877248395666024e-03
2.900834724540901334e+03	-5.140806002452840166e-04
2.903839732888146955e+03	2.013141296424048477e-03
2.906844741235392576e+03	5.755268246943989578e-03
2.909849749582637742e+03	-5.645278744813772391e-03
2.912854757929882908e+03	-1.852069557252825722e-03
2.915859766277128529e+03	-1.789134801545910107e-03
2.918864774624374149e+03	2.247831473860790064e-03
2.921869782971619316e+03	3.260905925458203267e-03
2.924874791318864482e+03	1.373988531808590470e-03
2.927879799666110102e+03	-3.131487373905657377e-03
2.930884808013355723e+03	6.713000852941905690e-03
2.933889816360600889e+03	1.459893824871717023e-03
2.936894824707846510e+03	-1.674215232674234428e-03
2.939899833055092131e+03	-6.739891194140842749e-03
2.942904841402337297e+03	2.168438654666051801e-03
2.945909849749582463e+03	-9.486317868158360492e-03
2.948914858096828084e+03	-1.302288168848970452e-02
2.951919866444073705e+03	-7.717071662696267480e-03
2.954924874791318871e+03	-9.755911919517159603e-04
2.957929883138564037e+03	1.337884505581157140e-03
2.960934891485809658e+03	6.558391744757027970e-03
2.963939899833055279e+03	6.961807725035335133e-03
2.966944908180300445e+03	-6.825247091696890096e-03
2.969949916527545611e+03	-1.727897347391801246e-03
2.972954924874791232e+03	8.026849602002757503e-03
2.975959933222036852e+03	2.504607551857246806e-03
2.978964941569282018e+03	-6.504615708365341260e-03
2.981969949916527639e+03	4.199794712103550355e-03
2.984974958263773260e+03	-6.719778321446070535e-04
2.987979966611018426e+03	-8.225626441573359246e-03
2.990984974958263592e+03	-1.453013975617035254e-03
2.993989983305509213e+03	-9.499237388108957084e-03
2.996994991652754834e+03	-3.890542654780794560e-03
3.000000000000000000e+03	3.633585587069500158e-03
