# time (ps)	 sum signal (V)	 MOKE (V)	 B plus signal (V) 	 B minus signal (V)
200.0	nan	nan	0.0010308558072585905	nan
201.00100100100101	nan	nan	0.0005188655971524181	nan
202.002002002002	nan	nan	0.0018320384404434398	nan
203.00300300300304	nan	nan	-0.0015194304459493213	nan
204.00400400400403	nan	nan	0.0004443138504230393	nan
205.00500500500502	nan	nan	-0.0021811749508778844	nan
206.006006006006	nan	nan	-0.00043657876099123527	nan
207.00700700700702	nan	nan	-0.001954932195133652	nan
208.008008008008	nan	nan	-0.0016191189570047282	nan
209.00900900900902	nan	nan	0.0013868664018981125	nan
210.01001001001	nan	nan	0.0026456829418825822	nan
211.011011011011	nan	nan	0.001786275795590514	nan
212.01201201201198	nan	nan	-7.906601578247519e-05	nan
213.01301301301302	nan	nan	-0.0007330735810058553	nan
214.014014014014	nan	nan	0.002461984010010021	nan
215.01501501501502	nan	nan	0.001779396751458301	nan
216.016016016016	nan	nan	0.002217265131013636	nan
217.01701701701703	nan	nan	-0.00235992980452579	nan
218.018018018018	nan	nan	-0.0014642122776333966	nan
219.01901901901905	nan	nan	0.0001321369805636352	nan
220.02002002002004	nan	nan	0.0017069970494598928	nan
221.02102102102103	nan	nan	0.002273342363841545	nan
222.022022022022	nan	nan	-0.0007579957430875056	nan
223.02302302302303	nan	nan	-0.0015798050545995507	nan
224.02402402402402	nan	nan	-0.000894640165923416	nan
225.02502502502503	nan	nan	-0.001884461736518822	nan
226.02602602602602	nan	nan	0.00023934548151743895	nan
227.027027027027	nan	nan	0.002945183365841819	nan
228.028028028028	nan	nan	-0.0010742560091142467	nan
229.02902902902906	nan	nan	-0.0001882111410908202	nan
230.03003003003005	nan	nan	-2.7502514461236194e-05	nan
231.03103103103103	nan	nan	-0.0008924921210560349	nan
232.03203203203202	nan	nan	0.0007150263025538506	nan
233.03303303303304	nan	nan	7.304733441182432e-06	nan
234.03403403403408	nan	nan	0.001562406331628463	nan
235.03503503503507	nan	nan	-0.00055130948050508	nan
236.03603603603605	nan	nan	-0.00024536323141671756	nan
237.03703703703704	nan	nan	-0.0018541700822866658	nan
238.03803803803808	nan	nan	-0.0019186250018159434	nan
239.03903903903904	nan	nan	-0.004312724325754191	nan
240.04004004004003	nan	nan	-0.0021152225364594046	nan
241.04104104104104	nan	nan	0.0016004243307486954	nan
242.04204204204203	nan	nan	-0.0005962200731599587	nan
243.043043043043	nan	nan	0.0014178139565328984	nan
244.044044044044	nan	nan	0.0004447432285626107	nan
245.04504504504507	nan	nan	0.0007764779842495684	nan
246.04604604604606	nan	nan	0.0019899538152454987	nan
247.04704704704704	nan	nan	0.0003777105214623766	nan
248.04804804804806	nan	nan	0.00021742779058878114	nan
249.04904904904905	nan	nan	0.002018098662239204	nan
250.0500500500501	nan	nan	0.0010493354539619013	nan
251.05105105105108	nan	nan	-0.0019719038649912424	nan
252.05205205205206	nan	nan	-0.0014141532528169076	nan
253.05305305305305	nan	nan	-0.00039897949185546677	nan
254.0540540540541	nan	nan	-0.003469422423402868	nan
255.05505505505505	nan	nan	0.00220716819695492	nan
256.05605605605604	nan	nan	-0.0007025643415187188	nan
257.0570570570571	nan	nan	-0.0005354123980033099	nan
258.05805805805807	nan	nan	-0.003753238155137173	nan
259.05905905905905	nan	nan	-0.0006793603444261442	nan
260.0600600600601	nan	nan	-0.0012693431201152572	nan
261.0610610610611	nan	nan	-0.0007064337981216029	nan
262.06206206206207	nan	nan	-0.0025386831470044224	nan
263.06306306306305	nan	nan	-0.0032640307275906832	nan
264.06406406406404	nan	nan	-0.002370670523127838	nan
265.0650650650651	nan	nan	-0.0007496243502660427	nan
266.06606606606607	nan	nan	0.004903127903005289	nan
267.06706706706706	nan	nan	-0.0002754406226974093	nan
268.0680680680681	nan	nan	0.002022401608695268	nan
269.06906906906903	nan	nan	-0.0015529456876404168	nan
270.07007007007013	nan	nan	-0.0007393061100057774	nan
271.07107107107106	nan	nan	-0.001493001723293863	nan
272.07207207207205	nan	nan	-0.0012717058498615819	nan
273.0730730730731	nan	nan	-0.0006157629350318494	nan
274.0740740740741	nan	nan	-0.001755979575963476	nan
275.07507507507506	nan	nan	0.00388279873172534	nan
276.0760760760761	nan	nan	-0.000586329129864338	nan
277.0770770770771	nan	nan	-0.0012702014771981962	nan
278.0780780780781	nan	nan	-0.0013387412165621893	nan
279.07907907907907	nan	nan	-0.0004419496654287647	nan
280.08008008008005	nan	nan	-0.001588398542113345	nan
281.0810810810811	nan	nan	0.00020325095677792282	nan
282.0820820820821	nan	nan	-0.004110327721969342	nan
283.0830830830831	nan	nan	-8.40088435305475e-05	nan
284.0840840840841	nan	nan	-0.002105329410139356	nan
285.08508508508504	nan	nan	-0.0015398422083328367	nan
286.08608608608614	nan	nan	-0.0029471166224044887	nan
287.08708708708707	nan	nan	-0.0006903205683239655	nan
288.0880880880881	nan	nan	-0.0037446384724707515	nan
289.0890890890891	nan	nan	-0.08824745938037187	nan
290.0900900900901	nan	nan	-0.1395091244429903	nan
291.09109109109113	nan	nan	-0.20327805056779097	nan
292.0920920920921	nan	nan	-0.24467226183573243	nan
293.0930930930931	nan	nan	-0.2567819702397902	nan
294.0940940940941	nan	nan	-0.24342026713139261	nan
295.0950950950951	nan	nan	-0.22512348029592652	nan
296.0960960960961	nan	nan	-0.20335724929983426	nan
297.0970970970971	nan	nan	-0.1699597633992757	nan
298.0980980980981	nan	nan	-0.15095059658753213	nan
299.09909909909913	nan	nan	-0.1419001513049497	nan
300.1001001001001	nan	nan	-0.15095914341614897	nan
301.10110110110105	nan	nan	-0.18134199478475038	nan
302.10210210210215	nan	nan	-0.21856619244766734	nan
303.1031031031031	nan	nan	-0.24581679872043133	nan
304.1041041041041	nan	nan	-0.2554294521811573	nan
305.1051051051051	nan	nan	-0.2559676059232653	nan
306.1061061061061	nan	nan	-0.2422368634559388	nan
307.10710710710714	nan	nan	-0.22704596747588113	nan
308.1081081081081	nan	nan	-0.20259562695365058	nan
309.1091091091091	nan	nan	-0.17672424301830025	nan
310.1101101101101	nan	nan	-0.16266799100197277	nan
311.1111111111111	nan	nan	-0.1642707537488245	nan
312.11211211211213	nan	nan	-0.18209634001453626	nan
313.1131131131131	nan	nan	-0.19963631342830504	nan
314.11411411411416	nan	nan	-0.21403559023529337	nan
315.11511511511515	nan	nan	-0.22364673935288465	nan
316.11611611611613	nan	nan	-0.2248761660537138	nan
317.11711711711706	nan	nan	-0.22399378224221217	nan
318.11811811811816	nan	nan	-0.21809749607093953	nan
319.11911911911915	nan	nan	-0.2043932782722949	nan
320.12012012012013	nan	nan	-0.1920437847491974	nan
321.1211211211211	nan	nan	-0.18500500538208012	nan
322.12212212212216	nan	nan	-0.19186161110121625	nan
323.12312312312315	nan	nan	-0.19920074749744593	nan
324.12412412412414	nan	nan	-0.2089391401384338	nan
325.1251251251251	nan	nan	-0.21574584284090273	nan
326.1261261261261	nan	nan	-0.2259091547847584	nan
327.12712712712715	nan	nan	-0.22780524702983776	nan
328.12812812812814	nan	nan	-0.22695694870326857	nan
329.12912912912924	nan	nan	-0.2201227194403927	nan
330.13013013013017	nan	nan	-0.20660050945602962	nan
331.13113113113116	nan	nan	-0.1916512983488181	nan
332.13213213213214	nan	nan	-0.18399938010468359	nan
333.1331331331331	nan	nan	-0.1875470738106347	nan
334.1341341341342	nan	nan	-0.19241617219508728	nan
335.13513513513516	nan	nan	-0.1916710424447705	nan
336.13613613613614	nan	nan	-0.1971671118793595	nan
337.1371371371372	nan	nan	-0.20598227782347714	nan
338.1381381381382	nan	nan	-0.20367342612177275	nan
339.13913913913916	nan	nan	-0.20836614935887326	nan
340.14014014014015	nan	nan	-0.20300560756654729	nan
341.14114114114113	nan	nan	-0.20419666865307073	nan
342.1421421421421	nan	nan	-0.19994137015913516	nan
343.14314314314316	nan	nan	-0.19841708793899082	nan
344.14414414414415	nan	nan	-0.19939936621771803	nan
345.14514514514514	nan	nan	-0.20140180818838138	nan
346.1461461461461	nan	nan	-0.20349831603672608	nan
347.1471471471471	nan	nan	-0.2085489063596872	nan
348.1481481481481	nan	nan	-0.2081091787765117	nan
349.1491491491491	nan	nan	-0.21412783771163563	nan
350.15015015015007	nan	nan	-0.21625038677561798	nan
351.15115115115117	nan	nan	-0.21184420249908353	nan
352.15215215215215	nan	nan	-0.20891511702378962	nan
353.1531531531532	nan	nan	-0.20388662520167292	nan
354.1541541541542	nan	nan	-0.1965135015947877	nan
355.15515515515517	nan	nan	-0.1939995520030361	nan
356.15615615615616	nan	nan	-0.19448928953205707	nan
357.15715715715714	nan	nan	-0.19849135510342888	nan
358.15815815815813	nan	nan	-0.19892303037064757	nan
359.1591591591592	nan	nan	-0.20045664150768022	nan
360.16016016016016	nan	nan	-0.19439349079308466	nan
361.16116116116126	nan	nan	-0.2014689532561254	nan
362.16216216216225	nan	nan	-0.19944546847053085	nan
363.16316316316323	nan	nan	-0.1988129987090944	nan
364.1641641641642	nan	nan	-0.19684221190139475	nan
365.1651651651652	nan	nan	-0.1942512793513349	nan
366.1661661661662	nan	nan	-0.19931130804982589	nan
367.1671671671672	nan	nan	-0.19496715031160033	nan
368.1681681681682	nan	nan	-0.20093163952061374	nan
369.1691691691692	nan	nan	-0.2029930677040908	nan
370.1701701701702	nan	nan	-0.20158623137855772	nan
371.1711711711712	nan	nan	-0.20754813976310968	nan
372.17217217217217	nan	nan	-0.20023340169468287	nan
373.17317317317315	nan	nan	-0.20202674607722254	nan
374.1741741741742	nan	nan	-0.2020777750407351	nan
375.1751751751752	nan	nan	-0.19963102524609386	nan
376.17617617617617	nan	nan	-0.19622379947571247	nan
377.17717717717716	nan	nan	-0.1973633261378049	nan
378.17817817817814	nan	nan	-0.19301025747610265	nan
379.17917917917913	nan	nan	-0.18947176240377672	nan
380.1801801801801	nan	nan	-0.18929574884364603	nan
381.1811811811811	nan	nan	-0.18881400164407638	nan
382.1821821821822	nan	nan	-0.19350935984009193	nan
383.1831831831832	nan	nan	-0.19487181280272453	nan
384.18418418418423	nan	nan	-0.19569398671180732	nan
385.1851851851852	nan	nan	-0.20060376004119343	nan
386.1861861861862	nan	nan	-0.19731778566728064	nan
387.1871871871872	nan	nan	-0.19269057617931118	nan
388.1881881881882	nan	nan	-0.19540012357315886	nan
389.18918918918916	nan	nan	-0.19642443832141654	nan
390.1901901901902	nan	nan	-0.19666127714124487	nan
391.1911911911912	nan	nan	-0.20460346195213192	nan
392.1921921921923	nan	nan	-0.20248349956441572	nan
393.1931931931933	nan	nan	-0.20602303360940744	nan
394.19419419419427	nan	nan	-0.20864645308256813	nan
395.19519519519525	nan	nan	-0.20634514920725966	nan
396.19619619619624	nan	nan	-0.20086655908969722	nan
397.1971971971972	nan	nan	-0.2026474346431166	nan
398.1981981981982	nan	nan	-0.19698878510224505	nan
399.19919919919926	nan	nan	-0.1959250612354303	nan
400.20020020020024	nan	nan	-0.192580275476997	nan
401.20120120120123	nan	nan	-0.19107143176258792	nan
402.2022022022022	nan	nan	-0.18900320678181703	nan
403.2032032032032	nan	nan	-0.18521281895119898	nan
404.2042042042042	nan	nan	-0.18832420126887411	nan
405.20520520520523	nan	nan	-0.1907487517944623	nan
406.2062062062062	nan	nan	-0.19128593260835772	nan
407.2072072072072	nan	nan	-0.19155092085573622	nan
408.2082082082082	nan	nan	-0.1928872560150252	nan
409.2092092092092	nan	nan	-0.19254617306629684	nan
410.21021021021016	nan	nan	-0.19343097028184147	nan
411.21121121121115	nan	nan	-0.19654750464966914	nan
412.21221221221214	nan	nan	-0.20082462282985766	nan
413.21321321321324	nan	nan	-0.20177337555853428	nan
414.2142142142142	nan	nan	-0.20090981849711503	nan
415.21521521521527	nan	nan	-0.20021644667298596	nan
416.21621621621625	nan	nan	-0.1983927185548431	nan
417.21721721721724	nan	nan	-0.1947838502810782	nan
418.2182182182182	nan	nan	-0.19969280505469383	nan
419.2192192192192	nan	nan	-0.19574133106239044	nan
420.2202202202202	nan	nan	-0.19544212366080946	nan
421.22122122122124	nan	nan	-0.19136517011046242	nan
422.22222222222223	nan	nan	-0.19091978205470062	nan
423.22322322322333	nan	nan	-0.19152073530654873	nan
424.2242242242243	nan	nan	-0.1850435990726486	nan
425.2252252252253	nan	nan	-0.18893425872729758	nan
426.2262262262263	nan	nan	-0.19070116597812187	nan
427.2272272272273	nan	nan	-0.18931075408633233	nan
428.22822822822826	nan	nan	-0.186136029017027	nan
429.22922922922925	nan	nan	-0.182838720648328	nan
430.2302302302303	nan	nan	-0.18273952354274056	nan
431.23123123123133	nan	nan	-0.1901229235843024	nan
432.23223223223226	nan	nan	-0.1996925729216228	nan
433.23323323323325	nan	nan	-0.1965597117105486	nan
434.2342342342342	nan	nan	-0.1910007991431151	nan
435.2352352352352	nan	nan	-0.19407818724398906	nan
436.23623623623627	nan	nan	-0.199313015085469	nan
437.23723723723725	nan	nan	-0.20326708557199424	nan
438.23823823823824	nan	nan	-0.19807140340465634	nan
439.2392392392392	nan	nan	-0.19615685412652767	nan
440.2402402402402	nan	nan	-0.1932085730005079	nan
441.2412412412412	nan	nan	-0.19228623841728829	nan
442.2422422422422	nan	nan	-0.19128889837855984	nan
443.24324324324317	nan	nan	-0.19733529981495446	nan
444.24424424424427	nan	nan	-0.19146539023863907	nan
445.2452452452453	nan	nan	-0.18824901953005302	nan
446.2462462462463	nan	nan	-0.1845472488849648	nan
447.2472472472473	nan	nan	-0.18242770601040834	nan
448.2482482482483	nan	nan	-0.1873276227015562	nan
449.24924924924926	nan	nan	-0.18677706354915558	nan
450.25025025025025	nan	nan	-0.18484364721202995	nan
451.25125125125123	nan	nan	-0.18889717921666815	nan
452.2522522522522	nan	nan	-0.1915925608032079	nan
453.25325325325326	nan	nan	-0.1893855823586802	nan
454.25425425425436	nan	nan	-0.1908882893622489	nan
455.25525525525535	nan	nan	-0.19597973579746064	nan
456.25625625625634	nan	nan	-0.19626223600130932	nan
457.2572572572573	nan	nan	-0.19345091482598203	nan
458.2582582582583	nan	nan	-0.19276248925779615	nan
459.2592592592593	nan	nan	-0.19973341194418254	nan
460.2602602602603	nan	nan	-0.19763486190144847	nan
461.26126126126127	nan	nan	-0.20126170594682746	nan
462.2622622622623	nan	nan	-0.19964798517344828	nan
463.26326326326335	nan	nan	-0.19351681969844026	nan
464.2642642642643	nan	nan	-0.1920959881546267	nan
465.26526526526527	nan	nan	-0.19563378340182735	nan
466.2662662662663	nan	nan	-0.19093432772020208	nan
467.2672672672673	nan	nan	-0.18551862465126862	nan
468.2682682682683	nan	nan	-0.1877949925213272	nan
469.2692692692693	nan	nan	-0.18431827230924797	nan
470.27027027027026	nan	nan	-0.1828607977129698	nan
471.27127127127125	nan	nan	-0.1810641012108134	nan
472.27227227227223	nan	nan	-0.18197635265069095	nan
473.2732732732732	nan	nan	-0.18433111668216573	nan
474.2742742742743	nan	nan	-0.1827042872956231	nan
475.2752752752752	nan	nan	-0.18360035254696286	nan
476.2762762762763	nan	nan	-0.19037758216869888	nan
477.27727727727734	nan	nan	-0.18657605395024343	nan
478.2782782782783	nan	nan	-0.18935442757432006	nan
479.2792792792793	nan	nan	-0.18586929092921764	nan
480.2802802802803	nan	nan	-0.19120770052252428	nan
481.2812812812813	nan	nan	-0.18603904033152907	nan
482.2822822822823	nan	nan	-0.18725336544651827	nan
483.2832832832833	nan	nan	-0.19053729347302473	nan
484.28428428428424	nan	nan	-0.19130327369512384	nan
485.2852852852853	nan	nan	-0.18878481241825792	nan
486.2862862862864	nan	nan	-0.1870595034758366	nan
487.28728728728737	nan	nan	-0.18397359298007251	nan
488.28828828828836	nan	nan	-0.18293625056429152	nan
489.28928928928934	nan	nan	-0.18245796453242388	nan
490.29029029029033	nan	nan	-0.18020325446344182	nan
491.2912912912913	nan	nan	-0.1818954326339715	nan
492.2922922922923	nan	nan	-0.17752598262900993	nan
493.2932932932933	nan	nan	-0.17273487745158	nan
494.29429429429433	nan	nan	-0.17234664113578982	nan
495.2952952952954	nan	nan	-0.17650748243289577	nan
496.2962962962963	nan	nan	-0.17994271398005615	nan
497.29729729729735	nan	nan	-0.18084727202803874	nan
498.29829829829833	nan	nan	-0.18443075307646317	nan
499.2992992992993	nan	nan	-0.1831716617907059	nan
500.3003003003003	nan	nan	-0.18544009978757203	nan
501.3013013013013	nan	nan	-0.189581025334108	nan
502.3023023023023	nan	nan	-0.19036552725228617	nan
503.30330330330327	nan	nan	-0.19296439964812526	nan
504.30430430430425	nan	nan	-0.190434649158096	nan
505.30530530530535	nan	nan	-0.1906587508867275	nan
506.30630630630634	nan	nan	-0.18219580675743835	nan
507.3073073073072	nan	nan	-0.19027012233199078	nan
508.3083083083083	nan	nan	-0.18883751718767322	nan
509.30930930930936	nan	nan	-0.18088143767595288	nan
510.31031031031034	nan	nan	-0.1870054233154691	nan
511.31131131131133	nan	nan	-0.18290729185001017	nan
512.3123123123123	nan	nan	-0.18031269550095963	nan
513.3133133133133	nan	nan	-0.18011119536724343	nan
514.3143143143143	nan	nan	-0.17395950758352852	nan
515.3153153153153	nan	nan	-0.17584661654532313	nan
516.3163163163163	nan	nan	-0.1764458457065785	nan
517.3173173173174	nan	nan	-0.17884851568164634	nan
518.3183183183183	nan	nan	-0.17935692608926584	nan
519.3193193193193	nan	nan	-0.1783032969274837	nan
520.3203203203203	nan	nan	-0.18115299727735373	nan
521.3213213213214	nan	nan	-0.1821517614106706	nan
522.3223223223225	nan	nan	-0.18154605314833586	nan
523.3233233233234	nan	nan	-0.18128570996029086	nan
524.3243243243244	nan	nan	-0.18399415205681513	nan
525.3253253253253	nan	nan	-0.1841593854346688	nan
526.3263263263264	nan	nan	-0.1844675072346958	nan
527.3273273273275	nan	nan	-0.19043263895012003	nan
528.3283283283283	nan	nan	-0.1887633674599406	nan
529.3293293293293	nan	nan	-0.18570048031963035	nan
530.3303303303302	nan	nan	-0.18131171080312802	nan
531.3313313313313	nan	nan	-0.17987491282701334	nan
532.3323323323324	nan	nan	-0.17682966805775482	nan
533.3333333333334	nan	nan	-0.17919579931186774	nan
534.3343343343344	nan	nan	-0.17924369161108306	nan
535.3353353353353	nan	nan	-0.176705459885516	nan
536.3363363363364	nan	nan	-0.17281938701310848	nan
537.3373373373374	nan	nan	-0.1731932553947758	nan
538.3383383383384	nan	nan	-0.17448971512494396	nan
539.3393393393394	nan	nan	-0.17463968135543084	nan
540.3403403403404	nan	nan	-0.17249456383041717	nan
541.3413413413414	nan	nan	-0.1734002923710109	nan
542.3423423423424	nan	nan	-0.17236106988877548	nan
543.3433433433433	nan	nan	-0.17875104245112572	nan
544.3443443443443	nan	nan	-0.18101280286537885	nan
545.3453453453453	nan	nan	-0.18111721407723	nan
546.3463463463463	nan	nan	-0.1856739359963077	nan
547.3473473473473	nan	nan	-0.18320177290260847	nan
548.3483483483484	nan	nan	-0.18556787668323088	nan
549.3493493493494	nan	nan	-0.18587258946251167	nan
550.3503503503504	nan	nan	-0.1848380008290488	nan
551.3513513513514	nan	nan	-0.1855089756208132	nan
552.3523523523523	nan	nan	-0.18378754520763668	nan
553.3533533533534	nan	nan	-0.18072169762463056	nan
554.3543543543545	nan	nan	-0.17718072228652942	nan
555.3553553553554	nan	nan	-0.1745314242964072	nan
556.3563563563564	nan	nan	-0.17511848404849503	nan
557.3573573573573	nan	nan	-0.17715785422135188	nan
558.3583583583584	nan	nan	-0.17104822980094297	nan
559.3593593593595	nan	nan	-0.17098376510650776	nan
560.3603603603603	nan	nan	-0.17193276914890793	nan
561.3613613613613	nan	nan	-0.17155350400042424	nan
562.3623623623622	nan	nan	-0.1714011440025262	nan
563.3633633633634	nan	nan	-0.17146065034957142	nan
564.3643643643644	nan	nan	-0.17679911807963292	nan
565.3653653653654	nan	nan	-0.17885706676778318	nan
566.3663663663664	nan	nan	-0.181523486309418	nan
567.3673673673675	nan	nan	-0.17944398899587558	nan
568.3683683683685	nan	nan	-0.18249456669679887	nan
569.3693693693695	nan	nan	-0.18468252161703114	nan
570.3703703703704	nan	nan	-0.18708714571317525	nan
571.3713713713714	nan	nan	-0.18431348384490376	nan
572.3723723723724	nan	nan	-0.18450824428198564	nan
573.3733733733734	nan	nan	-0.18113147510464578	nan
574.3743743743744	nan	nan	-0.18694967187606304	nan
575.3753753753754	nan	nan	-0.18274561304365095	nan
576.3763763763764	nan	nan	-0.18176840434445132	nan
577.3773773773773	nan	nan	-0.17918273040192206	nan
578.3783783783783	nan	nan	-0.17466126608611096	nan
579.3793793793794	nan	nan	-0.17564266294128653	nan
580.3803803803804	nan	nan	-0.17022654855256997	nan
581.3813813813814	nan	nan	-0.1716160159733075	nan
582.3823823823824	nan	nan	-0.1691666662971878	nan
583.3833833833835	nan	nan	-0.17303192830456915	nan
584.3843843843844	nan	nan	-0.1746414463060308	nan
585.3853853853855	nan	nan	-0.17017239224716252	nan
586.3863863863866	nan	nan	-0.17267928955203005	nan
587.3873873873874	nan	nan	-0.16930190924817626	nan
588.3883883883884	nan	nan	-0.17406111416732975	nan
589.3893893893893	nan	nan	-0.1779337893572366	nan
590.3903903903904	nan	nan	-0.17381078432534247	nan
591.3913913913915	nan	nan	-0.17825281463261725	nan
592.3923923923924	nan	nan	-0.17665253607728224	nan
593.3933933933934	nan	nan	-0.18084570458802718	nan
594.3943943943945	nan	nan	-0.18287225203252316	nan
595.3953953953954	nan	nan	-0.18164653940340142	nan
596.3963963963964	nan	nan	-0.1785310061401587	nan
597.3973973973974	nan	nan	-0.18096588666429742	nan
598.3983983983985	nan	nan	-0.17777643330849036	nan
599.3993993993995	nan	nan	-0.17567411659456988	nan
600.4004004004005	nan	nan	-0.16973123966023104	nan
601.4014014014015	nan	nan	-0.1672195649829103	nan
602.4024024024025	nan	nan	-0.16973618833394155	nan
603.4034034034034	nan	nan	-0.1681202546254643	nan
604.4044044044044	nan	nan	-0.16717808904239836	nan
605.4054054054054	nan	nan	-0.17609000493157018	nan
606.4064064064064	nan	nan	-0.17353563741112518	nan
607.4074074074074	nan	nan	-0.17278322272646277	nan
608.4084084084084	nan	nan	-0.1739379679047335	nan
609.4094094094094	nan	nan	-0.1725062292331791	nan
610.4104104104105	nan	nan	-0.17453128492726142	nan
611.4114114114114	nan	nan	-0.18090226620859073	nan
612.4124124124124	nan	nan	-0.182570996592389	nan
613.4134134134134	nan	nan	-0.17991073615279396	nan
614.4144144144145	nan	nan	-0.1811290434598643	nan
615.4154154154155	nan	nan	-0.18125747156027272	nan
616.4164164164164	nan	nan	-0.17866816311815767	nan
617.4174174174175	nan	nan	-0.17687221275339465	nan
618.4184184184186	nan	nan	-0.1778641939026937	nan
619.4194194194195	nan	nan	-0.1799665863500289	nan
620.4204204204204	nan	nan	-0.17519046146290715	nan
621.4214214214213	nan	nan	-0.17675199560294133	nan
622.4224224224224	nan	nan	-0.17327611364456133	nan
623.4234234234235	nan	nan	-0.1734493897742998	nan
624.4244244244244	nan	nan	-0.17317673265474348	nan
625.4254254254255	nan	nan	-0.1696132244890779	nan
626.4264264264265	nan	nan	-0.16841717268402867	nan
627.4274274274275	nan	nan	-0.17022446945135056	nan
628.4284284284284	nan	nan	-0.16666840361284663	nan
629.4294294294295	nan	nan	-0.16627286037033565	nan
630.4304304304305	nan	nan	-0.17352375430466882	nan
631.4314314314315	nan	nan	-0.1751433853009728	nan
632.4324324324325	nan	nan	-0.1815702146429155	nan
633.4334334334335	nan	nan	-0.1775840299677176	nan
634.4344344344345	nan	nan	-0.1740189847437541	nan
635.4354354354355	nan	nan	-0.173782605632741	nan
636.4364364364365	nan	nan	-0.1822082270486411	nan
637.4374374374374	nan	nan	-0.17436009832498023	nan
638.4384384384384	nan	nan	-0.17419420120298743	nan
639.4394394394394	nan	nan	-0.17549471177185993	nan
640.4404404404404	nan	nan	-0.17583765291780792	nan
641.4414414414415	nan	nan	-0.17562666836013707	nan
642.4424424424425	nan	nan	-0.1732147699103918	nan
643.4434434434435	nan	nan	-0.17328767106714896	nan
644.4444444444445	nan	nan	-0.16976281874657065	nan
645.4454454454457	nan	nan	-0.1687981530551242	nan
646.4464464464465	nan	nan	-0.1657237752638437	nan
647.4474474474475	nan	nan	-0.16782949888028825	nan
648.4484484484484	nan	nan	-0.16444146217109826	nan
649.4494494494495	nan	nan	-0.16983705298671828	nan
650.4504504504506	nan	nan	-0.16540323588522468	nan
651.4514514514515	nan	nan	-0.17207168455982422	nan
652.4524524524525	nan	nan	-0.17015256188201663	nan
653.4534534534533	nan	nan	-0.17396942182036657	nan
654.4544544544544	nan	nan	-0.174742731778126	nan
655.4554554554555	nan	nan	-0.171054442857416	nan
656.4564564564565	nan	nan	-0.16999254209044012	nan
657.4574574574575	nan	nan	-0.17131195945455835	nan
658.4584584584585	nan	nan	-0.1752912489684349	nan
659.4594594594595	nan	nan	-0.17801645121084747	nan
660.4604604604606	nan	nan	-0.17430912956169892	nan
661.4614614614616	nan	nan	-0.17307310427139275	nan
662.4624624624626	nan	nan	-0.17631776499392043	nan
663.4634634634635	nan	nan	-0.17451431720384686	nan
664.4644644644645	nan	nan	-0.1771226612112537	nan
665.4654654654655	nan	nan	-0.17463353160915082	nan
666.4664664664665	nan	nan	-0.17186381365986592	nan
667.4674674674675	nan	nan	-0.16526653325514226	nan
668.4684684684685	nan	nan	-0.16890809961029835	nan
669.4694694694695	nan	nan	-0.16810808383429432	nan
670.4704704704704	nan	nan	-0.17100227997938267	nan
671.4714714714714	nan	nan	-0.1706562072100039	nan
672.4724724724725	nan	nan	-0.17289573500197064	nan
673.4734734734735	nan	nan	-0.17384077061786096	nan
674.4744744744745	nan	nan	-0.17594538031143658	nan
675.4754754754755	nan	nan	-0.1727142302571678	nan
676.4764764764766	nan	nan	-0.17333896426622603	nan
677.4774774774777	nan	nan	-0.1710133852779479	nan
678.4784784784786	nan	nan	-0.17434485682323225	nan
679.4794794794796	nan	nan	-0.17555244897595965	nan
680.4804804804804	nan	nan	-0.17591642832729787	nan
681.4814814814815	nan	nan	-0.17412743817344994	nan
682.4824824824826	nan	nan	-0.17381357854298793	nan
683.4834834834834	nan	nan	-0.1807017033281733	nan
684.4844844844844	nan	nan	-0.1756433221803131	nan
685.4854854854854	nan	nan	-0.1764636899899719	nan
686.4864864864863	nan	nan	-0.1726358406687258	nan
687.4874874874876	nan	nan	-0.17431297875307583	nan
688.4884884884885	nan	nan	-0.16642655727915212	nan
689.4894894894895	nan	nan	-0.1713354979064176	nan
690.4904904904905	nan	nan	-0.1663476945248301	nan
691.4914914914916	nan	nan	-0.17108031219281733	nan
692.4924924924926	nan	nan	-0.16659723130744053	nan
693.4934934934936	nan	nan	-0.16504296244097727	nan
694.4944944944946	nan	nan	-0.1666844502462028	nan
695.4954954954956	nan	nan	-0.16706109853498852	nan
696.4964964964965	nan	nan	-0.16743474082092974	nan
697.4974974974975	nan	nan	-0.16687885859675844	nan
698.4984984984985	nan	nan	-0.17096733671170905	nan
699.4994994994995	nan	nan	-0.17020653163965133	nan
700.5005005005005	nan	nan	-0.16905120993632763	nan
701.5015015015015	nan	nan	-0.1729047950445939	nan
702.5025025025025	nan	nan	-0.17212021678239237	nan
703.5035035035036	nan	nan	-0.17431094294010652	nan
704.5045045045046	nan	nan	-0.1741153599717009	nan
705.5055055055055	nan	nan	-0.17163174948890073	nan
706.5065065065065	nan	nan	-0.17152901774858015	nan
707.5075075075077	nan	nan	-0.1706490469929027	nan
708.5085085085087	nan	nan	-0.1693155134536073	nan
709.5095095095097	nan	nan	-0.1708824746320455	nan
710.5105105105107	nan	nan	-0.17034637827498608	nan
711.5115115115117	nan	nan	-0.16502121553520027	nan
712.5125125125127	nan	nan	-0.16752660332530506	nan
713.5135135135137	nan	nan	-0.1688053097650985	nan
714.5145145145146	nan	nan	-0.16183270808235117	nan
715.5155155155156	nan	nan	-0.16601465019396883	nan
716.5165165165166	nan	nan	-0.1683704550601564	nan
717.5175175175176	nan	nan	-0.16948235491950298	nan
718.5185185185186	nan	nan	-0.1694287241354235	nan
719.5195195195196	nan	nan	-0.1653093161302141	nan
720.5205205205206	nan	nan	-0.16993983425016557	nan
721.5215215215215	nan	nan	-0.16797926274903688	nan
722.5225225225225	nan	nan	-0.17351285144151932	nan
723.5235235235235	nan	nan	-0.17737833746887183	nan
724.5245245245246	nan	nan	-0.17549068263701617	nan
725.5255255255256	nan	nan	-0.1753197777863309	nan
726.5265265265266	nan	nan	-0.17446555140013437	nan
727.5275275275276	nan	nan	-0.1736302923638096	nan
728.5285285285286	nan	nan	-0.1704400894874871	nan
729.5295295295296	nan	nan	-0.17096714753087577	nan
730.5305305305305	nan	nan	-0.17107355034036847	nan
731.5315315315315	nan	nan	-0.1705673978473113	nan
732.5325325325326	nan	nan	-0.17361666643625945	nan
733.5335335335336	nan	nan	-0.168334422579343	nan
734.5345345345346	nan	nan	-0.16612849912926764	nan
735.5355355355356	nan	nan	-0.16821249170372626	nan
736.5365365365366	nan	nan	-0.16685586416380838	nan
737.5375375375376	nan	nan	-0.16621707042629208	nan
738.5385385385385	nan	nan	-0.1640377333503251	nan
739.5395395395395	nan	nan	-0.1662016040058137	nan
740.5405405405405	nan	nan	-0.16192018016194898	nan
741.5415415415415	nan	nan	-0.16020654096170345	nan
742.5425425425425	nan	nan	-0.168581023568539	nan
743.5435435435435	nan	nan	-0.16705469740656562	nan
744.5445445445445	nan	nan	-0.1697209165431751	nan
745.5455455455455	nan	nan	-0.1692475772879663	nan
746.5465465465464	nan	nan	-0.16978432640990912	nan
747.5475475475477	nan	nan	-0.16888651495787838	nan
748.5485485485486	nan	nan	-0.17087731679107895	nan
749.5495495495496	nan	nan	-0.17131088728927213	nan
750.5505505505506	nan	nan	-0.17409958719968105	nan
751.5515515515516	nan	nan	-0.17005064273638487	nan
752.5525525525526	nan	nan	-0.1696153971142304	nan
753.5535535535536	nan	nan	-0.16911976482767127	nan
754.5545545545546	nan	nan	-0.17011069226404035	nan
755.5555555555557	nan	nan	-0.16599664256440444	nan
756.5565565565566	nan	nan	-0.16630756538807945	nan
757.5575575575576	nan	nan	-0.16308707510669468	nan
758.5585585585586	nan	nan	-0.15988642198671163	nan
759.5595595595596	nan	nan	-0.16132462775253328	nan
760.5605605605606	nan	nan	-0.16197057399754528	nan
761.5615615615616	nan	nan	-0.16472754038875656	nan
762.5625625625626	nan	nan	-0.16450051465084672	nan
763.5635635635637	nan	nan	-0.16510646434167392	nan
764.5645645645646	nan	nan	-0.16620136052567044	nan
765.5655655655656	nan	nan	-0.16434958238901354	nan
766.5665665665666	nan	nan	-0.16438029062084125	nan
767.5675675675676	nan	nan	-0.17036077318062237	nan
768.5685685685686	nan	nan	-0.17025893350808102	nan
769.5695695695696	nan	nan	-0.16934471109296756	nan
770.5705705705706	nan	nan	-0.17179316794017524	nan
771.5715715715718	nan	nan	-0.17045099509485528	nan
772.5725725725728	nan	nan	-0.1680040801009678	nan
773.5735735735738	nan	nan	-0.1656761203213284	nan
774.5745745745747	nan	nan	-0.16771313077021505	nan
775.5755755755757	nan	nan	-0.16722456636229593	nan
776.5765765765767	nan	nan	-0.1640018321086294	nan
777.5775775775777	nan	nan	-0.16349862852717517	nan
778.5785785785787	nan	nan	-0.1604164235794855	nan
779.5795795795797	nan	nan	-0.1607230393703314	nan
780.5805805805807	nan	nan	-0.16043829203018872	nan
781.5815815815816	nan	nan	-0.15950536253619133	nan
782.5825825825826	nan	nan	-0.16064666640983688	nan
783.5835835835836	nan	nan	-0.1563349727938294	nan
784.5845845845846	nan	nan	-0.16421426474085668	nan
785.5855855855856	nan	nan	-0.16958735425137533	nan
786.5865865865867	nan	nan	-0.1666800063147814	nan
787.5875875875877	nan	nan	-0.16560337882657758	nan
788.5885885885887	nan	nan	-0.16823727032428182	nan
789.5895895895897	nan	nan	-0.1732815918638962	nan
790.5905905905906	nan	nan	-0.17220959421169907	nan
791.5915915915916	nan	nan	-0.17345175595932583	nan
792.5925925925926	nan	nan	-0.17065584236766207	nan
793.5935935935936	nan	nan	-0.17414740856569721	nan
794.5945945945947	nan	nan	-0.17266753652820926	nan
795.5955955955957	nan	nan	-0.17362121242687162	nan
796.5965965965967	nan	nan	-0.1664274806546494	nan
797.5975975975977	nan	nan	-0.16262761045105528	nan
798.5985985985986	nan	nan	-0.16695100885985337	nan
799.5995995995996	nan	nan	-0.1660685782036903	nan
800.6006006006006	nan	nan	-0.1656658419791432	nan
801.6016016016016	nan	nan	-0.16843892336734867	nan
802.6026026026026	nan	nan	-0.16223441253212523	nan
803.6036036036036	nan	nan	-0.16650606883926555	nan
804.6046046046046	nan	nan	-0.16621229577437419	nan
805.6056056056055	nan	nan	-0.16513157329785694	nan
806.6066066066065	nan	nan	-0.1667602993834383	nan
807.6076076076075	nan	nan	-0.1625362801231638	nan
808.6086086086085	nan	nan	-0.16752919103073738	nan
809.6096096096097	nan	nan	-0.16647680241285354	nan
810.6106106106107	nan	nan	-0.1670940962851324	nan
811.6116116116117	nan	nan	-0.1675972901455833	nan
812.6126126126127	nan	nan	-0.16616209923602537	nan
813.6136136136137	nan	nan	-0.16604433487006898	nan
814.6146146146147	nan	nan	-0.16679075733132348	nan
815.6156156156156	nan	nan	-0.16721410708474718	nan
816.6166166166166	nan	nan	-0.16158112082237602	nan
817.6176176176177	nan	nan	-0.16524250612450492	nan
818.6186186186187	nan	nan	-0.16772235891926307	nan
819.6196196196197	nan	nan	-0.16676680441399333	nan
820.6206206206207	nan	nan	-0.1661075953133437	nan
821.6216216216217	nan	nan	-0.16057922943111344	nan
822.6226226226227	nan	nan	-0.1613417913090123	nan
823.6236236236236	nan	nan	-0.16149744106600672	nan
824.6246246246246	nan	nan	-0.16144919816336323	nan
825.6256256256257	nan	nan	-0.159793682878544	nan
826.6266266266267	nan	nan	-0.16240082626815563	nan
827.6276276276277	nan	nan	-0.1661185663397623	nan
828.6286286286287	nan	nan	-0.16617959126195836	nan
829.6296296296297	nan	nan	-0.16589776062875033	nan
830.6306306306307	nan	nan	-0.16520595452814846	nan
831.6316316316316	nan	nan	-0.16515922706134867	nan
832.6326326326326	nan	nan	-0.16543443741118913	nan
833.6336336336338	nan	nan	-0.16265792463615594	nan
834.6346346346348	nan	nan	-0.16443985237228853	nan
835.6356356356358	nan	nan	-0.16669458040732194	nan
836.6366366366368	nan	nan	-0.16392019118819284	nan
837.6376376376378	nan	nan	-0.1655451556705617	nan
838.6386386386388	nan	nan	-0.1668543506043346	nan
839.6396396396398	nan	nan	-0.164342309472032	nan
840.6406406406408	nan	nan	-0.168910274597108	nan
841.6416416416417	nan	nan	-0.16548882461446454	nan
842.6426426426427	nan	nan	-0.16215728108366048	nan
843.6436436436437	nan	nan	-0.16088342310903309	nan
844.6446446446447	nan	nan	-0.15498858421580175	nan
845.6456456456457	nan	nan	-0.1627512568237408	nan
846.6466466466467	nan	nan	-0.16053950065727607	nan
847.6476476476477	nan	nan	-0.15804590893830053	nan
848.6486486486488	nan	nan	-0.1656459211629715	nan
849.6496496496497	nan	nan	-0.16253409515059414	nan
850.6506506506507	nan	nan	-0.1584516120719051	nan
851.6516516516517	nan	nan	-0.1616846700155923	nan
852.6526526526527	nan	nan	-0.16708629497303995	nan
853.6536536536537	nan	nan	-0.16543814139123147	nan
854.6546546546548	nan	nan	-0.16812308327478326	nan
855.6556556556556	nan	nan	-0.16374522424713883	nan
856.6566566566568	nan	nan	-0.16166049315106695	nan
857.6576576576578	nan	nan	-0.1662108649941953	nan
858.6586586586587	nan	nan	-0.16875602062212713	nan
859.6596596596597	nan	nan	-0.17118368564178027	nan
860.6606606606607	nan	nan	-0.1693038724834157	nan
861.6616616616617	nan	nan	-0.16191193980450075	nan
862.6626626626627	nan	nan	-0.16458157174169008	nan
863.6636636636637	nan	nan	-0.16516099224181985	nan
864.6646646646647	nan	nan	-0.161228368428259	nan
865.6656656656656	nan	nan	-0.15862902598275136	nan
866.6666666666666	nan	nan	-0.16035748956633894	nan
867.6676676676676	nan	nan	-0.16372556571893704	nan
868.6686686686686	nan	nan	-0.15999445107542992	nan
869.6696696696696	nan	nan	-0.15703094055395653	nan
870.6706706706706	nan	nan	-0.1578487561763986	nan
871.6716716716716	nan	nan	-0.15864155788411594	nan
872.6726726726729	nan	nan	-0.15291385085139236	nan
873.6736736736735	nan	nan	-0.15778830768944518	nan
874.6746746746747	nan	nan	-0.16052176584995764	nan
875.6756756756757	nan	nan	-0.16465810817497595	nan
876.6766766766767	nan	nan	-0.1644093103360385	nan
877.6776776776778	nan	nan	-0.16516619312619307	nan
878.6786786786785	nan	nan	-0.1648815632829338	nan
879.6796796796798	nan	nan	-0.16536688247298353	nan
880.6806806806808	nan	nan	-0.1589765679730517	nan
881.6816816816818	nan	nan	-0.15886736722646114	nan
882.6826826826828	nan	nan	-0.15952146009542115	nan
883.6836836836837	nan	nan	-0.16440890370097264	nan
884.6846846846847	nan	nan	-0.16475040788004058	nan
885.6856856856857	nan	nan	-0.16262423173397378	nan
886.6866866866867	nan	nan	-0.16439006809024612	nan
887.6876876876878	nan	nan	-0.164564085460047	nan
888.6886886886888	nan	nan	-0.16053711963331974	nan
889.6896896896898	nan	nan	-0.15881410878524732	nan
890.690690690691	nan	nan	-0.15709621627812925	nan
891.6916916916916	nan	nan	-0.16130774537336537	nan
892.6926926926927	nan	nan	-0.15630508723607284	nan
893.6936936936937	nan	nan	-0.15227163973405994	nan
894.6946946946947	nan	nan	-0.15920145782273132	nan
895.6956956956959	nan	nan	-0.16377467970433368	nan
896.6966966966969	nan	nan	-0.16245912236642587	nan
897.6976976976979	nan	nan	-0.1651788640403663	nan
898.6986986986989	nan	nan	-0.16052743617262802	nan
899.6996996996999	nan	nan	-0.16075291095383465	nan
900.7007007007008	nan	nan	-0.1595149211751355	nan
901.7017017017018	nan	nan	-0.16300394215597502	nan
902.7027027027028	nan	nan	-0.1623428290106645	nan
903.7037037037038	nan	nan	-0.16139387281698572	nan
904.7047047047048	nan	nan	-0.1664577648519575	nan
905.7057057057058	nan	nan	-0.1660065019306638	nan
906.7067067067068	nan	nan	-0.16037072336903277	nan
907.7077077077078	nan	nan	-0.15773638901518464	nan
908.7087087087087	nan	nan	-0.15914627645115093	nan
909.7097097097097	nan	nan	-0.15545410676759971	nan
910.7107107107108	nan	nan	-0.15502061377919232	nan
911.7117117117118	nan	nan	-0.15777866568757967	nan
912.7127127127128	nan	nan	-0.15839846797938859	nan
913.7137137137139	nan	nan	-0.15861180638685216	nan
914.7147147147147	nan	nan	-0.15784115206809976	nan
915.7157157157158	nan	nan	-0.1563176987957029	nan
916.7167167167167	nan	nan	-0.15213475113841401	nan
917.7177177177177	nan	nan	-0.15505668240622708	nan
918.7187187187188	nan	nan	-0.15325091052700443	nan
919.7197197197198	nan	nan	-0.16175328633576785	nan
920.7207207207208	nan	nan	-0.15913407263704668	nan
921.7217217217218	nan	nan	-0.16119701469595943	nan
922.7227227227228	nan	nan	-0.16021234272521165	nan
923.7237237237238	nan	nan	-0.16653811718817127	nan
924.7247247247248	nan	nan	-0.1594966862888898	nan
925.7257257257257	nan	nan	-0.1576884476728883	nan
926.7267267267267	nan	nan	-0.15498322980488463	nan
927.7277277277277	nan	nan	-0.15972482577979058	nan
928.7287287287287	nan	nan	-0.15753819020361082	nan
929.7297297297297	nan	nan	-0.16193985368131902	nan
930.7307307307307	nan	nan	-0.16186653328142203	nan
931.7317317317317	nan	nan	-0.1593078484064956	nan
932.7327327327326	nan	nan	-0.1581557622687737	nan
933.7337337337336	nan	nan	-0.15388706078459707	nan
934.7347347347348	nan	nan	-0.15493594972233293	nan
935.7357357357358	nan	nan	-0.15287895393550743	nan
936.7367367367369	nan	nan	-0.14995742689624314	nan
937.7377377377376	nan	nan	-0.14931394827533218	nan
938.7387387387388	nan	nan	-0.15622749261709162	nan
939.7397397397398	nan	nan	-0.15653880441428653	nan
940.7407407407408	nan	nan	-0.1564895899863629	nan
941.7417417417419	nan	nan	-0.1553280896046224	nan
942.7427427427428	nan	nan	-0.15322762539757956	nan
943.7437437437438	nan	nan	-0.15903335876578595	nan
944.7447447447448	nan	nan	-0.1579878779195431	nan
945.7457457457458	nan	nan	-0.16211024506243338	nan
946.7467467467468	nan	nan	-0.1642134104988969	nan
947.7477477477478	nan	nan	-0.16518312229880006	nan
948.7487487487488	nan	nan	-0.16119324154759104	nan
949.7497497497501	nan	nan	-0.15775403557070727	nan
950.7507507507507	nan	nan	-0.16090418057106753	nan
951.7517517517518	nan	nan	-0.16315676507081533	nan
952.7527527527528	nan	nan	-0.16456642106001557	nan
953.7537537537538	nan	nan	-0.159109577404255	nan
954.754754754755	nan	nan	-0.1524843788948363	nan
955.7557557557557	nan	nan	-0.15399430147004087	nan
956.7567567567568	nan	nan	-0.15900662056663384	nan
957.757757757758	nan	nan	-0.15359979592549566	nan
958.758758758759	nan	nan	-0.15330109654131024	nan
959.75975975976	nan	nan	-0.159267931160915	nan
960.760760760761	nan	nan	-0.15434608522623267	nan
961.7617617617619	nan	nan	-0.15427070838216378	nan
962.7627627627629	nan	nan	-0.1612014475134218	nan
963.7637637637639	nan	nan	-0.15756635488152732	nan
964.7647647647649	nan	nan	-0.15609906994731187	nan
965.7657657657659	nan	nan	-0.15881763416303965	nan
966.7667667667669	nan	nan	-0.16098267932393193	nan
967.7677677677679	nan	nan	-0.16159237949374908	nan
968.7687687687688	nan	nan	-0.1596033001064554	nan
969.7697697697698	nan	nan	-0.16389372812864528	nan
970.7707707707708	nan	nan	-0.16233849488545474	nan
971.7717717717718	nan	nan	-0.16250946565008112	nan
972.772772772773	nan	nan	-0.15981509051490841	nan
973.7737737737738	nan	nan	-0.1654440259025762	nan
974.7747747747749	nan	nan	-0.16076247835501573	nan
975.7757757757759	nan	nan	-0.1582630357273052	nan
976.7767767767768	nan	nan	-0.16165062816888304	nan
977.7777777777779	nan	nan	-0.15974659844179429	nan
978.7787787787787	nan	nan	-0.15542180932020086	nan
979.7797797797798	nan	nan	-0.1525840887973805	nan
980.7807807807809	nan	nan	-0.15083778835238568	nan
981.7817817817819	nan	nan	-0.1547352241468864	nan
982.7827827827829	nan	nan	-0.15369069703356125	nan
983.7837837837839	nan	nan	-0.15728599174607133	nan
984.7847847847848	nan	nan	-0.15496832188239934	nan
985.7857857857858	nan	nan	-0.15887430507742945	nan
986.7867867867868	nan	nan	-0.15688095168943508	nan
987.7877877877878	nan	nan	-0.15503009195833306	nan
988.7887887887888	nan	nan	-0.15597918657369475	nan
989.7897897897898	nan	nan	-0.15356120422787103	nan
990.7907907907908	nan	nan	-0.15773176342418432	nan
991.7917917917918	nan	nan	-0.1582267947107909	nan
992.7927927927927	nan	nan	-0.1603471748716931	nan
993.7937937937937	nan	nan	-0.15924682922055752	nan
994.7947947947947	nan	nan	-0.15363143886727187	nan
995.7957957957957	nan	nan	-0.15440042382428149	nan
996.7967967967967	nan	nan	-0.15496142236989785	nan
997.7977977977979	nan	nan	-0.15529054947640875	nan
998.7987987987989	nan	nan	-0.15465768058770107	nan
999.7997997997999	nan	nan	-0.1518557380527807	nan
1000.800800800801	nan	nan	-0.15366530944603932	nan
1001.8018018018016	nan	nan	-0.15100565823741754	nan
1002.8028028028028	nan	nan	-0.15323779054171383	nan
1003.8038038038039	nan	nan	-0.1542034981311299	nan
1004.8048048048049	nan	nan	-0.15213858162301225	nan
1005.8058058058059	nan	nan	-0.14966607447722605	nan
1006.8068068068069	nan	nan	-0.14996278790909945	nan
1007.8078078078079	nan	nan	-0.152811017572441	nan
1008.8088088088089	nan	nan	-0.15375543103249406	nan
1009.8098098098098	nan	nan	-0.15651284357280243	nan
1010.8108108108108	nan	nan	-0.1544610236910891	nan
1011.8118118118119	nan	nan	-0.1564060635917106	nan
1012.8128128128129	nan	nan	-0.15690769348467848	nan
1013.8138138138141	nan	nan	-0.1584215646209321	nan
1014.8148148148148	nan	nan	-0.1557701375255674	nan
1015.8158158158159	nan	nan	-0.15394883965853312	nan
1016.8168168168169	nan	nan	-0.15537733404362974	nan
1017.8178178178179	nan	nan	-0.15939728236061818	nan
1018.8188188188191	nan	nan	-0.16069814524271425	nan
1019.81981981982	nan	nan	-0.15251578653063455	nan
1020.820820820821	nan	nan	-0.15401481644752874	nan
1021.821821821822	nan	nan	-0.1541271611925656	nan
1022.822822822823	nan	nan	-0.15403416818928095	nan
1023.823823823824	nan	nan	-0.1532186943214513	nan
1024.8248248248249	nan	nan	-0.14982218275773257	nan
1025.8258258258259	nan	nan	-0.15178679990752014	nan
1026.8268268268268	nan	nan	-0.15627896574357705	nan
1027.8278278278278	nan	nan	-0.15400924137360095	nan
1028.828828828829	nan	nan	-0.15277805048382545	nan
1029.82982982983	nan	nan	-0.15193563253511974	nan
1030.830830830831	nan	nan	-0.1526762542343024	nan
1031.8318318318322	nan	nan	-0.15683696055718	nan
1032.8328328328328	nan	nan	-0.15777562341127196	nan
1033.833833833834	nan	nan	-0.1589324402527909	nan
1034.834834834835	nan	nan	-0.15793810566133462	nan
1035.835835835836	nan	nan	-0.15532700199489985	nan
1036.8368368368372	nan	nan	-0.15707256234475855	nan
1037.8378378378377	nan	nan	-0.1518808335306069	nan
1038.838838838839	nan	nan	-0.15251569935368553	nan
1039.83983983984	nan	nan	-0.1497763544296376	nan
1040.8408408408409	nan	nan	-0.15226735261785865	nan
1041.841841841842	nan	nan	-0.15269079983707085	nan
1042.8428428428426	nan	nan	-0.15188810084469262	nan
1043.8438438438438	nan	nan	-0.1536282172924406	nan
1044.8448448448448	nan	nan	-0.1515544870883202	nan
1045.8458458458458	nan	nan	-0.15303057849236526	nan
1046.846846846847	nan	nan	-0.14947868089677493	nan
1047.8478478478476	nan	nan	-0.1504908875772089	nan
1048.8488488488488	nan	nan	-0.15161274548990994	nan
1049.8498498498498	nan	nan	-0.147635994944035	nan
1050.850850850851	nan	nan	-0.15059388788238973	nan
1051.851851851852	nan	nan	-0.15107560230480668	nan
1052.852852852853	nan	nan	-0.1506890619229655	nan
1053.853853853854	nan	nan	-0.15343042456650902	nan
1054.854854854855	nan	nan	-0.153108366602204	nan
1055.855855855856	nan	nan	-0.15395163981433313	nan
1056.856856856857	nan	nan	-0.15783834009917327	nan
1057.8578578578579	nan	nan	-0.15516793073117127	nan
1058.858858858859	nan	nan	-0.159031035901501	nan
1059.85985985986	nan	nan	-0.1588926676402727	nan
1060.860860860861	nan	nan	-0.1565047935074517	nan
1061.861861861862	nan	nan	-0.16239473365137877	nan
1062.862862862863	nan	nan	-0.15752357193635955	nan
1063.863863863864	nan	nan	-0.1531680062292267	nan
1064.864864864865	nan	nan	-0.15368240448484113	nan
1065.865865865866	nan	nan	-0.15111172744185314	nan
1066.866866866867	nan	nan	-0.15157948263669693	nan
1067.867867867868	nan	nan	-0.14739642405392084	nan
1068.868868868869	nan	nan	-0.1513499985102294	nan
1069.86986986987	nan	nan	-0.15131390404666506	nan
1070.870870870871	nan	nan	-0.15198010773942727	nan
1071.871871871872	nan	nan	-0.155850539578169	nan
1072.872872872873	nan	nan	-0.15240277612299258	nan
1073.873873873874	nan	nan	-0.14798881042930487	nan
1074.8748748748749	nan	nan	-0.15266548644643554	nan
1075.8758758758759	nan	nan	-0.15731449168506656	nan
1076.8768768768768	nan	nan	-0.15374126859050496	nan
1077.8778778778778	nan	nan	-0.15503881089369725	nan
1078.8788788788788	nan	nan	-0.15432078141268923	nan
1079.8798798798798	nan	nan	-0.1586410479605893	nan
1080.8808808808808	nan	nan	-0.1559584011031307	nan
1081.881881881882	nan	nan	-0.15812029069713712	nan
1082.882882882883	nan	nan	-0.15504549494099912	nan
1083.883883883884	nan	nan	-0.1559543539557877	nan
1084.884884884885	nan	nan	-0.15525556483224368	nan
1085.885885885886	nan	nan	-0.15515628225494993	nan
1086.886886886887	nan	nan	-0.15361961176866684	nan
1087.887887887888	nan	nan	-0.15244556702985135	nan
1088.888888888889	nan	nan	-0.15151869778574895	nan
1089.8898898898901	nan	nan	-0.15636425157349587	nan
1090.8908908908913	nan	nan	-0.15027859466788468	nan
1091.8918918918919	nan	nan	-0.14959593515220276	nan
1092.892892892893	nan	nan	-0.1502273701586905	nan
1093.893893893894	nan	nan	-0.14879970299704556	nan
1094.894894894895	nan	nan	-0.1500815483876388	nan
1095.8958958958963	nan	nan	-0.14787370639959407	nan
1096.8968968968968	nan	nan	-0.1498621023022675	nan
1097.897897897898	nan	nan	-0.1486834828917712	nan
1098.898898898899	nan	nan	-0.15216581758024308	nan
1099.8998998999	nan	nan	-0.15370539225564778	nan
1100.9009009009012	nan	nan	-0.15059558710009088	nan
1101.9019019019017	nan	nan	-0.152529235217617	nan
1102.902902902903	nan	nan	-0.1567181449167638	nan
1103.903903903904	nan	nan	-0.1622748333821603	nan
1104.904904904905	nan	nan	-0.16139606445905152	nan
1105.9059059059061	nan	nan	-0.15529254039997276	nan
1106.9069069069067	nan	nan	-0.15541452406637132	nan
1107.9079079079079	nan	nan	-0.1551191348861069	nan
1108.9089089089089	nan	nan	-0.15387542052565079	nan
1109.9099099099099	nan	nan	-0.15598956697515737	nan
1110.910910910911	nan	nan	-0.1538238738880493	nan
1111.9119119119116	nan	nan	-0.15620152344619515	nan
1112.912912912913	nan	nan	-0.15161891084603424	nan
1113.913913913914	nan	nan	-0.149444114477639	nan
1114.914914914915	nan	nan	-0.15248748189472733	nan
1115.915915915916	nan	nan	-0.1548718648315176	nan
1116.916916916917	nan	nan	-0.1506950009808825	nan
1117.917917917918	nan	nan	-0.14674089027353737	nan
1118.918918918919	nan	nan	-0.15250295193496943	nan
1119.91991991992	nan	nan	-0.15541644682031436	nan
1120.9209209209212	nan	nan	-0.15563741841478115	nan
1121.9219219219221	nan	nan	-0.15207535849380993	nan
1122.9229229229231	nan	nan	-0.14664974706613515	nan
1123.9239239239241	nan	nan	-0.1437653769443355	nan
1124.924924924925	nan	nan	-0.14927960191121215	nan
1125.925925925926	nan	nan	-0.15657731928961388	nan
1126.926926926927	nan	nan	-0.15594884518855204	nan
1127.927927927928	nan	nan	-0.15251418093217958	nan
1128.928928928929	nan	nan	-0.15317133568880126	nan
1129.92992992993	nan	nan	-0.1542866994973784	nan
1130.930930930931	nan	nan	-0.15395604929807358	nan
1131.931931931932	nan	nan	-0.15845698996183633	nan
1132.932932932933	nan	nan	-0.14691832574430846	nan
1133.933933933934	nan	nan	-0.146947839692498	nan
1134.934934934935	nan	nan	-0.14375972192481934	nan
1135.935935935936	nan	nan	-0.14489017980628302	nan
1136.936936936937	nan	nan	-0.15278273615121887	nan
1137.937937937938	nan	nan	-0.14859583557340303	nan
1138.938938938939	nan	nan	-0.14761183353826401	nan
1139.93993993994	nan	nan	-0.14565021627372282	nan
1140.940940940941	nan	nan	-0.15601927343856725	nan
1141.9419419419419	nan	nan	-0.151385817062696	nan
1142.9429429429429	nan	nan	-0.15360029663481586	nan
1143.943943943944	nan	nan	-0.15654080684057756	nan
1144.944944944945	nan	nan	-0.1554985614310123	nan
1145.945945945946	nan	nan	-0.14963384047771963	nan
1146.946946946947	nan	nan	-0.1527626371584315	nan
1147.947947947948	nan	nan	-0.15497361467757215	nan
1148.948948948949	nan	nan	-0.15597991132989159	nan
1149.94994994995	nan	nan	-0.16021363936816524	nan
1150.950950950951	nan	nan	-0.1524707921349846	nan
1151.9519519519522	nan	nan	-0.15004637945616972	nan
1152.9529529529532	nan	nan	-0.1500813161505655	nan
1153.9539539539542	nan	nan	-0.14762424355140202	nan
1154.9549549549554	nan	nan	-0.14518051767227297	nan
1155.955955955956	nan	nan	-0.14680850953325192	nan
1156.9569569569571	nan	nan	-0.14698558009851098	nan
1157.9579579579581	nan	nan	-0.14899205548361838	nan
1158.958958958959	nan	nan	-0.15139374560966948	nan
1159.9599599599603	nan	nan	-0.15065732052338124	nan
1160.9609609609608	nan	nan	-0.15112512391432018	nan
1161.961961961962	nan	nan	-0.14420392887803204	nan
1162.962962962963	nan	nan	-0.14795091330254614	nan
1163.963963963964	nan	nan	-0.15555154509163427	nan
1164.9649649649652	nan	nan	-0.1492642033209638	nan
1165.9659659659658	nan	nan	-0.14920431139300322	nan
1166.966966966967	nan	nan	-0.1559190699841909	nan
1167.967967967968	nan	nan	-0.156111404431112	nan
1168.968968968969	nan	nan	-0.1555619166388899	nan
1169.9699699699702	nan	nan	-0.15639879931458944	nan
1170.9709709709707	nan	nan	-0.15381757163851947	nan
1171.971971971972	nan	nan	-0.1547084829995508	nan
1172.972972972973	nan	nan	-0.15819144478397065	nan
1173.973973973974	nan	nan	-0.15008428972590102	nan
1174.974974974975	nan	nan	-0.14987127039012244	nan
1175.975975975976	nan	nan	-0.14700167314058551	nan
1176.976976976977	nan	nan	-0.14760486621466623	nan
1177.977977977978	nan	nan	-0.14471715924806533	nan
1178.978978978979	nan	nan	-0.14626112621996623	nan
1179.97997997998	nan	nan	-0.14231617722867265	nan
1180.980980980981	nan	nan	-0.14568020763690384	nan
1181.981981981982	nan	nan	-0.14828530075985832	nan
1182.9829829829832	nan	nan	-0.14630326894024376	nan
1183.9839839839842	nan	nan	-0.14729324997064108	nan
1184.9849849849852	nan	nan	-0.14862351937463203	nan
1185.9859859859862	nan	nan	-0.15066948667030816	nan
1186.9869869869872	nan	nan	-0.1573603227814495	nan
1187.9879879879882	nan	nan	-0.1553357706559475	nan
1188.9889889889891	nan	nan	-0.15272671610375405	nan
1189.9899899899901	nan	nan	-0.1459997179249865	nan
1190.9909909909911	nan	nan	-0.14909916472269827	nan
1191.991991991992	nan	nan	-0.15432705959794055	nan
1192.992992992993	nan	nan	-0.15238043889561714	nan
1193.993993993994	nan	nan	-0.15270758872755427	nan
1194.994994994995	nan	nan	-0.1486485105261661	nan
1195.995995995996	nan	nan	-0.1484470523669007	nan
1196.996996996997	nan	nan	-0.1549103719989197	nan
1197.997997997998	nan	nan	-0.15228590136416217	nan
1198.998998998999	nan	nan	-0.14865893145121223	nan
1200.0	nan	nan	-0.1473203007629579	nan
1203.0050083472454	nan	nan	-0.14821450042439996	nan
1206.0100166944906	nan	nan	-0.14417637308612075	nan
1209.0150250417362	nan	nan	-0.1468023492736891	nan
1212.0200333889816	nan	nan	-0.15360710106426417	nan
1215.025041736227	nan	nan	-0.15342743388475838	nan
1218.0300500834724	nan	nan	-0.1517094107342868	nan
1221.0350584307178	nan	nan	-0.14482364045040774	nan
1224.0400667779634	nan	nan	-0.14776629502360375	nan
1227.0450751252088	nan	nan	-0.14555064373962154	nan
1230.0500834724542	nan	nan	-0.1474636069660961	nan
1233.0550918196996	nan	nan	-0.14803401826162002	nan
1236.060100166945	nan	nan	-0.1483535382567669	nan
1239.0651085141903	nan	nan	-0.14925833968432695	nan
1242.0701168614357	nan	nan	-0.14775459021758267	nan
1245.0751252086811	nan	nan	-0.14023939030064983	nan
1248.0801335559265	nan	nan	-0.14051735710848737	nan
1251.0851419031721	nan	nan	-0.14419374124459708	nan
1254.0901502504173	nan	nan	-0.14582478556016917	nan
1257.0951585976627	nan	nan	-0.14690809092731072	nan
1260.100166944908	nan	nan	-0.14859308714178737	nan
1263.1051752921533	nan	nan	-0.14851795406131657	nan
1266.110183639399	nan	nan	-0.14427378533755938	nan
1269.1151919866445	nan	nan	-0.14112352597004318	nan
1272.12020033389	nan	nan	-0.14535425487730963	nan
1275.1252086811353	nan	nan	-0.14656251613018784	nan
1278.1302170283807	nan	nan	-0.1426588973789109	nan
1281.135225375626	nan	nan	-0.15064519120361572	nan
1284.1402337228715	nan	nan	-0.147177529614751	nan
1287.1452420701169	nan	nan	-0.1475154075100421	nan
1290.1502504173623	nan	nan	-0.14438980077170002	nan
1293.1552587646077	nan	nan	-0.1450735692439121	nan
1296.160267111853	nan	nan	-0.14412155049412942	nan
1299.1652754590984	nan	nan	-0.14929225224486414	nan
1302.1702838063438	nan	nan	-0.15236949297566546	nan
1305.1752921535892	nan	nan	-0.15222285785255113	nan
1308.1803005008348	nan	nan	-0.14694927285927536	nan
1311.1853088480802	nan	nan	-0.14127718275189088	nan
1314.1903171953256	nan	nan	-0.14532288471919777	nan
1317.1953255425708	nan	nan	-0.14695200072274164	nan
1320.2003338898164	nan	nan	-0.14778480309203312	nan
1323.2053422370618	nan	nan	-0.14600068839587876	nan
1326.2103505843072	nan	nan	-0.14865490845092622	nan
1329.2153589315526	nan	nan	-0.14996959413123065	nan
1332.220367278798	nan	nan	-0.14343728258517868	nan
1335.2253756260434	nan	nan	-0.14451153391796928	nan
1338.2303839732888	nan	nan	-0.1417498576724023	nan
1341.2353923205342	nan	nan	-0.1441259033322776	nan
1344.2404006677796	nan	nan	-0.1408471594022315	nan
1347.245409015025	nan	nan	-0.14289357897796198	nan
1350.2504173622704	nan	nan	-0.14950170020614978	nan
1353.2554257095157	nan	nan	-0.14601519283024428	nan
1356.2604340567614	nan	nan	-0.14059146413740994	nan
1359.2654424040068	nan	nan	-0.1377836584381993	nan
1362.2704507512524	nan	nan	-0.14293389533749634	nan
1365.2754590984975	nan	nan	-0.14085790465049292	nan
1368.280467445743	nan	nan	-0.14185329219583945	nan
1371.2854757929883	nan	nan	-0.14530997873300583	nan
1374.2904841402335	nan	nan	-0.14100109930930116	nan
1377.2954924874791	nan	nan	-0.13884398191586078	nan
1380.3005008347245	nan	nan	-0.1431316702724529	nan
1383.30550918197	nan	nan	-0.1430687971675429	nan
1386.3105175292155	nan	nan	-0.1440001833591361	nan
1389.3155258764607	nan	nan	-0.14508379394785756	nan
1392.320534223706	nan	nan	-0.14455852823420884	nan
1395.3255425709515	nan	nan	-0.14700914739488596	nan
1398.3305509181966	nan	nan	-0.14373294612115173	nan
1401.3355592654425	nan	nan	-0.1415511572922764	nan
1404.340567612688	nan	nan	-0.14151886553478807	nan
1407.3455759599335	nan	nan	-0.14247201669818366	nan
1410.3505843071787	nan	nan	-0.14156962242066864	nan
1413.355592654424	nan	nan	-0.1417562813272521	nan
1416.3606010016695	nan	nan	-0.13947104914380443	nan
1419.3656093489146	nan	nan	-0.13931615057837615	nan
1422.3706176961603	nan	nan	-0.13969297631451855	nan
1425.3756260434056	nan	nan	-0.13809582629679545	nan
1428.380634390651	nan	nan	-0.13671561218567996	nan
1431.3856427378967	nan	nan	-0.14445809003468937	nan
1434.3906510851418	nan	nan	-0.14647829950214203	nan
1437.3956594323872	nan	nan	-0.14737187341983543	nan
1440.4006677796326	nan	nan	-0.14664228505240867	nan
1443.4056761268778	nan	nan	-0.1444966521215285	nan
1446.4106844741236	nan	nan	-0.14645105218341065	nan
1449.415692821369	nan	nan	-0.14330098252851803	nan
1452.4207011686146	nan	nan	-0.1486032997244926	nan
1455.4257095158598	nan	nan	-0.1524314631436774	nan
1458.4307178631052	nan	nan	-0.14749918430754594	nan
1461.4357262103506	nan	nan	-0.15076084014147623	nan
1464.4407345575958	nan	nan	-0.14400636149772578	nan
1467.4457429048414	nan	nan	-0.1414697819108692	nan
1470.4507512520868	nan	nan	-0.13939755000511447	nan
1473.4557595993322	nan	nan	-0.13537794985941798	nan
1476.4607679465778	nan	nan	-0.14340266257180534	nan
1479.465776293823	nan	nan	-0.14106833746494543	nan
1482.4707846410683	nan	nan	-0.14856991803843114	nan
1485.4757929883137	nan	nan	-0.1381732050754202	nan
1488.480801335559	nan	nan	-0.14064962601136394	nan
1491.4858096828048	nan	nan	-0.13904646383671782	nan
1494.4908180300501	nan	nan	-0.13919155643523703	nan
1497.4958263772958	nan	nan	-0.13788273919699479	nan
1500.500834724541	nan	nan	-0.14336134680946275	nan
1503.5058430717863	nan	nan	-0.14018619749189754	nan
1506.5108514190317	nan	nan	-0.14164604879340242	nan
1509.515859766277	nan	nan	-0.1403164798852083	nan
1512.5208681135225	nan	nan	-0.13921603105954156	nan
1515.525876460768	nan	nan	-0.13738437617754468	nan
1518.5308848080133	nan	nan	-0.14146011939703387	nan
1521.535893155259	nan	nan	-0.1389874217125292	nan
1524.5409015025043	nan	nan	-0.14550012925016173	nan
1527.5459098497495	nan	nan	-0.14569032339897697	nan
1530.5509181969949	nan	nan	-0.14206305823569995	nan
1533.55592654424	nan	nan	-0.1407634467693782	nan
1536.5609348914859	nan	nan	-0.1409952640433793	nan
1539.5659432387313	nan	nan	-0.13581971074851287	nan
1542.570951585977	nan	nan	-0.13798115102817404	nan
1545.575959933222	nan	nan	-0.13714515226838647	nan
1548.5809682804675	nan	nan	-0.1437462157177688	nan
1551.5859766277129	nan	nan	-0.14247665982022162	nan
1554.590984974958	nan	nan	-0.14653419699146608	nan
1557.5959933222036	nan	nan	-0.1421720608649823	nan
1560.601001669449	nan	nan	-0.13843895915310975	nan
1563.6060100166944	nan	nan	-0.14059768958909577	nan
1566.61101836394	nan	nan	-0.1412205512823016	nan
1569.6160267111854	nan	nan	-0.1384378621332429	nan
1572.6210350584306	nan	nan	-0.14025334580490895	nan
1575.626043405676	nan	nan	-0.1363313041012869	nan
1578.6310517529212	nan	nan	-0.14148376612919292	nan
1581.636060100167	nan	nan	-0.14066763417699843	nan
1584.6410684474124	nan	nan	-0.1463185269572304	nan
1587.646076794658	nan	nan	-0.14299951222727458	nan
1590.6510851419032	nan	nan	-0.14130267854225553	nan
1593.6560934891486	nan	nan	-0.14239583523315547	nan
1596.661101836394	nan	nan	-0.14457545359506807	nan
1599.6661101836391	nan	nan	-0.1403243826048401	nan
1602.6711185308848	nan	nan	-0.14321541513360359	nan
1605.6761268781302	nan	nan	-0.13957560940484545	nan
1608.6811352253756	nan	nan	-0.1405985934296145	nan
1611.6861435726212	nan	nan	-0.14273462951081972	nan
1614.6911519198666	nan	nan	-0.14125044640209083	nan
1617.6961602671117	nan	nan	-0.13881638340498786	nan
1620.7011686143571	nan	nan	-0.1422788067380713	nan
1623.7061769616028	nan	nan	-0.13829622424091154	nan
1626.7111853088481	nan	nan	-0.13423865166606547	nan
1629.7161936560935	nan	nan	-0.13910687648081294	nan
1632.7212020033392	nan	nan	-0.13790932590132562	nan
1635.7262103505843	nan	nan	-0.13788681474285605	nan
1638.7312186978297	nan	nan	-0.1370357275119873	nan
1641.736227045075	nan	nan	-0.13282704839058426	nan
1644.7412353923203	nan	nan	-0.13452363252872074	nan
1647.746243739566	nan	nan	-0.13583181498623323	nan
1650.7512520868113	nan	nan	-0.13601004055810537	nan
1653.7562604340567	nan	nan	-0.13711223003418518	nan
1656.7612687813023	nan	nan	-0.13480871172148512	nan
1659.7662771285477	nan	nan	-0.1372147713918179	nan
1662.7712854757929	nan	nan	-0.13787764568953104	nan
1665.7762938230383	nan	nan	-0.13512861642243537	nan
1668.7813021702839	nan	nan	-0.1339012754112903	nan
1671.7863105175293	nan	nan	-0.13601915096560713	nan
1674.7913188647747	nan	nan	-0.13554544833220486	nan
1677.7963272120203	nan	nan	-0.13130614634618393	nan
1680.8013355592655	nan	nan	-0.139059057329845	nan
1683.8063439065108	nan	nan	-0.1398946653298362	nan
1686.8113522537562	nan	nan	-0.14015436243964136	nan
1689.8163606010014	nan	nan	-0.13161990726509787	nan
1692.821368948247	nan	nan	-0.13171631223433772	nan
1695.8263772954924	nan	nan	-0.13595049391646388	nan
1698.8313856427378	nan	nan	-0.13917466897238298	nan
1701.8363939899834	nan	nan	-0.138446000491782	nan
1704.8414023372288	nan	nan	-0.13581514772169367	nan
1707.846410684474	nan	nan	-0.1343656781120498	nan
1710.8514190317194	nan	nan	-0.13222225047078584	nan
1713.8564273789646	nan	nan	-0.14167385388198428	nan
1716.8614357262104	nan	nan	-0.13929141766135522	nan
1719.8664440734558	nan	nan	-0.13842151311811085	nan
1722.8714524207014	nan	nan	-0.13446288307797613	nan
1725.8764607679466	nan	nan	-0.1360176403845168	nan
1728.881469115192	nan	nan	-0.13803751728323294	nan
1731.8864774624374	nan	nan	-0.1375403689627756	nan
1734.8914858096825	nan	nan	-0.13350218869895142	nan
1737.8964941569277	nan	nan	-0.1347308610034097	nan
1740.9015025041735	nan	nan	-0.1336075001843468	nan
1743.9065108514194	nan	nan	-0.1335395646988356	nan
1746.9115191986646	nan	nan	-0.13734306295163762	nan
1749.9165275459102	nan	nan	-0.1397598161440664	nan
1752.9215358931554	nan	nan	-0.13445573877068848	nan
1755.9265442404005	nan	nan	-0.13774677016708609	nan
1758.9315525876457	nan	nan	-0.137278060927322	nan
1761.9365609348915	nan	nan	-0.14093137916269086	nan
1764.941569282137	nan	nan	-0.1401781025143518	nan
1767.9465776293825	nan	nan	-0.1379894852525464	nan
1770.9515859766277	nan	nan	-0.13900441521315338	nan
1773.9565943238729	nan	nan	-0.142335360336006	nan
1776.9616026711185	nan	nan	-0.13797949012083255	nan
1779.9666110183637	nan	nan	-0.1327865859603672	nan
1782.9716193656095	nan	nan	-0.13649038338729325	nan
1785.9766277128547	nan	nan	-0.14054246946042911	nan
1788.9816360601005	nan	nan	-0.1374457235068639	nan
1791.9866444073457	nan	nan	-0.13155045126214204	nan
1794.991652754591	nan	nan	-0.13593265920859432	nan
1797.9966611018363	nan	nan	-0.1324143957900464	nan
1801.0016694490816	nan	nan	-0.1351847889740026	nan
1804.0066777963268	nan	nan	-0.1395411770247813	nan
1807.0116861435727	nan	nan	-0.13397434646360937	nan
1810.0166944908178	nan	nan	-0.1364178058850096	nan
1813.0217028380637	nan	nan	-0.13883623713926613	nan
1816.0267111853088	nan	nan	-0.13852474125712125	nan
1819.0317195325542	nan	nan	-0.13397898349314655	nan
1822.0367278797996	nan	nan	-0.1310174672474333	nan
1825.0417362270448	nan	nan	-0.1379647495400797	nan
1828.0467445742906	nan	nan	-0.13710941159369402	nan
1831.0517529215358	nan	nan	-0.13721409908098559	nan
1834.0567612687817	nan	nan	-0.13810466878693325	nan
1837.0617696160268	nan	nan	-0.1338556741113162	nan
1840.0667779632722	nan	nan	-0.13174417714306907	nan
1843.0717863105174	nan	nan	-0.13368456333716316	nan
1846.0767946577628	nan	nan	-0.13617095669620372	nan
1849.081803005008	nan	nan	-0.13295676225645303	nan
1852.0868113522538	nan	nan	-0.1348088090066781	nan
1855.0918196994992	nan	nan	-0.1387228561070352	nan
1858.0968280467448	nan	nan	-0.13699680276065834	nan
1861.10183639399	nan	nan	-0.1414861442332197	nan
1864.1068447412356	nan	nan	-0.1409755874591288	nan
1867.1118530884808	nan	nan	-0.13972460714764276	nan
1870.116861435726	nan	nan	-0.1392002756261425	nan
1873.1218697829718	nan	nan	-0.13629354144491396	nan
1876.126878130217	nan	nan	-0.13689697134886236	nan
1879.1318864774628	nan	nan	-0.13948923058178525	nan
1882.136894824708	nan	nan	-0.1385446448358789	nan
1885.1419031719531	nan	nan	-0.1392496079092329	nan
1888.1469115191983	nan	nan	-0.1374927053914337	nan
1891.151919866444	nan	nan	-0.13311484587891548	nan
1894.1569282136895	nan	nan	-0.137207430340328	nan
1897.161936560935	nan	nan	-0.13314024678778996	nan
1900.1669449081808	nan	nan	-0.13214874137373223	nan
1903.171953255426	nan	nan	-0.13902508534167823	nan
1906.176961602671	nan	nan	-0.138656910397155	nan
1909.1819699499165	nan	nan	-0.13356224610379241	nan
1912.1869782971619	nan	nan	-0.132320892731776	nan
1915.191986644407	nan	nan	-0.12937441250607645	nan
1918.196994991653	nan	nan	-0.13555112926158333	nan
1921.202003338898	nan	nan	-0.132793498677583	nan
1924.207011686144	nan	nan	-0.13686520534603216	nan
1927.212020033389	nan	nan	-0.1360952417260975	nan
1930.2170283806345	nan	nan	-0.1357705549744882	nan
1933.2220367278796	nan	nan	-0.1307865077806035	nan
1936.227045075125	nan	nan	-0.12893231446924042	nan
1939.2320534223709	nan	nan	-0.13030011839659822	nan
1942.237061769616	nan	nan	-0.13560571236437027	nan
1945.2420701168614	nan	nan	-0.13116849679638048	nan
1948.247078464107	nan	nan	-0.13693215268376502	nan
1951.2520868113522	nan	nan	-0.1324326529283288	nan
1954.2570951585976	nan	nan	-0.1363039465589016	nan
1957.262103505843	nan	nan	-0.13159762789777557	nan
1960.2671118530882	nan	nan	-0.12902905611644544	nan
1963.272120200334	nan	nan	-0.13226498381099888	nan
1966.2771285475792	nan	nan	-0.13255692189582788	nan
1969.282136894825	nan	nan	-0.13389222725453365	nan
1972.2871452420702	nan	nan	-0.13698888950608196	nan
1975.2921535893158	nan	nan	-0.13463166176471222	nan
1978.297161936561	nan	nan	-0.13594170190036264	nan
1981.3021702838062	nan	nan	-0.1313231904435472	nan
1984.3071786310518	nan	nan	-0.1337823454565551	nan
1987.3121869782972	nan	nan	-0.13408506450644045	nan
1990.3171953255426	nan	nan	-0.13424535604760407	nan
1993.3222036727882	nan	nan	-0.13322909490625795	nan
1996.3272120200334	nan	nan	-0.13634287929000022	nan
1999.3322203672785	nan	nan	-0.12997272734559495	nan
2002.3372287145241	nan	nan	-0.13008202164254765	nan
2005.3422370617693	nan	nan	-0.12826893593389488	nan
2008.3472454090152	nan	nan	-0.12889926617769243	nan
2011.3522537562603	nan	nan	-0.13089689769274768	nan
2014.3572621035062	nan	nan	-0.13464240680141548	nan
2017.3622704507513	nan	nan	-0.13282268255482277	nan
2020.3672787979967	nan	nan	-0.1352124112596379	nan
2023.372287145242	nan	nan	-0.131561487408756	nan
2026.3772954924873	nan	nan	-0.1303324551656484	nan
2029.382303839733	nan	nan	-0.13345531342681974	nan
2032.3873121869783	nan	nan	-0.13304772966663425	nan
2035.3923205342235	nan	nan	-0.12902345525149475	nan
2038.3973288814693	nan	nan	-0.13619838277980584	nan
2041.4023372287145	nan	nan	-0.1299297497562487	nan
2044.4073455759599	nan	nan	-0.13117858020023282	nan
2047.4123539232053	nan	nan	-0.13127152260213504	nan
2050.4173622704507	nan	nan	-0.1318725341461139	nan
2053.4223706176963	nan	nan	-0.13676609567410858	nan
2056.4273789649415	nan	nan	-0.13555197184424161	nan
2059.432387312187	nan	nan	-0.1348531394792567	nan
2062.4373956594322	nan	nan	-0.13309193414261672	nan
2065.442404006678	nan	nan	-0.13097427204569606	nan
2068.447412353923	nan	nan	-0.13133385943322257	nan
2071.4524207011686	nan	nan	-0.1303043936510107	nan
2074.4574290484143	nan	nan	-0.1290279306796377	nan
2077.4624373956594	nan	nan	-0.12845990262569418	nan
2080.4674457429046	nan	nan	-0.12624964616124512	nan
2083.47245409015	nan	nan	-0.13099654308737457	nan
2086.4774624373963	nan	nan	-0.1324319897334968	nan
2089.4824707846415	nan	nan	-0.13069813706221334	nan
2092.4874791318866	nan	nan	-0.13152965168152744	nan
2095.492487479132	nan	nan	-0.12588065254752276	nan
2098.4974958263774	nan	nan	-0.13099817505122482	nan
2101.5025041736226	nan	nan	-0.12990595805071703	nan
2104.507512520868	nan	nan	-0.12913115975869205	nan
2107.5125208681134	nan	nan	-0.1323407501234849	nan
2110.5175292153585	nan	nan	-0.13093962078027657	nan
2113.5225375626037	nan	nan	-0.13214233669269254	nan
2116.52754590985	nan	nan	-0.13127113634017407	nan
2119.5325542570954	nan	nan	-0.13379913679328598	nan
2122.5375626043406	nan	nan	-0.1323956012281548	nan
2125.5425709515857	nan	nan	-0.13412171124655725	nan
2128.5475792988314	nan	nan	-0.13264429625887336	nan
2131.552587646077	nan	nan	-0.13546447754708618	nan
2134.557595993322	nan	nan	-0.1289527944409412	nan
2137.5626043405678	nan	nan	-0.1321543856990064	nan
2140.567612687813	nan	nan	-0.1277099171509152	nan
2143.5726210350585	nan	nan	-0.13307018564785286	nan
2146.5776293823037	nan	nan	-0.13048064189751044	nan
2149.5826377295493	nan	nan	-0.13386406806908563	nan
2152.5876460767945	nan	nan	-0.13322566521709073	nan
2155.59265442404	nan	nan	-0.12730243578571365	nan
2158.5976627712853	nan	nan	-0.1282308006906171	nan
2161.602671118531	nan	nan	-0.1268206188401861	nan
2164.6076794657765	nan	nan	-0.12570932415544295	nan
2167.6126878130217	nan	nan	-0.12278581120755544	nan
2170.617696160267	nan	nan	-0.12875413331040786	nan
2173.6227045075125	nan	nan	-0.13079597293759043	nan
2176.627712854758	nan	nan	-0.12200798973232571	nan
2179.6327212020033	nan	nan	-0.12676987476347998	nan
2182.637729549249	nan	nan	-0.1261849034907238	nan
2185.642737896494	nan	nan	-0.1281051584729254	nan
2188.6477462437397	nan	nan	-0.1255763165025637	nan
2191.652754590985	nan	nan	-0.1244277673909023	nan
2194.6577629382305	nan	nan	-0.1290554244375645	nan
2197.6627712854756	nan	nan	-0.12853950644314405	nan
2200.6677796327217	nan	nan	-0.12686169457187246	nan
2203.672787979967	nan	nan	-0.12824694631574585	nan
2206.677796327212	nan	nan	-0.12885743801390315	nan
2209.6828046744577	nan	nan	-0.13083331537115134	nan
2212.687813021703	nan	nan	-0.1273972794830665	nan
2215.692821368948	nan	nan	-0.12689457153515554	nan
2218.6978297161936	nan	nan	-0.12435072391110294	nan
2221.702838063439	nan	nan	-0.12107360750865692	nan
2224.707846410684	nan	nan	-0.12394397563516743	nan
2227.712854757929	nan	nan	-0.12976331913111178	nan
2230.717863105175	nan	nan	-0.1333750732072136	nan
2233.722871452421	nan	nan	-0.13541937758349473	nan
2236.727879799666	nan	nan	-0.1358810813351149	nan
2239.7328881469116	nan	nan	-0.1372022234990362	nan
2242.737896494157	nan	nan	-0.13211693247438405	nan
2245.7429048414024	nan	nan	-0.1337932677867642	nan
2248.7479131886475	nan	nan	-0.1302926123614817	nan
2251.752921535893	nan	nan	-0.13280252785713859	nan
2254.757929883139	nan	nan	-0.13508935714525672	nan
2257.762938230384	nan	nan	-0.13477807736466063	nan
2260.767946577629	nan	nan	-0.1318687220122342	nan
2263.7729549248747	nan	nan	-0.1311959264309988	nan
2266.7779632721204	nan	nan	-0.12871625288916824	nan
2269.7829716193655	nan	nan	-0.12623794841198308	nan
2272.7879799666107	nan	nan	-0.1199148309929422	nan
2275.7929883138563	nan	nan	-0.12549908625677564	nan
2278.797996661102	nan	nan	-0.12530354504733518	nan
2281.803005008347	nan	nan	-0.12509326120533412	nan
2284.8080133555927	nan	nan	-0.13129012612669816	nan
2287.8130217028383	nan	nan	-0.13312310695382257	nan
2290.8180300500835	nan	nan	-0.13089936334291657	nan
2293.8230383973287	nan	nan	-0.1251107419479604	nan
2296.8280467445743	nan	nan	-0.12272964812189358	nan
2299.83305509182	nan	nan	-0.1282271534467901	nan
2302.838063439065	nan	nan	-0.13026634655108346	nan
2305.8430717863102	nan	nan	-0.12762762616327877	nan
2308.848080133556	nan	nan	-0.1266841453262383	nan
2311.853088480802	nan	nan	-0.12232694195958184	nan
2314.858096828047	nan	nan	-0.12365508134078411	nan
2317.8631051752923	nan	nan	-0.12461381806984353	nan
2320.8681135225374	nan	nan	-0.1288082654256704	nan
2323.873121869783	nan	nan	-0.1253953678521162	nan
2326.8781302170282	nan	nan	-0.12949749940146787	nan
2329.883138564274	nan	nan	-0.13014799422046186	nan
2332.888146911519	nan	nan	-0.13433573254481807	nan
2335.893155258764	nan	nan	-0.1262878842426595	nan
2338.8981636060093	nan	nan	-0.13099853681001822	nan
2341.9031719532554	nan	nan	-0.12960977968396376	nan
2344.908180300501	nan	nan	-0.13387331562042104	nan
2347.913188647746	nan	nan	-0.12948640168575137	nan
2350.9181969949914	nan	nan	-0.131510240620962	nan
2353.923205342237	nan	nan	-0.12340703771685851	nan
2356.9282136894826	nan	nan	-0.1256674885713569	nan
2359.933222036728	nan	nan	-0.12589702899675384	nan
2362.938230383973	nan	nan	-0.12881441885962353	nan
2365.943238731219	nan	nan	-0.12570800020446973	nan
2368.948247078464	nan	nan	-0.1258063412542579	nan
2371.9532554257094	nan	nan	-0.127526485753872	nan
2374.958263772955	nan	nan	-0.12698898672535058	nan
2377.9632721202006	nan	nan	-0.12714262812877108	nan
2380.9682804674458	nan	nan	-0.12206758044524851	nan
2383.973288814691	nan	nan	-0.12741742876272608	nan
2386.9782971619366	nan	nan	-0.1229098085821724	nan
2389.983305509182	nan	nan	-0.1326087622290887	nan
2392.9883138564273	nan	nan	-0.12583607297838578	nan
2395.9933222036725	nan	nan	-0.1263111776010564	nan
2398.998330550918	nan	nan	-0.126132337285736	nan
2402.0033388981637	nan	nan	-0.12811278127222753	nan
2405.008347245409	nan	nan	-0.12168844360506362	nan
2408.013355592654	nan	nan	-0.12126059554296878	nan
2411.0183639399	nan	nan	-0.12883095538376144	nan
2414.0233722871453	nan	nan	-0.12932671719626454	nan
2417.0283806343905	nan	nan	-0.12657361154239624	nan
2420.033388981636	nan	nan	-0.12669066487721703	nan
2423.038397328882	nan	nan	-0.12316145175023473	nan
2426.0434056761273	nan	nan	-0.11710157990528182	nan
2429.0484140233725	nan	nan	-0.11881014041434261	nan
2432.0534223706177	nan	nan	-0.11953553656411457	nan
2435.0584307178633	nan	nan	-0.12753212091299287	nan
2438.0634390651085	nan	nan	-0.1284823635608095	nan
2441.0684474123536	nan	nan	-0.12413269968072496	nan
2444.0734557595993	nan	nan	-0.12174707783360035	nan
2447.0784641068444	nan	nan	-0.12437301570997435	nan
2450.0834724540896	nan	nan	-0.12374508551157101	nan
2453.0884808013357	nan	nan	-0.12151274670265261	nan
2456.0934891485813	nan	nan	-0.12310884249705775	nan
2459.0984974958265	nan	nan	-0.12420216088026889	nan
2462.1035058430716	nan	nan	-0.12194626894062698	nan
2465.1085141903172	nan	nan	-0.1249278586309476	nan
2468.113522537563	nan	nan	-0.12424706087765171	nan
2471.118530884808	nan	nan	-0.12174587935671298	nan
2474.123539232053	nan	nan	-0.12023892753648877	nan
2477.128547579299	nan	nan	-0.12222470982366941	nan
2480.1335559265444	nan	nan	-0.12341284765407384	nan
2483.1385642737896	nan	nan	-0.12770132385252608	nan
2486.1435726210348	nan	nan	-0.12148111134362066	nan
2489.1485809682804	nan	nan	-0.12298795217478373	nan
2492.153589315526	nan	nan	-0.12028293723551212	nan
2495.158597662771	nan	nan	-0.11897879539178229	nan
2498.163606010017	nan	nan	-0.11831811582431218	nan
2501.1686143572624	nan	nan	-0.12502662435993797	nan
2504.1736227045076	nan	nan	-0.12404694510619954	nan
2507.1786310517527	nan	nan	-0.12090471163239869	nan
2510.1836393989984	nan	nan	-0.12422200340595226	nan
2513.188647746244	nan	nan	-0.12084746674601118	nan
2516.193656093489	nan	nan	-0.12341578363856556	nan
2519.1986644407343	nan	nan	-0.1306998910766457	nan
2522.20367278798	nan	nan	-0.12363066928662056	nan
2525.2086811352256	nan	nan	-0.12653008132393873	nan
2528.2136894824707	nan	nan	-0.12177567501945322	nan
2531.218697829716	nan	nan	-0.12449310230917363	nan
2534.2237061769615	nan	nan	-0.12216998200513718	nan
2537.2287145242076	nan	nan	-0.12536786558653268	nan
2540.2337228714528	nan	nan	-0.12330095703955327	nan
2543.238731218698	nan	nan	-0.12297778347563758	nan
2546.2437395659435	nan	nan	-0.12906491149472724	nan
2549.2487479131887	nan	nan	-0.12759942994859552	nan
2552.253756260434	nan	nan	-0.12856675189999073	nan
2555.2587646076795	nan	nan	-0.12313314607925352	nan
2558.2637729549247	nan	nan	-0.12349884238098913	nan
2561.26878130217	nan	nan	-0.12351949903905834	nan
2564.273789649415	nan	nan	-0.1276887337078461	nan
2567.278797996661	nan	nan	-0.12384634812632511	nan
2570.2838063439067	nan	nan	-0.12738007688069908	nan
2573.288814691152	nan	nan	-0.12576631505070268	nan
2576.293823038397	nan	nan	-0.12730759203844735	nan
2579.2988313856426	nan	nan	-0.12902885597470665	nan
2582.3038397328883	nan	nan	-0.13221626535380515	nan
2585.3088480801334	nan	nan	-0.1304942640399388	nan
2588.313856427379	nan	nan	-0.13164031045737012	nan
2591.3188647746247	nan	nan	-0.1277968948910616	nan
2594.32387312187	nan	nan	-0.12754900553490822	nan
2597.328881469115	nan	nan	-0.13056981811112145	nan
2600.3338898163606	nan	nan	-0.12119254068739871	nan
2603.3388981636062	nan	nan	-0.12243835776244116	nan
2606.3439065108514	nan	nan	-0.12571399087337354	nan
2609.3489148580966	nan	nan	-0.12444844910335304	nan
2612.353923205342	nan	nan	-0.1244283172799292	nan
2615.358931552588	nan	nan	-0.12318616641888513	nan
2618.363939899833	nan	nan	-0.12289556127913971	nan
2621.368948247078	nan	nan	-0.12334195564260389	nan
2624.3739565943238	nan	nan	-0.1199697945477529	nan
2627.3789649415694	nan	nan	-0.12555298859022224	nan
2630.3839732888146	nan	nan	-0.11948963239303564	nan
2633.38898163606	nan	nan	-0.12350043238412434	nan
2636.393989983306	nan	nan	-0.12126783743194511	nan
2639.398998330551	nan	nan	-0.12390889886407053	nan
2642.404006677796	nan	nan	-0.12335887804149936	nan
2645.4090150250418	nan	nan	-0.12391936731479963	nan
2648.414023372288	nan	nan	-0.12347485258665308	nan
2651.419031719533	nan	nan	-0.12102102321685625	nan
2654.424040066778	nan	nan	-0.11983260824233757	nan
2657.4290484140233	nan	nan	-0.12359037173156584	nan
2660.434056761269	nan	nan	-0.1265279961102686	nan
2663.439065108514	nan	nan	-0.1257540173086667	nan
2666.4440734557593	nan	nan	-0.12181712375743042	nan
2669.449081803005	nan	nan	-0.12480535302831869	nan
2672.45409015025	nan	nan	-0.12069708096524498	nan
2675.4590984974952	nan	nan	-0.11616695567511005	nan
2678.4641068447413	nan	nan	-0.11879378991040442	nan
2681.469115191987	nan	nan	-0.1196314622276893	nan
2684.474123539232	nan	nan	-0.12100895310262827	nan
2687.4791318864773	nan	nan	-0.12027444088816869	nan
2690.484140233723	nan	nan	-0.11912227065723098	nan
2693.4891485809685	nan	nan	-0.11968328344131263	nan
2696.4941569282137	nan	nan	-0.12151837717869404	nan
2699.499165275459	nan	nan	-0.12252657141377236	nan
2702.5041736227045	nan	nan	-0.12060585209548141	nan
2705.50918196995	nan	nan	-0.12269315665045166	nan
2708.5141903171952	nan	nan	-0.12237866444037815	nan
2711.5191986644404	nan	nan	-0.11892895985146834	nan
2714.524207011686	nan	nan	-0.12408403304868826	nan
2717.5292153589317	nan	nan	-0.12206039672077423	nan
2720.534223706177	nan	nan	-0.12268058019464456	nan
2723.5392320534224	nan	nan	-0.1152735417205138	nan
2726.544240400668	nan	nan	-0.11440020510807083	nan
2729.549248747913	nan	nan	-0.12144945700859067	nan
2732.5542570951584	nan	nan	-0.12171262744381478	nan
2735.559265442404	nan	nan	-0.1215919943258886	nan
2738.56427378965	nan	nan	-0.11768566990416698	nan
2741.5692821368953	nan	nan	-0.11901619159913512	nan
2744.5742904841404	nan	nan	-0.11866295422124835	nan
2747.5792988313856	nan	nan	-0.11609709550978757	nan
2750.584307178631	nan	nan	-0.11344989964070785	nan
2753.5893155258764	nan	nan	-0.12079386046029719	nan
2756.5943238731215	nan	nan	-0.12247351442251375	nan
2759.599332220367	nan	nan	-0.1177867330523586	nan
2762.6043405676123	nan	nan	-0.12251222953763169	nan
2765.6093489148575	nan	nan	-0.11980208493064576	nan
2768.6143572621036	nan	nan	-0.12063213143779444	nan
2771.619365609349	nan	nan	-0.12245055914442945	nan
2774.6243739565944	nan	nan	-0.12064156026006537	nan
2777.6293823038395	nan	nan	-0.11944084877256914	nan
2780.634390651085	nan	nan	-0.11814634086506876	nan
2783.639398998331	nan	nan	-0.1212796938781914	nan
2786.6444073455764	nan	nan	-0.12271578451376991	nan
2789.6494156928215	nan	nan	-0.12111372963060363	nan
2792.6544240400667	nan	nan	-0.11897781123546422	nan
2795.6594323873123	nan	nan	-0.1207326179539662	nan
2798.6644407345575	nan	nan	-0.11980606623969112	nan
2801.6694490818027	nan	nan	-0.11878147710042675	nan
2804.6744574290483	nan	nan	-0.11684620413100383	nan
2807.6794657762935	nan	nan	-0.11474465466238269	nan
2810.6844741235386	nan	nan	-0.11787856213118603	nan
2813.6894824707847	nan	nan	-0.12182871256441041	nan
2816.6944908180303	nan	nan	-0.11660483864351023	nan
2819.6994991652755	nan	nan	-0.11657065798091326	nan
2822.7045075125206	nan	nan	-0.11909413741956537	nan
2825.7095158597663	nan	nan	-0.11604054467801769	nan
2828.7145242070123	nan	nan	-0.1185204809988486	nan
2831.7195325542575	nan	nan	-0.12193501954971925	nan
2834.7245409015027	nan	nan	-0.1206664279639732	nan
2837.729549248748	nan	nan	-0.12069696251168055	nan
2840.7345575959935	nan	nan	-0.11634489460039699	nan
2843.7395659432386	nan	nan	-0.11471378775845287	nan
2846.744574290484	nan	nan	-0.11462034163532192	nan
2849.7495826377294	nan	nan	-0.12275332287737772	nan
2852.7545909849746	nan	nan	-0.11795406380579118	nan
2855.7595993322198	nan	nan	-0.11609629662006797	nan
2858.764607679466	nan	nan	-0.11240591868913052	nan
2861.7696160267114	nan	nan	-0.11469411821020589	nan
2864.7746243739566	nan	nan	-0.11550117747078806	nan
2867.779632721202	nan	nan	-0.11185727331510961	nan
2870.7846410684474	nan	nan	-0.1164197103326261	nan
2873.7896494156935	nan	nan	-0.11646181822597954	nan
2876.7946577629386	nan	nan	-0.11404909445870963	nan
2879.799666110184	nan	nan	-0.11857577102892689	nan
2882.804674457429	nan	nan	-0.11637141117553643	nan
2885.8096828046746	nan	nan	-0.11831771286100945	nan
2888.8146911519198	nan	nan	-0.11263160764809649	nan
2891.819699499165	nan	nan	-0.11073501006406558	nan
2894.8247078464105	nan	nan	-0.11014679031306131	nan
2897.8297161936557	nan	nan	-0.11130300011887397	nan
2900.834724540901	nan	nan	-0.12017645835055468	nan
2903.839732888147	nan	nan	-0.12343226959646789	nan
2906.8447412353926	nan	nan	-0.11162801631469754	nan
2909.8497495826377	nan	nan	-0.11064960306847543	nan
2912.854757929883	nan	nan	-0.10901561330418276	nan
2915.8597662771285	nan	nan	-0.11149367180319274	nan
2918.8647746243746	nan	nan	-0.116826316487256	nan
2921.8697829716198	nan	nan	-0.11135885355758815	nan
2924.874791318865	nan	nan	-0.1106656552460129	nan
2927.87979966611	nan	nan	-0.1173459803783409	nan
2930.8848080133557	nan	nan	-0.11009099000765898	nan
2933.889816360601	nan	nan	-0.11144612574932299	nan
2936.8948247078465	nan	nan	-0.10959928040943068	nan
2939.8998330550917	nan	nan	-0.11261874608096728	nan
2942.904841402337	nan	nan	-0.11179715569782486	nan
2945.909849749582	nan	nan	-0.11161995257697424	nan
2948.914858096828	nan	nan	-0.11401925140329577	nan
2951.9198664440737	nan	nan	-0.11026523109445596	nan
2954.924874791319	nan	nan	-0.10990135642868575	nan
2957.929883138564	nan	nan	-0.1135020007785076	nan
2960.9348914858097	nan	nan	-0.10799566718140072	nan
2963.9398998330557	nan	nan	-0.11169353015510153	nan
2966.944908180301	nan	nan	-0.11469713777970175	nan
2969.949916527546	nan	nan	-0.11210816327828477	nan
2972.9549248747912	nan	nan	-0.11503955065584792	nan
2975.959933222037	nan	nan	-0.11459246611580626	nan
2978.964941569282	nan	nan	-0.11212835984606961	nan
2981.9699499165276	nan	nan	-0.10914217067793902	nan
2984.974958263773	nan	nan	-0.11152321627114728	nan
2987.979966611018	nan	nan	-0.11801360339389025	nan
2990.984974958263	nan	nan	-0.11620910152971349	nan
2993.989983305509	nan	nan	-0.10912491899402427	nan
2996.994991652755	nan	nan	-0.11260818788425325	nan
3000.0	nan	nan	-0.1103640476734333	nan
