# 0T(K)  1F(mJ/cm²)  2delay(ps)  3strainCOM(permille)  4STDrelative(%)  5Integralrelative(%)  6strainFit(permille)  7widthFit(%)  8areaFit(%)
300.0	8.0	-10.0	-0.08885781270267724	-1.9527272708276515	1.01045647574946	-0.11742633876476168	0.32607959990376295	1.6545817164847918
300.0	8.0	-9.0	-0.005902617312018986	1.168729190480681	-0.18247373058746275	0.013162151099152707	-0.49962890472191773	-0.5349448864340638
300.0	8.0	-8.0	0.04034353847213417	-0.5015673950276828	0.21017134069830204	0.08004341478585367	-0.25062878191218585	0.33250738958542475
300.0	8.0	-7.0	-0.05324782610193384	3.5932334315260634	-4.16055481764841	-0.05201806236052743	0.5345912113924934	-5.14665306807882
300.0	8.0	-6.0	-0.006578020295287562	0.9699381637234293	-0.17373780533473335	-0.062620157516206	4.70637762533919	0.885092727107283
300.0	8.0	-5.0	0.061455301881453116	1.472585118338141	-2.074909088072811	0.08460481949453906	1.3740714396524392	-2.0559925595504147
300.0	8.0	-4.0	-0.08156739950756008	0.5783757167048826	1.9309126310768971	0.08960269104276695	-0.8010477252729298	1.460663869907164
300.0	8.0	-3.0	-0.13483147763776862	-1.3297384512871384	2.1744873362259236	-0.14451941908088278	-3.0033188506136854	1.7982348423882224
300.0	8.0	-2.0	0.20460697258273627	-2.2022623747193824	0.3732314129020132	0.06122243251212101	-0.8822358511154488	0.6831590529230197
300.0	8.0	-1.0	0.06457934062161012	-1.796566128911398	0.8924162449907892	0.047948468788975615	-1.5042597626517604	0.9233509156674088
300.0	8.0	0.0	0.0032731410920153973	-1.8099824927430341	0.5733644655419478	0.14384849254076504	-2.95661419655267	0.5078108484376108
300.0	8.0	1.0	-0.11318837216703245	0.5382567206285909	-2.022056049963047	-0.08853081812558208	2.9110168023364267	-1.6333491322268272
300.0	8.0	2.0	-0.04415688457953565	1.2264875593551074	0.3374547682528544	0.15502468743175848	-0.7380026778730358	-0.22340230198077327
300.0	8.0	3.0	-0.27902104691854107	1.2206641713034234	1.275158213040979	0.0027886375688452834	1.4380902549648027	1.3530682756414454
300.0	8.0	4.0	-0.028657959067219983	1.4745086192569705	-0.7828146983882043	-0.04357542935424845	0.6976737560955687	-1.0104710679927438
300.0	8.0	5.0	0.03662077960301395	-1.3424795170044719	-0.7372737665461787	0.09512567610494872	-2.839988995989457	-0.9581931236280912
300.0	8.0	6.0	-0.10014703097661139	0.09067874711673332	0.8532226261813847	-0.028277555779905844	-3.4759272682379683	-0.2372713591354389
300.0	8.0	7.0	-0.8468666260388751	1.2908216205602259	1.1226281288908209	-0.8192869882275432	0.18134054724973014	0.6785109884949878
300.0	8.0	8.0	-0.9745299294822707	-2.387385863744081	1.6276834188614988	-1.1759042928802892	-1.453409370293723	2.1792191978009314
300.0	8.0	9.0	-1.083226280592867	0.4477606233988087	3.7193559919306116	-1.045130807115279	-0.719002828426679	3.333607155721749
300.0	8.0	10.0	-0.025597961032679452	-1.2117930947228828	2.5404570512022415	0.2076347189611857	-2.7017492002853154	2.0422069290973446
300.0	8.0	11.0	1.0845612628199008	-1.2322407789049155	-1.663643480100778	1.3477743172954446	0.42209083361704186	-1.095985596232995
300.0	8.0	12.0	1.0122224535453086	-1.790584124616488	-1.0785452237789117	1.3598570952602562	-4.0672032395249955	-1.668074745042045
300.0	8.0	13.0	0.7008997834653858	0.49103759021541643	0.35238077552455227	0.7637466030292164	1.9760980828591106	0.7560873661742935
300.0	8.0	14.0	0.47255163703990577	3.0939717693275743	1.9952116290164426	0.6723796191889806	2.502534460984947	1.722722155541494
300.0	8.0	15.0	0.531936010565024	-0.390739602003392	1.0471164850625512	0.540345604508102	1.6093821742655132	1.6539803995516869
300.0	8.0	16.0	0.38582483930081957	-2.6592363931206893	-1.6541501102145126	0.26392376014504226	-4.421482076065503	-1.7109123466731768
300.0	8.0	17.0	0.07155470687340332	1.2759219894547975	0.4132054808570896	0.2165526894438851	2.3313936910670527	0.6783231755725112
300.0	8.0	18.0	-0.06407184169466242	0.35299264120613133	3.5351121418436144	-0.0882748646232417	1.1803793800753057	3.6590425486406253
300.0	8.0	19.0	0.2560497220992093	-1.8386999846971164	-1.2533270379377144	0.2777346725578522	-3.1236978154873896	-1.5965327833454717
300.0	8.0	20.0	0.44565788720976596	-0.5802772969918786	0.7283413013010818	0.5865768945886513	-0.5830015709541503	0.9540883604839198
300.0	8.0	21.0	0.19269863293560624	-0.7581614152061279	0.0607972080342054	0.22499209756017452	0.25859204624204907	0.3566154255262082
300.0	8.0	22.0	0.2029232476852404	-1.5133869590052815	1.1889597313672984	0.2652031850985486	1.483615164378165	2.248448900396601
300.0	8.0	23.0	0.22620685191791928	-0.04666841143976782	-1.9432741424941065	0.32196992171629063	1.9771992983672648	-1.2824485663725576
300.0	8.0	24.0	0.1359069030267734	-0.10152404331541266	0.5882341663127659	0.2180032621441232	-0.8439264115179427	0.1876939995256883
300.0	8.0	25.0	-0.051807315588949486	0.5172484587386692	0.8339521686336556	0.03943191954617395	1.3861323850731067	1.1903059418912914
300.0	8.0	26.0	0.20408842637368607	-1.270343267827984	0.3921756735084666	0.47833694525634096	-0.7674187143471867	0.8287770705835495
300.0	8.0	27.0	0.3251005951858519	0.6985004298576153	-1.164756960868867	0.40560877070110124	0.28790574447816175	-1.2734193214787348
300.0	8.0	28.0	0.5476308405896729	-1.0822462442669576	1.4239553138910894	0.6552247798010716	-0.3430870689677961	1.715409418024123
300.0	8.0	29.0	-0.014503767938328119	-0.41325930316212156	2.0488503384935193	0.10678693072586055	-0.8169581659807319	1.839128762925076
300.0	8.0	30.0	-0.28791259084665466	-2.7730240245882034	-1.4034035660167496	-0.24660805352055273	-1.5173725432215768	-0.798274139059562
300.0	8.0	31.0	-0.524301959310627	0.30962591982571985	1.4060684227419549	-0.5948869651121033	-1.9345903758607248	0.7324290297155647
300.0	8.0	32.0	-0.02037977297589598	0.6409666753300008	-0.8092381832822719	0.12407325405252366	0.7146460741603186	-0.8870150003156422
300.0	8.0	33.0	0.17786264406468957	1.8227785273613948	-0.7988344851647103	0.3001852938651319	-0.5052951669815775	-1.4735120564794004
300.0	8.0	34.0	0.49379299950042693	-2.3825402252533405	-1.3800658142012299	0.4986734733126	-1.2067554230145365	-0.9631938583590476
300.0	8.0	35.0	0.05899612168439934	0.12189338890387139	-0.6742527563154604	0.3434696900619569	0.9847125120211532	-0.5732839826118965
300.0	8.0	36.0	0.20732740971518518	1.1822386688965765	1.1854998708998188	0.4658748368125258	1.1366963290843768	1.1640173294199758
300.0	8.0	37.0	0.6006463997968523	0.4057858558375669	0.6145154526076394	0.6962023223765804	3.2799947155477724	1.3968151492794338
300.0	8.0	38.0	0.3196245557513462	-0.7598399435769642	0.10333054383110604	0.35463945647022277	0.9903057386933025	0.616881069024901
300.0	8.0	39.0	0.14058881668903192	-1.8047106768765069	1.2291357981415156	0.3457656947728638	-0.7044091315194327	1.8314812758409558
300.0	8.0	40.0	0.2889152243282097	0.3231455028184244	0.6227111709823185	0.2823175311804949	2.0853039334023262	1.0106934654073727
300.0	8.0	41.0	0.3407800079567705	-0.4681338184014329	-1.4418118159635476	0.409766849429942	-1.0537992027468484	-1.4702948890139738
300.0	8.0	42.0	0.12458390797970435	-1.3690644776762855	1.4066532040597828	0.30296248207225795	-0.014252063970313143	1.8818610837462268
300.0	8.0	43.0	0.09715685997538759	-0.22817525899700106	2.4845545324307716	0.21902496546135977	-1.6704833380213786	2.0990344954337212
300.0	8.0	44.0	0.23151424735432502	1.133321065069317	-0.7316682024480835	0.1715090305297424	0.473486286207752	-0.6943740100837099
300.0	8.0	45.0	0.36709361535373747	0.13121347305999712	-1.3747792910433418	0.39716890066450966	-1.4132112918118687	-1.581021460749906
300.0	8.0	46.0	-0.0323077472358754	0.04521231812233593	-0.33008616100585086	-0.044463252644260605	-1.878624759515869	-0.8491704802629946
300.0	8.0	47.0	-0.1029092464838244	-1.951153444263444	-1.1296358634344417	-0.04536859572585412	0.31998519725464336	-0.6758994718715635
300.0	8.0	48.0	0.6211916473438525	-1.3030924102916441	-0.5571309438037418	0.5951757608677491	-3.084317130901379	-0.8571343220799191
300.0	8.0	49.0	0.5295928577685675	0.8603774257382999	-0.3683611532044137	0.6537647458455017	-1.422445217423878	-1.080765922029487
300.0	8.0	50.0	0.357322901910104	-0.03756441392310644	-1.0412748663556646	0.3731702998198438	-2.0254533957061636	-1.5299388912497454
300.0	8.0	51.0	0.0975456991111239	-1.036111172908812	0.4442466687146062	0.06375179010799906	0.023289518703696617	0.9244951681660267
300.0	8.0	52.0	-0.041429638400208704	1.4907089802804374	1.393714514562059	-0.041065110113410574	3.6805197711385436	1.9970984071443119
300.0	8.0	53.0	0.22818076729980324	-1.0332690294757938	0.792297739284404	0.2914194886945038	0.06203747271366174	1.048816287756593
300.0	8.0	54.0	-0.21375608529572707	0.029854064168612186	1.4510002845495646	-0.05655940817380414	0.01924281339653074	1.551604275457172
300.0	8.0	55.0	-0.029980941139618945	-0.49092197687166184	0.5340352358801531	-0.14846234325554164	-1.1478700138729878	0.28633888367481564
300.0	8.0	56.0	-0.07198884529222307	1.0726376658458519	0.6184049096396377	0.04487571016936481	2.0991866651644426	1.0187689909292137
300.0	8.0	57.0	0.17833279472517022	-1.521494156550062	-0.27348742851376584	0.0260306460371804	0.3468337341357809	0.35240015011598436
300.0	8.0	58.0	0.15300623361689383	-2.067272843580367	-1.280739615104103	0.2090785822925931	0.6422746327355414	-0.3356426901770365
300.0	8.0	59.0	0.5772935343428379	-0.5951404073756636	1.5602647382236703	0.5882566646284669	1.0925203097533651	2.168240801052732
300.0	8.0	60.0	0.14192059098779944	-1.4167774241442435	-0.9229346669130398	0.3017061436256553	-0.5995309788880082	-0.691194027455579
300.0	8.0	61.0	0.3245675781748302	-0.601515042539002	0.8234882378856088	0.28103009950450347	-1.5938503008271094	0.7273444026862734
300.0	8.0	62.0	0.32136395907750087	-1.3166377752556615	-1.0352904071114977	0.2561583991951289	-0.5025698932879077	-0.8079549077783756
300.0	8.0	63.0	0.19058279620510166	0.34415815054427024	-0.49137959643995016	0.2654716274964725	0.13547439683512802	-0.5486372824819886
300.0	8.0	64.0	0.2131097289245942	-0.3770150440961195	1.150189388038794	0.2851435441992109	-0.16482525622264585	1.3055696318284062
300.0	8.0	65.0	0.13515207449870756	-1.2959832112672012	0.9637720339394236	0.2515601735296308	-1.03869793193622	1.2233634201284052
300.0	8.0	66.0	0.09365202347330553	0.38274462222988526	2.8528801034493934	0.23023659159700008	0.5558932236628128	3.1254086614905003
300.0	8.0	67.0	0.3194823696509882	-1.3882904880312863	1.4056093653099995	0.3708103603513506	-3.3895728748932914	0.8879891605230888
300.0	8.0	68.0	0.15253731413226287	-0.7561993410579223	1.1453457500748279	0.47369463144940815	-1.944481801900421	1.0566433151493277
300.0	8.0	69.0	-0.02728368134164701	-1.8934357019248036	0.2027650756056812	0.07727695616930637	1.6775109513469748	1.3923496244412323
300.0	8.0	70.0	0.0815234089793253	0.915185241199778	-0.4778701485824587	0.1418480252615629	-0.13280870409142045	-0.7535691893091861
300.0	8.0	71.0	0.303474676009106	-1.234310144964402	0.30442443528016433	0.40719500979192763	-1.7746359420246864	0.07915172399212478
300.0	8.0	72.0	0.28971641037361134	-0.07477987778377264	-1.922064590533509	0.20036416697090173	1.2028762835055278	-1.6129479867182388
300.0	8.0	73.0	0.4563248979320063	0.03433175556180646	1.222538540154784	0.7794447821902206	-1.1626779218998997	1.127555498879339
300.0	8.0	74.0	0.2509042821864762	0.002920574628846058	1.0806818984802447	0.6176790142950842	1.6611037583773487	1.6741618785074988
300.0	8.0	75.0	0.13987827778969297	1.0184896172827478	0.6851615662405729	0.2248446007692306	2.4964399043233896	1.0857784443405993
300.0	8.0	76.0	0.3891219954332932	-0.5962931344508429	-2.723257858592062	0.5506424158071311	-2.5174323933805884	-3.282979099970774
300.0	8.0	77.0	0.013768912437093711	2.4644762421071555	2.2232977833309238	0.1756420138610811	1.9285678597530374	1.918958383743277
300.0	8.0	78.0	0.23724550448303192	-0.5885067306031547	-0.8216075251135627	0.19751677853662752	0.26812275926770734	-0.6343920518766756
300.0	8.0	79.0	0.1897710093288129	-0.6463375104720093	-2.4718637815359403	0.39273221752997384	-1.6847277528953704	-2.7879470163112536
300.0	8.0	80.0	0.011765088560099545	-2.702791327529818	2.1857027618963536	0.19068724677067372	-2.0908019859518165	2.4908566427069836
300.0	8.0	82.0	0.23620785197422955	1.0472359431997968	0.5138148393538983	0.5377285518170873	1.0839210002416608	0.5605751952719541
300.0	8.0	84.0	0.3548464861688825	0.9265688120193062	1.1787967794919945	0.5641044739927662	1.5588713862707249	1.4982938045970506
300.0	8.0	86.0	0.3543210539770865	-0.15874565987511902	-2.8830622233012857	0.33577646614542794	-1.6772323334496895	-3.2764230894124733
300.0	8.0	88.0	0.38542015487827624	0.4181782195033228	-0.9450256977018595	0.5041976697452372	0.5762857769570524	-0.8235652852966578
300.0	8.0	90.0	0.29949325875692245	1.6702716804302786	0.8848809630750752	0.41853831258301866	3.5223670594868537	1.4007046952366062
300.0	8.0	92.0	0.23475202004885312	-0.6817107166721029	-0.6046498157520094	0.4967524095980166	-2.9708442713774406	-1.1238139124931157
300.0	8.0	94.0	0.39943848891358436	1.7329955065026916	1.489318140635785	0.4345940354803114	1.650190032711234	1.3214324132801187
300.0	8.0	96.0	0.3763539839459056	-0.9347818314704035	-1.6131102286931567	0.18059275209041462	-0.9473990012825254	-1.455612015889034
300.0	8.0	98.0	0.38576361794089437	0.5375770532143415	1.3271360300945145	0.6768590071963809	-0.2596647372058614	1.0869074391555906
300.0	8.0	100.0	0.3036325951998775	-0.8833709975123432	1.18052300563475	0.38547088015133346	-0.5100040450806842	1.2449797293166693
300.0	8.0	102.0	0.4097383473535465	-2.4205057435339414	1.4748128614416882	0.41181974943885263	-2.4074946518111897	1.7408737722932794
300.0	8.0	104.0	0.31473513375995954	0.7324918272194955	-0.2590882157816503	0.4464135335740509	0.17908061316690138	-0.35037466632730546
300.0	8.0	106.0	0.4027027992840324	2.6439803883803106	1.9673361565433416	0.33506426798843414	1.026294025677642	1.4415557530157064
300.0	8.0	108.0	-0.004556993658126171	-0.029960028254862943	-1.2664478451073709	0.12493709507098975	1.8156773017206005	-0.6653643779700534
300.0	8.0	110.0	0.03776965456580933	-0.7516797965650537	-2.5315413982224824	0.149554777722338	-0.04468733410708927	-2.222985036996389
300.0	8.0	112.0	0.2276863976281878	-1.8555643228102034	0.8000722033094652	0.2883218487824213	-0.961945188348624	1.1076124005912378
300.0	8.0	114.0	0.2479973924509763	1.5149990567229532	0.5106482695888777	0.41422658116539013	0.32558027344533946	0.2663031787885755
300.0	8.0	116.0	0.3515804506921512	1.5077645612605801	1.9756006073819603	0.5807192268769801	3.8023709672298573	2.7150648894162916
300.0	8.0	118.0	0.26328319170765035	0.32227659318371765	-0.34262304263227744	0.36702507956918423	-0.7438807574316422	-0.3873042884005885
300.0	8.0	120.0	0.2892072921623967	-0.37587558006966965	0.95664399386466	0.4073949374251685	-4.281420085646922	-0.05608481196663127
300.0	8.0	122.0	0.310891239703957	0.36518514554311227	-0.876804682221193	0.2980690667369796	1.334862766994608	-0.7899013409081584
300.0	8.0	124.0	0.2952315904447921	-1.165871515418986	-2.8445444843919954	0.29610593158815185	0.23710939881554	-2.533217669068548
300.0	8.0	126.0	-0.04442939699285556	0.331917332854002	-0.8724975216100639	0.12399593209093347	0.9691947717504781	-0.6545117369785323
300.0	8.0	128.0	0.03594037635793	-1.3771281125267387	-2.127078828009253	0.038917948303246096	-1.4930484008341478	-1.9930626329129741
300.0	8.0	130.0	0.39609578443484394	-1.0135421832695874	-1.8490921071454323	0.4066643478918756	-0.6931971508669134	-1.6679034225583054
300.0	8.0	132.0	0.1902193335251409	-1.6494966529332318	1.6410392479882006	0.31498252047048925	2.251726212525186	2.760876209825623
300.0	8.0	134.0	0.15123951282261458	-0.41947056840116503	0.7348666396540132	0.14894904426560884	-0.24387665225503816	0.7685217570256757
300.0	8.0	136.0	0.28676717871034463	0.8613386319632987	-1.0254153064621994	0.24653913372588912	0.0337941034768945	-1.1962321989814453
300.0	8.0	138.0	0.12595463505998372	0.0826670352437199	1.84518773650008	0.1813232413027575	3.090032602762412	2.8653419738555557
300.0	8.0	140.0	0.3204303320843699	-1.0699607962581175	1.4284945798257307	0.47151122794429884	-0.9878967991068204	1.4438343493672448
300.0	8.0	142.0	0.22325329670314972	3.00088603286952	-0.7665853545496388	0.4184567140847556	0.8181871024705124	-1.5113030998544619
300.0	8.0	144.0	-0.0402369773666141	-0.3152794404746355	1.0179818519994301	0.21292524405530908	2.398978019670218	1.6935232597887262
300.0	8.0	146.0	0.2862743897560838	-0.7095545444721846	-2.1507480371010357	0.5797324193228156	1.5493869064460803	-1.4444914549108239
300.0	8.0	148.0	0.07631733563175609	0.002644314719746321	-0.24838303974072254	0.2424298310907602	-0.9756674322119558	-0.5204205672346349
300.0	8.0	150.0	0.1734092489068956	1.3873280449760859	-0.1606891110939088	0.4300788502320933	3.846969123099008	0.4691869626774095
300.0	8.0	152.0	0.04460368274643363	-0.8724586490168609	-1.191871562388793	0.18720043274183829	-1.5338378655513902	-1.0131074501351143
300.0	8.0	154.0	0.29559188138768544	-0.10804335720701164	0.6240197388220492	0.43399848655415063	1.2805333149834086	1.0107359432985197
300.0	8.0	156.0	0.17704486458533655	-2.3289712508112284	-0.7595322054158954	0.1684237277838745	-2.9244363039416403	-0.9328531321630349
300.0	8.0	158.0	0.2233437159187455	-0.8062696410151806	0.6378624308932984	0.36675543854467046	0.23809381594512555	0.8682744409335551
300.0	8.0	160.0	0.4543435619943458	-1.5375675292075917	0.7414012422691549	0.6713940486928112	-1.5939429559204128	0.7867216566206731
