# time (ps)	 sum signal (V)	 MOKE (V)	 field up signal (V) 	 field down signal (V)
290.0	-0.009696129660299757	0.0023349129480778608	-0.003680608356110948	-0.006015521304188809
292.22222222222223	-0.00824945323552062	-0.0003872710393098	-0.00431836213741521	-0.00393109109810541
294.4444444444445	-0.009222021368427535	-0.00015129049098416836	-0.004686655929705852	-0.0045353654387216835
296.6666666666667	-0.008296542173162669	0.00019945579244562417	-0.004048543190358522	-0.0042479989828041465
298.8888888888889	-0.007911777985989854	-8.325626260718977e-05	-0.003997517124298522	-0.003914260861691332
301.1111111111111	-0.008060025631208001	-0.0002640894574847952	-0.004162057544346398	-0.003897968086861603
303.3333333333333	-0.007393981142503003	0.0009315663119211504	-0.0032312074152909265	-0.004162773727212077
305.5555555555555	-0.00841668039806942	0.0014096130022127618	-0.0035035336979283294	-0.004913146700141091
307.77777777777777	-0.007476520532828657	0.0011974462110899697	-0.0031395371608693434	-0.004336983371959313
310.0	-0.008613807139231877	0.00013213491216346185	-0.004240836113534208	-0.0043729710256976695
310.5044247787611	-0.008159751989092134	0.0011218922067188775	-0.0035189298911866285	-0.004640822097905506
311.0088495575221	-0.008870916842684151	-7.842090932741463e-05	-0.004474668876005783	-0.004396247966678368
311.5132743362832	-0.008692410066903467	-0.0017275941345507029	-0.005210002100727085	-0.003482407966176382
312.01769911504425	-0.00637110525854645	0.0009700613581680173	-0.0027005219501892164	-0.0036705833083572337
312.5221238938053	-0.0019263350727010131	0.0005308661203706766	-0.0006977344761651683	-0.0012286005965358449
313.0265486725664	-0.00339950814204637	-0.0012978886471339823	-0.0023486983945901763	-0.001050809747456194
313.53097345132744	-0.00414719488060733	-0.00042236375796456116	-0.0022847793192859456	-0.0018624155613213844
314.0353982300885	-0.0032423083605945813	-0.0001262246456552596	-0.0016842665031249204	-0.0015580418574696608
314.5398230088495	-0.002246107716483703	-0.001459031168195235	-0.001852569442339469	-0.0003935382741442339
315.04424778761063	-0.001201027593240589	0.0017700300941179137	0.00028450125043866237	-0.0014855288436792513
315.54867256637175	-0.0025241625961311964	-0.00027501019706810403	-0.0013995863965996502	-0.0011245761995315462
316.05309734513276	-4.3328483278592955e-05	0.00096683853967372	0.00046175502819756353	-0.0005050835114761565
316.5575221238938	0.0005523518821879403	0.0014160594859762288	0.0009842056840820845	-0.00043185380189414424
317.0619469026549	0.000904887535561949	-0.0009056044547663955	-3.584596022232489e-07	0.0009052459951641723
317.56637168141594	0.001085544676676431	0.0026271141184088798	0.0018563293975426554	-0.0007707847208662244
318.070796460177	0.00048073340934617903	-0.0011997732147528417	-0.00035951990270333134	0.0008402533120495104
318.57522123893807	0.0008653194189864877	0.0009004132158993983	0.000882866317442943	-1.7546898456455295e-05
319.07964601769913	0.0015095207238238206	6.714258061246703e-05	0.0007883316522181438	0.0007211890716056768
319.58407079646014	0.0013670028380916577	-0.0005763428676450744	0.00039532998522329166	0.000971672852868366
320.08849557522126	0.0009879653755382467	0.0011695162148834815	0.001078740795210864	-9.077541967261737e-05
320.5929203539824	0.0004612171586713121	-8.450759431011257e-05	0.00018835478218059976	0.0002728623764907123
321.0973451327434	0.000284321413448696	-0.001120098815974968	-0.00041788870126313604	0.000702210114711832
321.60176991150445	-0.0010132100795621213	-0.0005398177213900013	-0.0007765139004760613	-0.00023669617908606
322.1061946902655	0.0004955954780341276	0.0009822339287366422	0.0007389147033853849	-0.00024331922535125727
322.6106194690266	0.00041287587583638263	-0.0015659202292084284	-0.0005765221766860229	0.0009893980525224055
323.11504424778764	-0.0002426024204837951	-0.0008252149138598952	-0.0005339086671718452	0.00029130624668805005
323.6194690265487	0.0017322514447060122	-0.00017492552037889908	0.0007786629621635566	0.0009535884825424557
324.12389380530976	-0.0006415146255445148	8.003356411445672e-05	-0.000280740530715029	-0.00036077409482948575
324.62831858407077	-0.0012774773119108573	-0.001421790696071401	-0.0013496340039911292	7.215669208027187e-05
325.13274336283183	-0.0031825063810595466	-0.0007066853165107467	-0.0019445958487851467	-0.0012379105322744
325.6371681415929	-0.001519189657474218	-0.0017186447052277565	-0.0016189171813509873	9.97275238767692e-05
326.14159292035396	-0.0012579635029181802	-0.0017958107775957188	-0.0015268871402569495	0.00026892363733876934
326.646017699115	-0.0011788261054910265	-0.00013535647537032958	-0.000657091290430678	-0.0005217348150603485
327.1504424778761	-0.0023868367611215024	0.0009054263495553716	-0.0007407052057830654	-0.001646131555338437
327.65486725663715	-0.002859693494848381	0.001210339671403604	-0.0008246769117223884	-0.0020350165831259925
328.1592920353982	-0.0028267488567694787	0.00027716061838378714	-0.0012747941191928458	-0.001551954737576633
328.6637168141593	-0.0012549200451505982	-0.00025370647385392076	-0.0007543132595022595	-0.0005006067856483387
329.16814159292034	-0.0014853501337777075	0.0002127051389670953	-0.0006363224974053061	-0.0008490276363724014
329.6725663716814	-0.0010857247927811287	-0.00041610043429773924	-0.000750912613539434	-0.0003348121792416947
330.17699115044246	-0.0024135137631702275	-0.0006456333949713677	-0.0015295735790707976	-0.0008839401840994299
330.6814159292035	-0.003169973530944503	0.0004997116620866215	-0.0013351309344289408	-0.0018348425965155624
331.1858407079646	-0.0036451606835252726	-0.0016882083615219479	-0.00266668452252361	-0.0009784761610016623
331.69026548672565	-0.00338894557170466	-0.00021341936207086576	-0.001801182466887763	-0.0015877631048168972
332.1946902654867	-0.003367817864518008	0.00041108596217287463	-0.0014783659511725666	-0.0018894519133454413
332.6991150442478	-0.004038695187724262	-0.00017886367853359175	-0.0021087794331289267	-0.001929915754595335
333.20353982300884	-0.0021837999226062	-0.0007750814801850137	-0.0014794407013956068	-0.0007043592212105931
333.7079646017699	-0.0033488379430590687	-0.0017388737429409051	-0.002543855842999987	-0.0008049821000590818
334.21238938053096	-0.0029051678223379618	-0.0008834020665093867	-0.0018942849444236742	-0.0010108828779142875
334.716814159292	0.0005303283515165624	-0.0007971037911267409	-0.00013338771980508923	0.0006637160713216517
335.2212389380531	-0.0008470559733115834	-0.001921321561696221	-0.0013841887675039022	0.0005371327941923187
335.72566371681415	-0.0014189246564155766	-0.00030813423556041997	-0.0008635294459879983	-0.0005553952104275783
336.2300884955752	0.0012595753658424247	-0.0003990893544789653	0.0004302430056817297	0.000829332360160695
336.7345132743363	0.0012343311575921945	-0.0019834495549733155	-0.00037455919869056054	0.001608890356282755
337.23893805309734	-0.0015634123708048175	-0.00036489254628491175	-0.0009641524585448646	-0.0005992599122599529
337.7433628318584	0.0010080174876778702	0.0006968404155933694	0.0008524289516356198	0.00015558853604225042
338.24778761061947	0.0004164573438851793	0.00034913553685567145	0.00038279644037042537	3.3660903514753926e-05
338.75221238938053	-0.0006732038487322622	0.0006148374589096672	-2.9183194911297505e-05	-0.0006440206538209647
339.2566371681416	-0.00017546460080630766	-0.0009342508611838163	-0.000554857730995062	0.0003793931301887543
339.76106194690266	0.0007047168960998551	0.00025853987033896964	0.00048162838321941237	0.00022308851288044274
340.2654867256637	0.0011861671029831378	0.00018996641771762413	0.000688066760350381	0.0004981003426327568
340.7699115044248	0.0008327349844332588	-0.0012531281316965348	-0.00021019657363163802	0.0010429315580648968
341.27433628318585	0.001051526382044976	-0.0019607114838708917	-0.0004545925509129578	0.0015061189329579339
341.7787610619469	0.000358983598698126	-0.000853860052059785	-0.0002474382266808295	0.0006064218253789555
342.283185840708	0.0017465742394726647	0.00035289602111587826	0.0010497351302942715	0.0006968391091783932
342.78761061946904	0.0008336286477739208	-5.872642534221484e-05	0.00038745111121585296	0.0004461775365580678
343.2920353982301	0.0012144558993658627	0.0010028248082383229	0.0011086403538020928	0.00010581554556376993
343.79646017699116	0.000768814109192828	3.5806339826471856e-06	0.0003861973715877376	0.0003826167376050904
344.3008849557522	0.0012031757800070597	-0.0008132189528511358	0.00019497841357796197	0.0010081973664290977
344.8053097345133	0.0010728309208347664	-0.001948002028582918	-0.00043758555387407583	0.0015104164747088422
345.30973451327435	0.0026029436882457624	-0.0006789343539721493	0.0009620046671368065	0.0016409390211089558
345.8141592920354	0.002246643662134673	0.0007885089231343123	0.0015175762926344927	0.0007290673695001804
346.3185840707965	0.0019334984024399482	-1.5220101280633003e-05	0.0009591391505796576	0.0009743592518602906
346.82300884955754	0.0004952362174022173	0.0003552221555758184	0.00042522918648901786	7.000703091319949e-05
347.3274336283186	0.0017281353973228608	-0.0009707751894854066	0.0003786801039187271	0.0013494552934041337
347.83185840707966	0.0009859975325741122	-0.00023580039791348817	0.000375098567330312	0.0006108989652438002
348.3362831858407	0.0022824543367274686	0.000566137338174677	0.0014242958374510728	0.0008581584992763958
348.8407079646018	0.001845405893885932	-0.0009498291761929067	0.0004477883588465126	0.0013976175350394193
349.34513274336285	0.0025544218338635627	-0.00048825387899387174	0.0010330839774348455	0.0015213378564287172
349.8495575221239	0.0022285608700929327	-0.0008409694002058377	0.0006937957349435475	0.0015347651351493852
350.353982300885	0.0027073246175584043	-0.0007210113666304974	0.0009931566254639534	0.0017141679920944508
350.85840707964604	0.004164385147687355	-0.0006529724874284604	0.0017557063301294473	0.0024086788175579077
351.3628318584071	0.0029092866904123493	-7.967341154579977e-05	0.0014148066394332748	0.0014944800509790745
351.8672566371681	0.004050154887529578	-0.00046533506363055643	0.0017924099119495107	0.002257744975580067
352.3716814159291	0.003936999542708763	-0.0010855439902550668	0.0014257277762268483	0.002511271766481915
352.87610619469024	0.00245129352596396	0.0005380282066560493	0.0014946608663100047	0.0009566326596539554
353.38053097345136	0.003501743053890838	-0.0004895069534138763	0.0015061180502384808	0.001995625003652357
353.88495575221236	0.004729447039204304	-0.00018280600128162128	0.0022733205189613415	0.0024561265202429627
354.38938053097337	0.0025186128601799584	0.0002501232831633171	0.0013843680716716378	0.0011342447885083207
354.8938053097345	0.0036324446010145284	-0.0005188719879936077	0.0015567863065104603	0.002075658294504068
355.3982300884956	0.004383178043065872	0.0001136924098825709	0.0022484352264742213	0.0021347428165916504
355.9026548672566	0.004925143345481331	0.0004887908109711958	0.0027069670782262634	0.0022181762672550676
356.4070796460176	0.0060470340217608776	0.0012028162695345568	0.003624925145647717	0.0024221088761131604
356.91150442477874	0.0051217336993725215	0.001029501863179183	0.0030756177812758523	0.0020461159180966693
357.41592920353986	0.004359364034743685	6.37384413915143e-05	0.0022115512380675995	0.002147812796676085
357.92035398230087	0.005806219800869483	-0.0013555432480287788	0.002225338276420352	0.003580881524449131
358.4247787610619	0.004561147517979647	0.00021431455083109618	0.0023877310344053715	0.0021734164835742753
358.929203539823	0.0032582431852599125	-0.0006767858713085939	0.0012907286569756593	0.001967514528284253
359.4336283185841	0.004828102112503618	0.00013320912851400024	0.0024806556205088093	0.002347446491994809
359.9380530973451	0.0034797215615895993	0.00017456822894690305	0.0018271448952682512	0.0016525766663213481
360.4424778761061	0.005052982358749514	4.29508266686085e-06	0.0025286387207081873	0.0025243436380413264
360.94690265486724	0.003907635312075053	0.0021393984366999685	0.0030235168743875107	0.0008841184376875422
361.45132743362836	0.004897213785507226	-0.0002918428582061594	0.0023026854636505334	0.002594528321856693
361.95575221238937	0.0037133731513832036	0.00023275747946382985	0.0019730653154235167	0.0017403078359596869
362.4601769911504	0.004097421505005805	0.003166750380670713	0.003632085942838259	0.0004653355621675459
362.9646017699115	0.0036569729290816255	0.001324745877680833	0.0024908594033812292	0.0011661135257003963
363.4690265486726	0.003631370884218388	-0.0003025841401482765	0.0016643933720350557	0.001966977512183332
363.9734513274336	0.003513918072721056	0.0008082054749352086	0.0021610617738281324	0.0013528562988929238
364.4778761061946	0.003341318651895575	0.0006825154127716448	0.00201191703233361	0.0013294016195619651
364.98230088495575	0.00268404872396788	-0.001017864959052428	0.000833091882457726	0.001850956841510154
365.48672566371687	0.003509799697613891	0.00011584069430559119	0.0018128201959597412	0.00169697950165415
365.9911504424779	0.0024623931476472904	-0.000555215998787606	0.0009535885744298422	0.0015088045732174482
366.4955752212389	0.001852747075494543	0.0017471115550493632	0.001799929315271953	5.281776022258988e-05
367.0	0.003468264179882885	-0.00017492547901221123	0.001646669350435337	0.0018215948294475481
369.00400801603206	0.003541490322148677	-0.0009177797186630254	0.0013118553017428258	0.0022296350204058513
371.0080160320642	0.002943841642893519	-0.00037814055686102854	0.0012828505430162451	0.0016609910998772737
373.0120240480962	0.0040134514452883074	0.0006227144037360688	0.002318082924512188	0.0016953685207761193
375.01603206412824	0.0008320177378191573	0.0016491742069533188	0.001240595972386238	-0.00040857823456708076
377.0200400801603	0.0009371180460768791	-0.00025245221330028045	0.0003423329163882993	0.0005947851296885798
379.0240480961923	-0.0003586252058649375	0.00042272382382368967	3.204930897937608e-05	-0.0003906745148443136
381.0280561122245	-0.0019406583296972535	-0.0005057985316581082	-0.0012232284306776808	-0.0007174298990195727
383.03206412825654	-0.002734360606704067	-8.164443182301362e-05	-0.0014080025192635404	-0.0013263580874405267
385.03607214428865	-0.003174629955635444	0.0003639979588336839	-0.00140531599840088	-0.001769313957234564
387.04008016032066	-0.004461419268206646	-0.001901087784435207	-0.0031812535263209263	-0.0012801657418857193
389.0440881763527	-0.003249111104111746	-0.0012044284700258867	-0.0022267697870688163	-0.0010223413170429296
391.0480961923848	-0.005191201522998012	0.000299361476031601	-0.0024459200234832057	-0.0027452814995148067
393.0521042084168	-0.0038576806285770537	0.001686236333926061	-0.0010857221473254963	-0.0027719584812515574
395.0561122244489	-0.005032926179416863	0.00035235939849909137	-0.002340283390458886	-0.0026926427889579774
397.06012024048096	-0.003776217069505483	0.0002802056740807135	-0.0017480056977123848	-0.0020282113717930983
399.064128256513	-0.0034671882409094135	0.0011295894761678138	-0.0011687993823707998	-0.0022983888585386136
401.06813627254513	-0.0014137302294867649	-0.0007630880092677206	-0.0010884091193772427	-0.00032532111010952214
403.07214428857714	-0.0017972453681072142	0.0001264050543052786	-0.0008354201569009678	-0.0009618252112062464
405.0761523046092	0.0013020084200590087	-0.000625579805959342	0.00033821430704983335	0.0009637941130091754
407.08016032064126	0.001922933359908674	0.0011713072708736672	0.0015471203153911706	0.0003758130445175034
409.08416833667326	0.0016287633688296665	0.001286433017996913	0.0014575981934132898	0.00017116517541637677
411.08817635270543	0.0018785304503043943	0.0013972609125543212	0.0016378956814293577	0.00024063476887503654
413.0921843687375	0.002481729520716458	0.0004391945820210186	0.0014604620513687383	0.0010212674693477197
415.0961923847696	0.004568844859754728	0.0011193831894102946	0.0028441140245825114	0.0017247308351722168
417.1002004008016	0.0033964668251860175	-0.00012998670121078248	0.0016332400619876175	0.0017632267631984
419.10420841683367	0.005713474393314266	0.0005870840221213758	0.003150279207717821	0.002563195185596445
421.10821643286573	0.0037004830700133606	-0.0008225283773926062	0.0014389773463103772	0.0022615057237029834
423.11222444889773	0.005552871983767416	-0.00029005260392067633	0.0026314096899233697	0.002921462293844046
425.11623246492985	0.006801345396411751	0.0019725277167581545	0.004386936556584953	0.002414408839826798
427.1202404809619	0.005791537490142495	0.0008642447419395793	0.0033278911160410374	0.002463646374101458
429.12424849699397	0.006511117222090856	0.00014573948876650533	0.003328428355428681	0.0031826888666621755
431.1282565130261	0.004244598131778243	-1.613207509798542e-06	0.0021214924621342224	0.002123105669644021
433.1322645290581	0.0027232598512281214	0.0011007616506533147	0.001912010750940718	0.0008112491002874034
435.13627254509015	0.0038131011773268053	0.0008499197942131165	0.002331510485769961	0.0014815906915568444
437.1402805611222	0.002321307471101264	0.0008377486146735613	0.0015795280428874126	0.0007417794282138512
439.1442885771542	-0.0003579081630096237	-0.0015822112018171186	-0.0009700596824133711	0.0006121515194037475
441.1482965931864	-0.0016586638579216828	0.0003759926635937827	-0.0006413355971639501	-0.0010173282607577327
443.15230460921845	-0.0009496506250969983	-7.913710066698165e-05	-0.00051439386288199	-0.0004352567622150083
445.15631262525056	-0.003014742494267697	-0.0010595819451562072	-0.002037162219711952	-0.000977580274555745
447.16032064128257	-0.002839101027031443	0.0004538779194103171	-0.001192611553810563	-0.0016464894732208801
449.1643286573146	-0.0036072013287840043	-0.0012785529363643633	-0.002442877132574184	-0.0011643241962098205
451.1683366733467	-0.004870176374048851	0.0006436650156749213	-0.002113255679186965	-0.0027569206948618863
453.1723446893787	-0.0036988723992148476	0.0009201072183284698	-0.001389382590443189	-0.0023094898087716587
455.17635270541086	-0.0051084831196845926	0.0005374892539040665	-0.002285496932890263	-0.0028229861867943296
457.18036072144287	-0.005179026725147473	0.0011569826345985135	-0.00201102204527448	-0.0031680046798729933
459.18436873747487	-0.005236857304774745	0.0003876304266081654	-0.0024246134390832896	-0.002812243865691455
461.18837675350704	-0.004430264427514707	0.002595063956977839	-0.0009176002352684343	-0.003512664192246273
463.1923847695391	-0.0030666648858832524	5.013463799663498e-05	-0.0015082651239433087	-0.0015583997619399437
465.1963927855711	-0.003723756442696957	0.0014996743473808527	-0.0011120410476580522	-0.002611715395038905
467.20040080160317	-0.001911295891482201	0.0021361746323722564	0.00011243937044502772	-0.0020237352619272286
469.20440881763517	-0.000813933832306768	0.0006388294192067878	-8.755220654999007e-05	-0.0007263816257567779
471.20841683366734	-3.6167196335368246e-05	0.0016106797518842253	0.0007872562777744285	-0.0008234234741097968
473.21242484969935	0.0012046071506957023	0.002149601852246219	0.0016771045014709607	-0.00047249735077525834
475.2164328657315	0.0022761856518037638	0.0010543876371648109	0.0016652866444842873	0.0006108990073194764
477.2204408817635	0.0018844383930074482	0.00041305479867914663	0.0011487465958432974	0.0007356917971641508
479.2244488977956	0.003650707686655652	-0.00029363275221760965	0.0016785374672190212	0.001972170219436631
481.22845691382764	0.0035137396522879616	0.0013057699068681483	0.002409754779578055	0.0011039848727099066
483.23246492985965	0.0028378490631828512	0.0011888520053950913	0.0020133505342889713	0.00082449852889388
485.23647294589176	0.005101322349636783	0.0013159730116625301	0.0032086476806496567	0.0018926746689871266
487.2404809619238	0.006111308858509634	0.0001677647018305528	0.0031395367801700935	0.0029717720783395407
489.2444889779559	0.004926038409148736	0.0016495317538549603	0.0032877850815018483	0.001638253327646888
491.248496993988	0.005792789500509432	-0.0009138418424314843	0.002439473829038974	0.003353315671470458
493.25250501002006	0.005972193225637357	1.5755363087732732e-05	0.0029939742943625447	0.002978218931274812
495.256513026052	0.0061700353802884855	0.0008398962754414541	0.00350496582786497	0.0026650695524235157
497.2605210420841	0.004297594716620834	-4.120011483310648e-06	0.0021467373525687616	0.0021508573640520723
499.2645290581161	0.0031604856726306085	-0.0011462404095252676	0.0010071226315526705	0.002153363041077938
501.2685370741483	0.002345655454211837	-0.0009931562460399057	0.0006762496040859656	0.0016694058501258713
503.27254509018036	-0.00017940202486577128	-0.0005027558090080486	-0.00034107891693690995	0.00016167689207113867
505.2765531062125	0.00010832137920813167	-0.00020715496284706703	-4.9416791819467676e-05	0.00015773817102759935
507.2805611222445	-0.003452863366526504	-0.0015245588135095467	-0.0024887110900180254	-0.0009641522765084787
509.2845691382765	-0.004666246960652876	0.0001339266184239296	-0.002266160171114473	-0.0024000867895384026
511.2885771543086	-0.0017865003565711302	0.0002435013221500082	-0.000771499517210561	-0.0010150008393605692
513.2925851703407	-0.0028224496789959197	0.0003706222528427894	-0.0012259137130765652	-0.0015965359659193545
515.2965931863728	-0.003576224460627886	-0.0009371176290751126	-0.0022566710448514993	-0.0013195534157763866
517.3006012024048	-0.004508686848293086	-0.0005958575213609318	-0.002552272184827009	-0.0019564146634660773
519.3046092184369	-0.0028697174766270095	0.00041609676296872067	-0.0012268103568291444	-0.001642907119797865
521.3086172344689	-0.0027989949811533243	7.143863285419272e-05	-0.0013637781741495658	-0.0014352168070037585
523.3126252505009	-0.003724117352418066	3.688445711969024e-05	-0.0018436164476491879	-0.001880500904768878
525.316633266533	-0.003946309583160668	0.0005999762161346123	-0.0016731666835130277	-0.00227314289964764
527.3206412825651	-0.001999386163770822	0.00034716759850583756	-0.0008261092826324923	-0.0011732768811383298
529.3246492985971	-0.003285458415830833	0.0011827660965615383	-0.0010513461596346474	-0.0022341122561961857
531.3286573146293	-0.0025581799838128028	-0.00021700120684364776	-0.0013875905953282253	-0.0011705893884845775
533.3326653306613	0.001661885670590113	-0.0016665415539520723	-2.327941680979606e-06	0.0016642136122710927
535.3366733466934	0.00021968683586592874	-0.0011840205973858708	-0.00048216688075997105	0.0007018537166258998
537.3406813627254	-0.001112580620792114	0.001963755755508556	0.000425587567358221	-0.001538168188150335
539.3446893787575	0.0017053930871580025	-0.0005860109562914051	0.0005596910654332987	0.0011457020217247038
541.3486973947896	0.0017412034289732148	0.00012013795120768833	0.0009306706900904516	0.0008105327388827632
543.3527054108216	0.0045840629871736205	0.001056539428006431	0.0028203012075900258	0.0017637617795835947
545.3567134268537	0.004505463730104964	-0.00020410891522759655	0.0021506774074386836	0.00235478632266628
547.3607214428857	0.003628327981945789	-0.0005852963028896152	0.001521515839528087	0.002106812142417702
549.3647294589179	0.0036802520269449968	-0.0004352562793157322	0.0016224978738146323	0.0020577541531303645
551.3687374749499	0.005020216366098618	0.00044850870060897385	0.0027343625333537958	0.002285853832744822
553.372745490982	0.004849587439502923	0.0003312322547808222	0.0025904098471418724	0.00225917759236105
555.3767535070141	0.005208210787763123	3.8136967842605785e-05	0.0026231738778028646	0.002585036909960259
557.3807615230461	0.0026609536504749176	0.0009625423212857864	0.001811747985880352	0.0008492056645945656
559.3847695390782	0.001020909230474043	-0.0006413371882465491	0.00018978602111374698	0.000831123209360296
561.3887775551102	0.002346191556481969	0.0015161454173333588	0.001931168486907664	0.0004150230695743051
563.3927855711422	0.0010404241689265792	0.0005462637733357756	0.0007933439711311774	0.0002470801977954018
565.3967935871743	0.0022169240489378073	-0.0008869833220945811	0.0006649703634216131	0.0015519536855161942
567.4008016032064	0.002026421066505968	0.0006717745880786552	0.0013490978272923115	0.0006773232392136563
569.4048096192386	-0.0001657922073505791	-0.0002341883241172571	-0.0001999902657339181	3.4198058383339e-05
571.4088176352705	0.0005288972939034853	-0.001633955722682101	-0.0005525292143893079	0.0010814265082927932
573.4128256513026	-0.002267950039203992	0.0002941695160449953	-0.0009868902615794983	-0.0012810597776244936
575.4168336673347	-0.0023759149211664	-0.0007294249554170573	-0.0015526699382917286	-0.0008232449828746713
577.4208416833667	-0.002632844345707319	0.001249190398112443	-0.0006918269737974381	-0.001941017371909881
579.4248496993988	-0.0037396940504033083	0.001702171582678158	-0.0010187612338625751	-0.002720932816540733
581.4288577154308	-0.002322738585160522	0.0001871017579500034	-0.0010678184136052593	-0.0012549201715552627
583.432865731463	-0.0030403450179470326	-0.0001591679951453706	-0.0015997565065462016	-0.001440588511400831
585.4368737474949	-0.001797423008344401	-0.001496986452127258	-0.0016472047302358295	-0.00015021827810857147
587.440881763527	0.00020912265846129152	0.0008347039137281964	0.000521913286094744	-0.00031279062763345244
589.4448897795592	-0.001930810056308907	-0.00160459141918734	-0.0017677007377481235	-0.00016310931856078348
591.4488977955912	-0.0015243814344931828	0.0006613887694624232	-0.0004314963325153798	-0.001092885101977803
593.4529058116232	-0.0009430244770622931	0.0006794728513852544	-0.00013177581283851936	-0.0008112486642237737
595.4569138276553	-0.0006277285668632171	-0.0008590531459009565	-0.0007433908563820868	0.0001156622895188697
597.4609218436875	-0.0014731735239768007	-0.0009589612934757241	-0.0012160674087262624	-0.0002571061152505383
599.4649298597194	0.0021068124103180708	0.002018005035379744	0.0020624087228489074	4.4403687469163344e-05
601.4689378757514	0.0016801510312371981	-0.00049810083288504	0.000591025099176079	0.001089125932061119
603.4729458917835	0.0010658486596504257	-0.00024260413329479924	0.00041162226317781325	0.0006542263964726125
605.4769539078156	0.0031701549119784733	0.0007569978945063394	0.0019635764032424063	0.001206578508736067
607.4809619238476	0.0027930885823617135	0.00045369622301838497	0.0016233924026900493	0.0011696961796716643
609.4849699398798	0.003232461308298573	-0.0005253141251910787	0.0013535735915537472	0.001878887716744826
611.4889779559118	0.0017836370366965948	0.00037527804570491874	0.0010794575412007568	0.000704179495495838
613.4929859719439	0.004021688749064056	-0.000602663808435322	0.0017095124703143671	0.002312176278749689
615.4969939879759	0.005012159356749812	0.0006087492189266186	0.0028104542878382155	0.002201705068911597
617.501002004008	0.0026584463048160423	0.0007928075190850592	0.0017256269119505507	0.0009328193928654915
619.5050100200401	0.003756344169504988	0.0007981787747466385	0.0022772614721258133	0.0014790826973791749
621.5090180360721	0.0012900124309835892	-0.0009620037345017263	0.00016400434824093146	0.0011260080827426577
623.5130260521041	0.0006980947518140379	0.00014591986761902653	0.0004220073097165322	0.0002760874420975057
625.5170340681362	0.001045439744203458	0.0018647457773506293	0.0014550927607770436	-0.00040965301657358566
627.5210420841684	0.0014554497250476306	0.0005004286546490544	0.0009779391898483425	0.0004775105351992881
629.5250501002004	0.0011335277512707354	-0.0002469016564556892	0.0004433130474075231	0.0006902147038632123
631.5290581162322	0.001159668620383414	0.0008979062279528272	0.0010287874241681205	0.00013088119621529337
633.5330661322645	-0.0003333783947043756	0.0007924509559673609	0.00022953628063149267	-0.0005629146753358683
635.5370741482966	-0.0020910553398092446	-0.0013129314429298766	-0.0017019933913695606	-0.000389061948439684
637.5410821643286	0.0019016263449558313	-0.0016466691386745058	0.00012747860314066273	0.0017741477418151685
639.5450901803607	-0.001411224964372737	0.0013704024125213987	-2.041127592566916e-05	-0.0013908136884470679
641.5490981963928	-0.003713553518682078	-0.0011320941851404864	-0.002422823851911282	-0.0012907296667707957
643.5531062124248	-0.0018935711165706248	0.0005962171455549115	-0.0006486769855078567	-0.0012448941310627681
645.5571142284567	-0.002515390389424166	0.0007818849111651538	-0.000866752739129506	-0.0016486376502946598
647.561122244489	-0.001156087434976083	0.0006619247607417833	-0.00024708133711714986	-0.0009090060978589332
649.5651302605211	-0.0018987615337107133	-0.0008846559043915736	-0.0013917087190511435	-0.0005070528146595699
651.5691382765531	-0.002890845986601276	-0.0003688301315978304	-0.0016298380590995531	-0.0012610079275017227
653.5731462925851	-0.001718464975190237	-0.0009034558493881129	-0.001310960412289175	-0.0004075045629010621
655.5771543086172	-0.0007358708829796612	-0.000611614488670309	-0.0006737426858249851	-6.21281971546761e-05
657.5811623246493	-5.8367769677714065e-05	0.0014606414528952616	0.0007011368416087738	-0.0007595046112864878
659.5851703406812	-0.0014977027450457925	-0.0006286235548853547	-0.0010631631499655736	-0.0004345395950802189
661.5891783567133	-0.000400163208156723	0.0019936555177042514	0.0007967461547737642	-0.0011969093629304872
663.5931863727454	-0.0009509011180668381	-5.210095841690077e-05	-0.0005015010382418694	-0.00044940007982496866
665.5971943887776	0.0012989669209240162	-1.8084187396016915e-05	0.0006404413667639997	0.0006585255541600166
667.6012024048096	0.0012518770146718872	6.803665902399558e-05	0.0006599568368479414	0.0005919201778239458
669.6052104208417	0.0012717511110689195	7.931641838387904e-05	0.0006755337647263993	0.0005962173463425202
671.6092184368738	0.0024967713750487786	-3.759839972472534e-06	0.001246505767538153	0.0012502656075106255
673.6132264529057	0.0028999752936380574	-0.0011281551512500876	0.0008859100711939849	0.0020140652224440725
675.6172344689378	0.0012173202070890898	6.893147549402734e-05	0.0006431258412915586	0.0005741943657975312
677.6212424849699	0.001851493967530482	0.0011668290808521942	0.001509161524191338	0.0003423324433391439
679.625250501002	0.0022070764484127814	0.0012696005083800976	0.0017383384783964395	0.0004687379700163419
681.629258517034	0.0015378109674524243	-0.00044886363869411916	0.0005444736643791526	0.0009933373030732717
683.633266533066	0.0011965525700246005	0.001197624935485475	0.0011970887527550378	-5.361827304373179e-07
685.6372745490982	0.0013933214489372236	0.0009310308375847232	0.0011621761432609734	0.00023114530567625025
687.6412825651302	0.002232679598737519	-0.00015111443355486642	0.0010407825825913264	0.0011918970161461928
689.6452905811624	0.0008454456607414063	0.000610898333615717	0.0007281719971785616	0.00011727366356284463
691.6492985971942	0.001413731054834555	-0.0010227012296344373	0.00019551491260005882	0.0012182161422344961
693.6533066132264	-0.0002055417427524464	-0.001640399681972271	-0.0009229707123623587	0.0007174289696099123
695.6573146292585	0.0010638799228162021	-0.0001790449487875101	0.000442417487014346	0.0006214624358018561
697.6613226452905	-0.0007553858824438375	-0.00042773522580286105	-0.0005915605541233493	-0.00016382532832048824
699.6653306613226	0.0003887046460864241	0.002018363194034034	0.001203533920060229	-0.000814829273973805
701.6693386773546	0.0002313243567184653	-0.0009868894587088395	-0.0003777825509951871	0.0006091069077136524
703.6733466933869	-0.001502715401977106	0.0006289807166885986	-0.00043686734264425375	-0.0010658480593328523
705.6773547094186	-0.0005040078428286687	-0.0002576444735280514	-0.0003808261581783601	-0.00012318168465030865
707.6813627254509	-0.0022844218460547072	0.0024086798600120307	6.212900697866175e-05	-0.002346550853033369
709.685370741483	-0.0010081951640339426	0.0008223517047967199	-9.292172961861134e-05	-0.0009152734344153313
711.689378757515	-0.00042630314349922926	0.0006744587365581367	0.00012407779652945372	-0.000550380940028683
713.693386773547	-0.0031022950267800553	1.7725354314990227e-05	-0.0015422848362325325	-0.0015600101905475228
715.6973947895791	-0.002666143157406653	0.0020083361511658016	-0.0003289035031204257	-0.0023372396542862273
717.7014028056113	-0.0012690637212102729	0.0009625413692386786	-0.00015326117598579714	-0.0011158025452244758
719.7054108216431	-0.0021463790369324887	0.0014513314103543618	-0.00034752381328906345	-0.0017988552236434252
721.7094188376753	-0.0005999746833258435	-0.0010185811812588597	-0.0008092779322923516	0.0002093032489665081
723.7134268537075	-0.0015276022867016792	0.0011662926443039012	-0.00018065482119888898	-0.0013469474655027902
725.7174348697395	0.0004889690599594321	0.0016864164088972178	0.001087692734428325	-0.0005987236744688929
727.7214428857715	-9.668582620747657e-05	0.0007945956099901785	0.000348954891891351	-0.00044564071809882755
729.7254509018036	-0.001350351220410717	-0.00038028873846651656	-0.0008653199794386168	-0.00048503124097210026
731.7294589178358	-1.432302429771326e-05	0.001119384735961848	0.0005525308558320674	-0.0005668538801297807
733.7334669338676	-0.0007484040471337217	-0.00010276979853784951	-0.0004255869228357856	-0.0003228171242979361
735.7374749498998	-0.0005093809031622154	0.0026861957485284638	0.0010884074226831242	-0.0015977883258453396
737.7414829659318	0.0007387355872918722	-6.803598741833561e-05	0.0003353497999367683	0.0004033857873551039
739.7454909819639	0.0001142306459975817	0.0015258127498467555	0.0008200216979221686	-0.0007057910519245869
741.7494989979959	0.0032707781648890766	0.0007032851714456889	0.0019870316681673827	0.0012837464967216938
743.753507014028	-0.0006232519323743357	-0.0008320173490325988	-0.0007276346407034673	0.00010438270832913155
745.7575150300601	0.001913982496970501	0.0009532299105083908	0.001433606203739446	0.00048037629323105513
747.7615230460921	0.0031330956916544306	0.0016104999798949304	0.0023717978357746805	0.0007612978558797501
749.7655310621243	0.0007774087668441787	0.0015290360577604467	0.0011532224123023127	-0.000375813645458134
751.7695390781563	0.0007040012507859572	0.0010022907325226704	0.0008531459916543138	-0.0001491447408683566
753.7735470941884	-0.0012371942777069656	0.0004214692593760283	-0.0004078625091654686	-0.0008293317685414969
755.7775551102204	0.0011131170952358715	-0.0008556522294544955	0.00012873243289068803	0.0009843846623451835
757.7815631262524	0.0005528878608282994	-0.0009858183329600756	-0.00021646523606588808	0.0007693530968941875
759.7855711422845	0.0008567270586381515	0.00175301990325738	0.0013048734809477658	-0.0004481464223096143
761.7895791583165	-9.972825938242558e-05	-0.00037187387082515677	-0.00023580106510379117	0.0001360728057213656
763.7935871743488	0.00018065495649310925	0.00117936301611965	0.0006800089863063796	-0.0004993540298132704
765.7975951903805	-0.001284998176888097	0.001771281281709003	0.000243141552410453	-0.00152813972929855
767.8016032064128	-1.9336976121664406e-05	-0.001279805936209577	-0.0006495714561656207	0.0006302344800439563
769.8056112224449	-0.0016269734275018433	-0.0007811696338777541	-0.0012040715306897987	-0.0004229018968120446
771.8096192384769	-0.0007518059196893745	-0.0019012673319176443	-0.0013265366258035094	0.0005747307061141349
773.8136272545089	0.00028038212143655095	0.0011165179560828076	0.0006984500387596793	-0.0004180679173231283
775.817635270541	-0.001228599924676388	-0.0010219835554212686	-0.0011252917400488283	-0.00010330818462755964
777.8216432865732	0.0011675450235164586	-0.0012269870324754795	-2.9721004479510427e-05	0.001197266027995969
779.825651302605	-0.0011089987341315055	-0.0004995331828305805	-0.000804265958481043	-0.00030473277565046253
781.8296593186373	-0.0006801867789349991	-0.00017528351804108055	-0.00042773514848803984	-0.0002524516304469593
783.8336673346694	-0.0007125965698357994	-0.0010810682999560228	-0.0008968324348959111	0.0001842358650601117
785.8376753507014	-0.001628405407327449	0.0010293261357037231	-0.00029953963581186294	-0.001328865771515586
787.8416833667334	-0.0017485420775837923	-7.233195334022113e-05	-0.0009104370154620067	-0.0008381050621217856
789.8456913827655	-0.0008819708014253802	-3.938975959427715e-05	-0.0004606802805098287	-0.0004212905209155515
791.8496993987977	0.0012645876715988713	0.0008237812084455065	0.001044184440022189	0.0002204032315766824
793.8537074148295	-0.00035629879583809476	-0.0006467069756672661	-0.0005015028857526804	0.00014520408991458567
795.8577154308617	0.0004878966930064177	0.00035969855847084453	0.0004237976257386311	6.409906726778658e-05
797.8617234468937	0.0013693282765478987	-0.0006066021960557944	0.00038136304024605217	0.0009879652363018465
799.8657314629259	0.00070024059775875	0.0001928292226240913	0.00044653491019142066	0.00025370568756732936
801.8697394789579	0.0016015486701199677	-0.0001276586261287349	0.0007369450219956164	0.0008646036481243513
803.8737474949899	0.0005684652905479926	0.00129180301093057	0.0009301341507392813	-0.00036166886019128874
805.877755511022	0.000756818770698775	0.0013892030280717726	0.0010730108993852738	-0.0003161921286864988
807.881763527054	-0.0009133043230813431	0.0007038219162025516	-0.00010474120343939575	-0.0008085631196419474
809.8857715430862	0.002152107724993302	0.0004075044388900384	0.0012798060819416701	0.0008723016430516317
811.8897795591182	0.0024530832670506264	-0.00013195460334536335	0.0011605643318526315	0.0012925189351979949
813.8937875751503	0.0017481856070042934	-0.001021623796009008	0.0003632809054976427	0.0013849047015066507
815.8977955911823	-0.0013838295291350722	0.0011356748816846451	-0.00012407732372521352	-0.0012597522054098587
817.9018036072143	0.000680903962344992	3.0448593562049098e-06	0.00034197441085059843	0.0003389295514943935
819.9058116232464	0.0008907437706615617	6.570941758177185e-05	0.0004782265941216668	0.00041251717653989495
821.9098196392785	-0.00015541062204693645	0.0018366341010334075	0.0008406117394932355	-0.000996022361540172
823.9138276553107	0.001126724681808522	-0.0009054253618363539	0.000110649659986084	0.001016075021822438
825.9178356713425	0.0015054038747566167	-0.0010248489126625238	0.0002402774810470465	0.0012651263937095703
827.9218436873747	0.00020214075783497876	-0.0013150782640982683	-0.0005564687531316448	0.0007586095109666235
829.9258517034068	0.000164719540298508	-0.00111078852268931	-0.000473034491195401	0.000637754031493909
831.9298597194388	0.0005416080195128625	4.028348927165304e-05	0.0002909457543922578	0.00025066226512060474
833.9338677354708	-0.0008210949814189128	-0.0007838544777412082	-0.0008024747295800605	-1.8620251838852298e-05
835.9378757515029	-0.00014574103123754512	-0.00046444100762288443	-0.00030509101943021477	0.00015934998819266966
837.9418837675352	0.0008146507281465709	0.0005349840046742216	0.0006748173664103962	0.00013983336173617467
839.9458917835669	-0.0005836825781386779	2.041104170702468e-05	-0.0002816357682158266	-0.00030204680992285127
841.9498997995992	0.00043776258109695654	-0.00030348032020488525	6.714113044603565e-05	0.0003706214506509209
843.9539078156313	0.0014783676754868136	-9.829573972530703e-05	0.0006900359678807533	0.0007883317076060603
845.9579158316633	0.00038816750074843753	9.417673191469689e-05	0.0002411721163315672	0.00014699538441687032
847.9619238476953	-0.0012989641459182355	0.0006372171659314585	-0.0003308734899933885	-0.000968090655924847
849.9659318637274	0.0012841027441532482	0.0006259374284818264	0.0009550200863175373	0.0003290826578357109
851.9699398797596	0.0009958440918862443	0.0018649230468628097	0.001430383569374527	-0.0004345394774882827
853.9739478957914	-0.001355186047496737	0.0015320775323370839	8.844574242017345e-05	-0.0014436317899169104
855.9779559118236	0.0008658561079206706	0.001424474640996376	0.0011451653744585233	-0.0002793092665378527
857.9819639278556	-0.000479658114353132	0.0014131938845869385	0.00046676788511690326	-0.0009464259994700353
859.9859719438879	0.0006918268465956334	0.002553525361462361	0.0016226761040289972	-0.0009308492574333638
861.9899799599198	0.0007276337766959351	0.001149821210058466	0.0009387274933772005	-0.00021109371668126542
863.9939879759518	-0.0015533851680828992	0.0021331311276731046	0.00028987297979510274	-0.001843258147878002
865.9979959919841	0.0005553948226071359	6.982788438159027e-05	0.0003126113534943631	0.00024278346911277282
868.0020040080159	0.0016362825810727344	0.0009892183069695193	0.0013127504440211268	0.00032353213705160755
870.0060120240481	0.0012447144176148672	0.00027071321104021884	0.000757713814327543	0.0004870006032873242
872.0100200400801	0.00031923746743389714	-0.0019793326601873495	-0.0008300475963767262	0.0011492850638106233
874.0140280561124	5.353566951815658e-05	-0.0004882543190738442	-0.0002173593247778438	0.0002708949942960004
876.0180360721442	0.0005706140523376035	-0.00014842731526121256	0.0002110933685381955	0.00035952068379940805
878.0220440881762	0.0005686432757872062	0.0004232594767130671	0.0004959513762501366	7.269189953706956e-05
880.0260521042084	-0.0005317604622299132	-0.0012543828932727319	-0.0008930716777513226	0.0003613112155214093
882.0300601202404	0.00235048853025166	0.0012801643270230478	0.0018153264286373538	0.000535162101614306
884.0340681362726	0.00010814249745272342	-0.0007183249669495684	-0.0003050912347484225	0.0004132337322011459
886.0380761523046	0.0010824992474667283	-0.0010517026460452605	1.5398300710733892e-05	0.0010671009467559944
888.0420841683366	0.0021413654528468218	-0.0008468776300645242	0.0006472439113911488	0.001494121541455673
890.0460921843687	-0.0017659102883893496	-0.0006128675657843807	-0.0011893889270868652	-0.0005765213613024844
892.0501002004007	0.00030992553954045654	4.386652557619719e-05	0.00017689603255832687	0.00013302950698212967
894.0541082164328	-0.0012277056167127043	-0.0006927212654783688	-0.0009602134410955365	-0.00026749217561716776
896.0581162324648	-0.0007951347351802251	0.0003421539813890373	-0.00022649037689559393	-0.0005686443582846312
898.0621242484971	-0.0006207450335784515	-0.0009140190694201245	-0.000767382051499288	0.0001466370179208365
900.0661322645288	-0.0013387117628858025	-0.0008201996841263881	-0.0010794557235060953	-0.0002592560393797072
902.0701402805611	-0.0006714152793472206	-0.0005310442081272182	-0.0006012297437372194	-7.018553561000118e-05
904.0741482965932	-0.0008094580738438051	0.0013584067265040023	0.0002744743263300986	-0.0010839324001739037
906.0781563126252	-0.002446456463591762	0.001709512286355963	-0.0003684720886178994	-0.0020779843749738625
908.0821643286572	-0.0016515005390835835	0.00021700003499414144	-0.000717250252044721	-0.0009342502870388625
910.0861723446893	0.00039676103820052155	0.000372052750196028	0.0003844068941982748	1.235414400224677e-05
912.0901803607215	0.0006031985973464771	-0.0011883158920973358	-0.00029255864737542936	0.0008957572447219064
914.0941883767533	0.0007204731428918087	-0.00018334102734485214	0.0002685660577734783	0.00045190708511833044
916.0981963927856	-0.0018117445463887716	-0.0006311295985816923	-0.001221437072485232	-0.0005903074739035397
918.1022044088177	0.0007161763885628059	-0.0010176851948562327	-0.0001507544031467134	0.0008669307917095193
920.1062124248497	-0.0011777515000366279	0.0010055110561757452	-8.612022193044133e-05	-0.0010916312781061865
922.1102204408817	-8.486564711995825e-05	-0.000720113582550308	-0.0004024896148351331	0.00031762396771517487
924.1142284569138	0.0011390786993177304	0.0006832332009281128	0.0009111559501229216	0.00022792274919480882
926.1182364729457	0.00019945523075204363	-0.0005876234262789382	-0.00019408409776344726	0.0003935393285154909
928.1222444889778	6.481437000527279e-05	-0.000880180914104578	-0.0004076832720496526	0.0004724976420549254
930.12625250501	0.00044886409995514853	0.0005258534141678872	0.0004873587570615179	-3.8494657106369345e-05
932.1302605210421	0.0020231979192757432	0.0006255798863203932	0.0013243889027980682	0.000698809016477675
934.134268537074	0.0006015882834857766	-0.0006832310727344915	-4.082139462435741e-05	0.000642409678110134
936.1382765531062	0.0005980072649633961	-0.0011190245909622476	-0.00026050866299942577	0.0008585159279628218
938.1422845691383	0.0006631794709837102	0.00068752798345173	0.0006753537272177201	-1.2174256234009917e-05
940.1462925851702	0.0015721853063326297	0.001077307106998271	0.0013247462066654503	0.00024743909966717936
942.1503006012023	0.0002927359583944078	-0.0007063302734910959	-0.00020679715754834405	0.0004995331159427518
944.1543086172345	-0.0007625481850241922	-0.0014586726491991886	-0.0011106104171116904	0.0003480622320874982
946.1583166332666	-0.0006348905275517236	-0.002030358726889281	-0.0013326246272205022	0.0006977340996687786
948.1623246492985	0.0006991666524442941	-0.0014969887497855439	-0.0003989110486706249	0.001098077701114919
950.1663326653306	-0.000437941066851133	-0.0014395146194112751	-0.000938727843131204	0.0005007867762800711
952.1703406813626	0.0004605002268660563	0.0006646121308300224	0.0005625561788480393	-0.00010205595198198303
954.1743486973946	0.0017195385249719752	0.0014828421840682449	0.00160119035452011	0.00011834817045186519
956.1783567134268	-0.0002547781912296543	-0.0022027780947579956	-0.001228778142993825	0.0009739999517641706
958.182364729459	0.0002329366976503433	-0.0011152653983901306	-0.00044116435036989365	0.000674101048020237
960.1863727454908	0.00010044384859342337	-0.00022863855547750056	-6.40973534420386e-05	0.00016454120203546196
962.190380761523	0.0004393739457515533	-0.0006366801953310297	-9.86531247897382e-05	0.0005380270705412915
964.194388777555	-0.0026029429023541883	0.0018695772308123804	-0.000366682835770904	-0.0022362600665832844
966.1983967935871	-0.0011686198330553843	-0.0014772925005779314	-0.0013229561668166578	0.00015433633376127354
968.2024048096191	-0.0011922532095638427	-0.001027533461648078	-0.0011098933356059604	-8.235987395788236e-05
970.2064128256512	0.0006887851663737177	1.0205201063984148e-05	0.0003494951837188509	0.00033928998265486676
972.2104208416835	-0.0006787556561611563	-0.00045244503987373896	-0.0005656003480174476	-0.00011315530814370867
974.2144288577152	-0.0018054807531735495	-0.00023347367945825148	-0.0010194772163159005	-0.000786003536857649
976.2184368737475	-0.0008771384227306278	0.001863670669694173	0.0004932661234817726	-0.0013704045462124004
978.2224448897795	0.0002696428519859406	-0.0016497140395610455	-0.0006900355937875524	0.000959678445773493
980.2264529058116	-0.00044331452597390353	0.0013797148251448732	0.00046820014958548484	-0.0009115146755593884
982.2304609218436	0.00040464077785373753	-0.00044510246573747914	-2.0230843941870802e-05	0.00042487162179560833
984.2344689378757	-0.0010001387621834112	0.0015233081627599176	0.0002615847002882532	-0.0012617234624716644
986.2384769539077	-0.0008551148544917453	0.0003974771325343518	-0.00022881886097869675	-0.0006262959935130485
988.2424849699397	8.092775731638469e-05	-0.0019698425010155063	-0.0009444573718495608	0.0010253851291659455
990.2464929859719	7.842223470744258e-05	0.00010527861922904336	9.185042696824297e-05	-1.3428192260800387e-05
992.250501002004	0.00014645585021333396	0.0008347032920752451	0.0004905795711442895	-0.00034412372093095556
994.2545090180361	0.0007926274067866501	0.0002995405515724414	0.0005460839791795458	0.00024654342760710435
996.2585170340681	0.00042272414528232716	-0.0016223196495288583	-0.0005997977521232656	0.0010225218974055927
998.2625250501002	0.00019480094694701577	0.0002742958784365257	0.00023454841269177074	-3.974746574475496e-05
1000.2665330661322	-0.00124954940901989	-0.0006268336177222	-0.000938191513371045	-0.000311357895648845
1002.2705410821642	6.982724675941299e-05	0.0009020247068982634	0.0004859259768288382	-0.0004160987300694252
1004.2745490981964	0.0010309348543489083	0.0003093880953011219	0.0006701614748250151	0.0003607733795238932
1006.2785571142284	-0.0012128438953420417	6.373954787020075e-05	-0.0005745521737359205	-0.0006382917216061212
1008.2825651302604	0.001252055346801173	-0.00029094649572969367	0.0004805544255357397	0.0007715009212654333
1010.2865731462925	-9.847327752376955e-05	0.0008877007374699097	0.0003946137299730701	-0.0004930870074968396
1012.2905811623244	0.0008561886545384034	7.51979998514507e-05	0.00046569332719492706	0.00039049532734347636
1014.2945891783567	0.0004186061536599617	-0.0005210176325909366	-5.1205739465487454e-05	0.00046981189312544913
1016.2985971943887	0.0003378592487646159	0.00024009741665631523	0.0002889783327104656	4.888091605415035e-05
1018.3026052104209	0.0009680915438246007	-0.0004248724543385318	0.00027160954474303445	0.0006964819990815663
1020.3066132264527	-0.0004221876767795951	-0.0008486680508650313	-0.0006354278638223132	0.00021324018704271808
1022.3106212424849	0.0011523291786585954	0.0008576220985447858	0.0010049756386016906	0.00014735354005690482
1024.314629258517	-0.000687528673869453	-0.001789725257626662	-0.0012386269657480575	0.0005510982918786045
1026.3186372745488	0.00014609970245227366	0.0006477820863668438	0.0003969408944095587	-0.00025084119195728505
1028.322645290581	-0.0006674763063911904	-0.001122247467347126	-0.0008948618868691582	0.00022738558047796786
1030.326653306613	0.00026534390878185654	0.0012121282841375258	0.0007387360964596912	-0.00047339218767783464
1032.3306613226453	0.000261046132330911	-0.00025603373565763476	2.5061983366381213e-06	0.0002585399339942729
1034.3346693386773	-0.0005754462743700062	-0.00050239616135761	-0.0005389212178638081	-3.6525056506198084e-05
1036.3386773547095	-0.0018634897200844325	0.001103628166800208	-0.0003799307766421123	-0.0014835589434423202
1038.3426853707415	-0.003320011539649892	0.0017941988189342783	-0.0007629063603578068	-0.002557105179292085
1040.3466933867733	-0.0029078518691683097	0.0019481788705462133	-0.0004798364993110482	-0.0024280153698572615
1042.3507014028055	-7.537616900843425e-05	0.0010647757543547076	0.0004946997926731367	-0.0005700759616815709
1044.3547094188375	-0.0006377552151710653	0.001625004393426721	0.0004936245891278279	-0.0011313798042988932
1046.3587174348695	-0.0017630455255297495	8.468864951649557e-05	-0.000839178438006627	-0.0009238670875231225
1048.3627254509017	0.00033284423658908047	-0.00032496575757856583	3.939239505257319e-06	0.00032890499708382315
1050.3667334669337	-0.0007611160794644967	0.00016525945846490586	-0.0002979283104997954	-0.00046318776896470126
1052.370741482966	0.0007351556036914175	0.00015827348838204358	0.00044671454603673055	0.00028844105765468697
1054.3747494989977	-0.0001514700245950351	0.0008812538018552196	0.00036489188863009225	-0.0005163619132251274
1056.37875751503	-7.018608594266951e-05	0.0010330835266185723	0.0004814487203379514	-0.0005516348062806209
1058.382765531062	9.274523090985198e-05	-0.0005854725287188778	-0.0002463636489045129	0.0003391088798143649
1060.386773547094	0.00018620618927500665	0.0007426747444221338	0.0004644404668485702	-0.00027823427757356356
1062.3907815631262	-0.003859471403242276	0.0014108647658110929	-0.0012243033187155916	-0.0026351680845266845
1064.3947895791582	-0.0005888759737577853	0.0004739283593886423	-5.747380718457151e-05	-0.0005314021665732138
1066.3987975951904	-0.0004991746311291401	0.0013732683686082936	0.00043704686873957677	-0.0009362214998687168
1068.4028056112222	-0.0012135600177496375	-0.0009711342387979105	-0.001092347128273774	-0.0001212128894758635
1070.4068136272545	-0.0006051676188505439	0.0005596913364103173	-2.2738141220113306e-05	-0.0005824294776304306
1072.4108216432865	0.0014536591846752156	0.0007725752221283688	0.0011131172034017922	0.0003405419812734234
1074.4148296593185	2.4171298679931397e-05	0.000975254711539808	0.0004997130051098697	-0.0004755417064299383
1076.4188376753507	0.0016169495549585022	0.001322598051561652	0.0014697738032600771	0.00014717575169842512
1078.4228456913827	0.0018022565480371178	0.00041108511956133853	0.0011066708337992281	0.0006955857142378896
1080.426853707415	0.0003391119622839778	0.002150319874858697	0.0012447159185713375	-0.0009056039562873597
1082.4308617234467	5.6219596669571104e-05	0.0009804460223024059	0.0005183328094859885	-0.0004621132128164174
1084.434869739479	-0.0014746071012130546	-0.0002456486753670273	-0.0008601278882900409	-0.0006144792129230137
1086.438877755511	-0.0006884252070458174	-0.0003199509599314254	-0.0005041880834886214	-0.00018423712355719601
1088.442885771543	0.00016561554152039193	-0.000934072144932685	-0.0003842283017061465	0.0005498438432265385
1090.4468937875752	-0.0018819309801030304	0.0017995716307270815	-4.1179674687974455e-05	-0.001840751305415056
1092.4509018036072	0.0003007926482867518	0.00016185513684252584	0.0002313238925646388	6.946875572211297e-05
1094.4549098196392	0.0009630787808445618	0.0006085703989762159	0.0007858245899103888	0.00017725419093417294
1096.4589178356712	-0.001105776139702641	0.00023311575348294866	-0.0004363301931098462	-0.0006694459465927949
1098.4629258517034	-0.0010617304330555744	0.0001679425605225493	-0.0004468939362665125	-0.0006148364967890618
1100.4669338677354	-0.001223944096113927	0.0004322132111884702	-0.00039586544246272837	-0.0008280786536511986
1102.4709418837674	-3.527426100280451e-05	0.0004832418304032693	0.0002239837847002324	-0.0002592580457030369
1104.4749498997996	-0.0016692270598324122	0.00039407526560486517	-0.0006375758971137735	-0.0010316511627186387
1106.4789579158314	-0.001323494372870604	0.000281098396063717	-0.0005211979884034434	-0.0008022963844671605
1108.4829659318636	-0.0011150881034374116	0.0011283367494576702	6.624323010129274e-06	-0.0011217124264475409
1110.4869739478956	0.0003482432054620066	0.00020321438284232052	0.00027572879415216356	7.251441130984304e-05
1112.4909819639279	0.00037509907965094236	-0.00025549497071719607	5.9802054466873145e-05	0.0003152970251840692
1114.4949899799599	-9.954725930949593e-05	0.0012980707798453395	0.0005992617602679218	-0.0006988090195774177
1116.4989979959919	0.0002866493645514723	0.0010039003448691908	0.0006452748547103315	-0.00035862549015885925
1118.5030060120241	-0.0010445433598516018	0.0006144800911092041	-0.00021503163437119888	-0.000829511725480403
1120.507014028056	0.00028091997423440596	2.524612085808009e-05	0.00015308304754624302	0.00012783692668816293
1122.5110220440881	-0.00026104633474677286	0.0017256256687265825	0.0007322896669899048	-0.0009933360017366777
1124.5150300601201	0.0009926199901513222	-0.001512921670568268	-0.0002601508402084729	0.001252770830359795
1126.5190380761524	-0.00032048899680936493	-0.00016615332506142444	-0.0002433211609353947	-7.716783587397025e-05
1128.5230460921844	0.0006662236622811957	-0.0004782265308349576	9.399856572311904e-05	0.0005722250965580766
1130.5270541082164	-6.123124893453458e-05	0.0010287871138479066	0.000483777932456686	-0.0005450091813912206
1132.5310621242486	-0.0008341654792412001	0.001692503127149081	0.0004291688239539404	-0.0012633343031951405
1134.5350701402804	0.0013070218820709911	-0.0008726605683482269	0.0002171806568613821	0.001089841225209609
1136.5390781563126	3.205066487188546e-05	-0.001479800185047342	-0.0007238747600877282	0.0007559254249596137
1138.5430861723446	-0.0018819304821549032	0.0011464189375494094	-0.0003677557723027469	-0.0015141747098521563
1140.5470941883768	-0.000824139181232697	-0.0012087254699146843	-0.0010164323255736907	0.00019229314434099365
1142.5511022044088	0.0015643077217808443	-0.0006175232010636744	0.00047339226035858495	0.0010909154614222594
1144.5551102204408	-0.00037634843371092686	0.002382716978733157	0.001003184272511115	-0.001379532706222042
1146.559118236473	-5.639900368348272e-05	-0.0003088518107652316	-0.00018262540722435716	0.00012622640354087444
1148.5631262525048	0.000495593575244202	-0.000643483903966624	-7.394516436121101e-05	0.000569538739605413
1150.5671342685368	-0.000717966596941455	-0.001136214050791562	-0.0009270903238665085	0.00020912372692505343
1152.571142284569	-0.0019025218037773683	-0.0010721157570463546	-0.0014873187804118615	-0.00041520302336550685
1154.575150300601	-0.00024170893463582033	0.000645991139414992	0.00020214110238958582	-0.00044385003702540615
1156.5791583166333	-0.0006427677210030236	-0.00010885827222106848	-0.00037581299661204604	-0.00026695472439097756
1158.5831663326653	-0.001205861632011418	0.0004735702275568965	-0.00036614570222726073	-0.0008397159297841572
1160.5871743486975	-0.0003464502083019294	0.0010884093073306733	0.00037097954951437195	-0.0007174297578163014
1162.5911823647293	0.0012056846879242578	0.001171306052445864	0.001188495370185061	1.7189317739196852e-05
1164.5951903807613	-0.0020557835811747527	-0.0010173307839587142	-0.0015365571825667335	-0.0005192263986080192
1166.5991983967936	-0.001869039740945988	0.0016201684524752569	-0.00012443564423536557	-0.0017446040967106224
1168.6032064128256	0.0005983657947217225	-0.0003448378507520111	0.00012676397198485567	0.0004716018227368668
1170.6072144288578	0.0008665728918559878	0.0006997033196558533	0.0007831381057559206	8.343478610006727e-05
1172.6112224448898	0.0001768946097178148	-0.0019827327871693168	-0.000902919088725751	0.0010798136984435658
1174.615230460922	-2.5075844036770434e-06	-0.0020360880624852307	-0.0010192978234444539	0.0010167902390407768
1176.6192384769538	-0.0005521717730030407	-0.0010602981720257976	-0.0008062349725144191	0.00025406319951137846
1178.6232464929858	-0.0023959674190698887	-0.0011566240991991439	-0.0017762957591345163	-0.0006196716599353724
1180.6272545090178	-0.0017920529562214238	0.000996379758422039	-0.00039783659889969236	-0.0013942163573217314
1182.63126252505	-0.0017549894893256202	-0.0011068495135821976	-0.001430919501453909	-0.00032406998787171126
1184.635270541082	0.0007956721885737927	0.0015157879095588633	0.001155730049066328	-0.0003600578604925353
1186.6392785571143	-0.0005396369513093191	0.00024027800542292255	-0.00014967947294319828	-0.0003899574783661208
1188.6432865731465	0.00021843447848657327	-0.0005142150906392029	-0.00014789030607631481	0.0003663247845628881
1190.6472945891783	-0.001134781849418065	0.0017474691186714075	0.00030634363462667125	-0.0014411254840447363
1192.6513026052103	-0.0007781254879903887	0.0002699981882170466	-0.00025406364988667107	-0.0005240618381037176
1194.6553106212423	-0.0008117855646743166	-0.0012808804297463894	-0.001046332997210353	0.00023454743253603638
1196.6593186372745	0.0007770509428255412	-0.0007398096289696898	1.8620656927925694e-05	0.0007584302858976155
1198.6633266533065	-0.0007580717285042837	-0.0017102289219455002	-0.001234150325224892	0.00047607859672060826
1200.6673346693387	-0.0021558678403663656	0.000916883928656187	-0.0006194919558550893	-0.0015363758845112763
1202.671342685371	-6.946846098965231e-05	0.0004902227865606346	0.00021037716278549112	-0.00027984562377514344
1204.6753507014027	-0.0009460701330059607	-0.0008332722249924096	-0.0008896711789991851	-5.6398954006775526e-05
1206.6793587174348	0.00010026488421233104	-0.0009528724775231812	-0.00042630379665542506	0.0005265686808677561
1208.6833667334668	-0.0009577066379029553	-0.0002146769426523143	-0.0005861917902776348	-0.0003715148476253205
1210.6873747494988	-0.001294667741845501	0.0004957719278242401	-0.0003994479070106305	-0.0008952198348348706
1212.691382765531	-0.0008094579111572742	0.00012407688637861014	-0.000342690512389332	-0.00046676739876794215
1214.695390781563	-0.00013356722687607459	0.0011423001674200073	0.0005043664702719663	-0.0006379336971480409
1216.6993987975954	-0.00040857758315615555	-0.0008733772781090998	-0.0006409774306326277	0.00023239984747647213
1218.7034068136272	-0.0018355596355206227	0.000970776042651833	-0.00043239179643439485	-0.0014031678390862279
1220.7074148296592	-0.0010594047793837102	0.0004431340510506754	-0.00030813536416651743	-0.0007512694152171928
1222.7114228456912	-0.0014998503114018735	-0.001267807429592649	-0.0013838288704972612	-0.0001160214409046123
1224.7154308617232	0.0001657957621152839	-0.0006635369261291935	-0.0002488705820069548	0.0004146663441222387
1226.7194388777555	4.7804236287696256e-05	-0.0015872256618032488	-0.0007697107127577762	0.0008175149490454725
1228.7234468937875	-0.0009183165073918254	-0.00017206109420175864	-0.000545188800796792	-0.00037312770659503336
1230.72745490982	-0.0009559165213706144	-0.00096701616112016	-0.0009614663412453872	5.549819874772766e-06
1232.7314629258517	-0.0015148912482221277	7.537776748023362e-05	-0.0007197567403709471	-0.0007951345078511807
1234.7354709418837	0.0003505683574400731	-0.001106850702909279	-0.0003781411727346029	0.000728709530174676
1236.7394789579157	-0.0009847410150995994	0.001280880250027705	0.00014806961746405278	-0.0011328106325636522
1238.7434869739477	-0.00028951297055468395	-0.0020914116939623195	-0.0011904623322585017	0.0009009493617038178
1240.7474949899797	-0.0010321882520898384	-8.003037848069994e-05	-0.0005561093152852692	-0.00047607893680456925
1242.751503006012	9.149139262754069e-05	3.312393151255755e-05	6.230766207004912e-05	2.9183730557491572e-05
1244.755511022044	-0.0011503578324438823	0.0011295882594801743	-1.0384786481854036e-05	-0.0011399730459620283
1246.7595190380762	0.00021986742008994753	0.0015802418217640835	0.0009000546209270155	-0.000680187200837068
1248.7635270541082	-0.0010062280219735875	0.001725626510847622	0.0003596992444370173	-0.0013659272664106048
1250.7675350701402	0.0005981852162293411	-0.0009440979343746658	-0.00017295635907266238	0.0007711415753020034
1252.7715430861722	-0.00038762868298269915	-0.001145344257156955	-0.0007664864700698271	0.0003788577870871279
1254.7755511022042	-0.0023204103230132223	0.0014695934877397843	-0.000425408417636719	-0.0018950019053765033
1256.7795591182364	-0.0003670398252615392	0.0001890701119893201	-8.898485663610955e-05	-0.00027805496862542967
1258.7835671342684	-0.00023060909451344536	0.00038279485480230413	7.609288014442939e-05	-0.00030670197465787474
1260.7875751503007	-0.0011963712393407988	0.0008737341189171133	-0.00016131856021184277	-0.001035052679128956
1262.7915831663327	-0.002739732624658986	0.0015139971786080064	-0.0006128677230254898	-0.002126864901633496
1264.7955911823647	-0.0003220991352568259	0.00030634579690569375	-7.876669175566064e-06	-0.0003142224660812598
1266.7995991983967	-0.0017723579844504123	-0.0010203729645197335	-0.0013963654744850729	-0.0003759925099653394
1268.8036072144287	-0.002216026821696193	0.0003417965056109473	-0.0009371151580426229	-0.0012789116636535702
1270.8076152304604	-0.0019096825279480978	-0.0006277276455406433	-0.0012687050867443705	-0.0006409774412037272
1272.811623246493	0.0005421463819899053	0.0014445274537120412	0.0009933369178509732	-0.00045119053586106794
1274.815631262525	0.0004545933340016628	0.0017046791243988668	0.0010796362292002648	-0.000625042895198602
1276.8196392785571	0.0008176938709207882	0.00203053789954577	0.0014241158852332791	-0.000606422014312491
1278.8236472945891	-0.0003118943679343289	0.00019336684064841236	-5.926376364295827e-05	-0.00025263060429137063
1280.8276553106211	4.511877712265466e-05	-1.1101129279156297e-05	1.7008823921749183e-05	2.810995320090548e-05
1282.8316633266531	-0.0008264670730022683	-0.0009485756194054229	-0.0008875213462038456	6.10542732015773e-05
1284.835671342685	-0.0009482179305058125	-0.0008590537184529623	-0.0009036358244793874	-4.4582106026425095e-05
1286.8396793587174	0.00011888394595649387	-0.00036847438432330293	-0.00012479521918340453	0.0002436791651398984
1288.8436873747494	-0.001681045851386509	0.0011861654821345713	-0.00024744018462596884	-0.0014336056667605401
1290.8476953907816	-0.0006800072870922769	-0.0014720990329344374	-0.0010760531600133572	0.0003960458729210803
1292.8517034068136	-0.0008205604224258423	-3.025806826517652e-05	-0.0004254092453455094	-0.00039515117708033287
1294.8557114228456	-0.001495911301637065	-0.00048503122363152684	-0.000990471262634296	-0.0005054400390027691
1296.8597194388776	-0.0003410780995563023	0.00021574752796604812	-6.266528579512709e-05	-0.0002784128137611752
1298.8637274549094	-0.0013367415989924414	-0.0005482328442909523	-0.0009424872216416968	-0.00039425437735074453
1300.8677354709416	0.0002289962105157528	-0.00029703399974678746	-3.4018894615517326e-05	0.00026301510513127013
1302.8717434869739	-0.0020776251702423476	0.0003946144040802846	-0.0008415053830810315	-0.001236119787161316
1304.8757515030059	-0.00028700859749308805	3.7420412545507986e-05	-0.00012479409247379003	-0.00016221450501929802
1306.879759519038	-0.001851852668486087	0.0004542349868683626	-0.0006988088408088622	-0.0011530438276772248
1308.88376753507	-0.0011723817375441925	0.000416456891251471	-0.00037796242314636075	-0.0007944193143978318
1310.887775551102	-0.001457238572921904	-0.0020498730329963077	-0.0017535558029591058	0.0002963172300372019
1312.8917835671339	-0.0006352471753237054	-0.0014352177976246772	-0.0010352324864741913	0.00039998531115048586
1314.895791583166	-0.001236121928868128	0.00034268968187212145	-0.00044671612349800327	-0.0007894058053701247
1316.8997995991983	0.0005596909360248148	0.0009482178361790439	0.0007539543861019293	-0.00019426345007711454
1318.9038076152303	-0.0015609051897469417	0.0009364014679380528	-0.00031225186090444446	-0.0012486533288424972
1320.9078156312626	0.0003079558368754842	0.0014072854250033462	0.0008576206309394152	-0.000549664794063931
1322.9118236472946	-0.0007054328309263891	0.0004433127180194507	-0.0001310600564534692	-0.0005743727744729199
1324.9158316633266	0.00010044461640545954	-0.0009412336822187672	-0.00042039453290665385	0.0005208391493121134
1326.9198396793583	-0.0010092714404486003	-0.0018396783289622576	-0.001424474884705429	0.00041520344425682865
1328.9238476953906	-0.0018292943930753314	0.00061358438085235	-0.0006078550061114907	-0.0012214393869638407
1330.9278557114226	-3.168879692494464e-05	0.0009609297470027922	0.0004646204750389238	-0.0004963092719638684
1332.9318637274548	0.0016420109771915214	-0.0002175385141098829	0.0007122362315408193	0.0009297747456507022
1334.9358717434868	-0.0004379417390034668	-0.0010839335505687941	-0.0007609376447861305	0.0003229959057826637
1336.939879759519	0.0010008565933816715	0.000532834584442865	0.0007668455889122683	0.00023401100446940326
1338.943887775551	5.4607752643542895e-05	0.001180081243751685	0.0006173444981976139	-0.000562736745554071
1340.9478957915828	-6.248633291972006e-05	0.0002318626496984333	8.468815838935662e-05	-0.00014717449130907667
1342.951903807615	-0.0005249559486784072	0.0003598788473557768	-8.253855066131521e-05	-0.000442417398017092
1344.955911823647	-0.001429308930948281	0.0003740229656057359	-0.0005276429826712725	-0.0009016659482770084
1346.9599198396793	-0.0012645869075984528	0.0008262878675759922	-0.00021914952001123034	-0.0010454373875872225
1348.9639278557113	-0.001723654470610958	0.0001584529292022463	-0.0007826007707043559	-0.0009410536999066021
1350.9679358717435	-0.00021753835391380427	0.0007109839139702867	0.0002467227800282412	-0.0004642611339420455
1352.9719438877755	0.0005059781837895017	0.000212704771308303	0.00035934147754890233	0.00014663670624059932
1354.9759519038073	-0.0021841545708367605	0.0011195635388543401	-0.0005322955159912102	-0.0016518590548455503
1356.9799599198395	-0.0006307716791686957	-5.36333607747963e-07	-0.00031565400638822183	-0.00031511767278047387
1358.9839679358715	-0.0013575104343981348	1.7545684088959845e-05	-0.0006699823751545875	-0.0006875280592435473
1360.9879759519035	-0.0013297610314118025	-0.0015539213940916063	-0.0014418412127517044	0.00011208018133990194
1362.9919839679358	-0.0012721077020032556	4.06431940158658e-05	-0.0006157322539936949	-0.0006563754480095607
1364.995991983968	-0.0015709330798563403	0.000362027264900755	-0.0006044529074777927	-0.0009664801723785477
1367.0	-0.0014840059389196192	-0.00030016675651767244	-0.0008920863477186458	-0.0005919195912009734
1372.1777777777777	-0.001203532980297961	0.0008977273780410577	-0.00015290280112845167	-0.0010506301791695094
1377.3555555555556	-0.0006322043994992921	0.0015682457145029804	0.0004680206575018442	-0.0011002250570011363
1382.5333333333335	-0.0012916249268237756	0.0007505518454617999	-0.00027053654068098787	-0.0010210883861427877
1387.711111111111	-4.7445630869891176e-05	0.00040123877463260627	0.00017689657188135754	-0.00022434220275124872
1392.888888888889	5.729444691771057e-05	-0.00013929634453968553	-4.100094881098748e-05	9.829539572869805e-05
1398.0666666666666	-0.0005238815142913911	-0.00030401595933304826	-0.00041394873681221966	-0.0001099327774791714
1403.2444444444445	-0.002185411128442283	-8.486842502986036e-05	-0.0011351397767360716	-0.0010502713517062112
1408.4222222222222	-0.002124534476604545	0.0009034547190545084	-0.0006105398787750183	-0.0015139945978295266
1413.5999999999997	-0.0013868739445346279	-0.00012783980690889152	-0.0007573568757217597	-0.0006295170688128682
1418.777777777778	-0.001634491687945161	2.2379803346073146e-05	-0.0008060559422995439	-0.0008284357456456171
1423.9555555555555	-0.0012008466695605513	0.0006164475880936493	-0.000292199540733451	-0.0009086471288271003
1429.1333333333334	0.00019874088278637458	-0.0004178902612239632	-0.00010957468921879432	0.0003083155720051689
1434.3111111111111	0.0004166365115847448	-0.0003088496035275057	5.389345402861956e-05	0.00036274305755612524
1439.4888888888888	-0.0008529666454646367	0.0010620891238786179	0.00010456123920699056	-0.0009575278846716273
1444.6666666666667	-0.0006499305094964658	-0.00035307381635596435	-0.0005015021629262151	-0.00014842834657025072
1449.8444444444442	-0.0020183647236793334	0.002955479382155346	0.0004685573292380063	-0.0024869220529173397
1455.0222222222221	-0.0007659498981813506	4.010651939267973e-05	-0.00036292168939433544	-0.0004030282087870152
1460.2	-0.0004778688148425747	-0.001348737698147806	-0.0009133032564951904	0.0004354344416526157
1465.3777777777777	-0.0006581645247218937	0.0006502892760020806	-3.937624359906522e-06	-0.0006542269003619872
1470.5555555555557	-0.001661706644612737	-6.35603770018367e-05	-0.0008626335108072869	-0.0007990731338054502
1475.7333333333333	-0.0001530817693395914	0.0013612709216757057	0.0006040945761680572	-0.0007571763455076486
1480.9111111111113	-0.0012085455367036868	0.0007544906560801312	-0.0002270274403117778	-0.000981518096391909
1486.0888888888887	-0.0015682454997520967	-0.0002289970188196211	-0.0008986212592858589	-0.0006696242404662378
1491.2666666666667	0.0008039077280546092	0.0009969177925517325	0.0009004127603031709	-9.650503224856166e-05
1496.4444444444443	-0.0013764893053491711	0.00033266215559102363	-0.0005219135748790737	-0.0008545757304700974
1501.6222222222223	-0.0009478596088750013	-0.002030719324015662	-0.0014892894664453316	0.0005414298575703302
1506.8	-0.000579922500653085	-8.97013762071186e-05	-0.0003348119384301018	-0.0002451105622229832
1511.9777777777779	-0.0014959105178897758	-0.00026695335806881104	-0.0008814319379792934	-0.0006144785799104824
1517.1555555555558	-0.0017848892350427192	0.0006963012723550932	-0.000544293981343813	-0.0012405952536989062
1522.3333333333333	-0.0017616137410625399	-0.00011440790798911138	-0.0009380108245258256	-0.0008236029165367142
1527.5111111111112	-0.0006549419793264732	0.0013238549637644148	0.0003344564922189708	-0.000989398471545444
1532.6888888888889	-0.0006205649456332285	0.0010653110801037702	0.00022237306723527084	-0.0008429380128684993
1537.8666666666668	-0.0016087100024240186	0.0013362043947178215	-0.00013625280385309857	-0.00147245719857092
1543.0444444444445	-0.000903277268297531	0.00044420937022304763	-0.00022953394903724167	-0.0006737433192602893
1548.222222222222	0.0009283437286080609	-0.0013129291564191181	-0.0001922927139055286	0.0011206364425135895
1553.4000000000003	-0.0006533314636776311	-0.0007364076480054216	-0.0006948695558415263	4.153809216389526e-05
1558.5777777777778	0.0004818080847996953	-6.857357651979257e-05	0.00020661725413995136	0.0002751908306597439
1563.7555555555555	-0.0013080954995412508	0.001233614042651654	-3.724072844479842e-05	-0.0012708547710964524
1568.9333333333334	-7.501774931562011e-05	-0.00031135666548065544	-0.00019318720739813777	0.00011816945808251766
1574.111111111111	-0.0001776110734819092	0.0005088433849382845	0.00016561615572818766	-0.00034322722921009685
1579.288888888889	-0.0010160740555895664	0.0012620815501027671	0.00012300374725660035	-0.0011390778028461668
1584.4666666666665	-0.0002073328945237929	-0.001608532302973531	-0.0009079325987486619	0.0007005997042248691
1589.6444444444444	-0.0008558307275086108	0.0011100710735627572	0.00012712017302707324	-0.000982950900535684
1594.8222222222223	-0.0004069687151355694	-0.00044850359134684936	-0.0004277361532412094	2.0767438105639968e-05
1600.0	0.0008742722583512386	0.0015012843155253197	0.0011877782869382791	-0.0003135060285870406
