# time (ps)	 sum signal (V)	 MOKE (V)	 field up signal (V) 	 field down signal (V)
290.0	-0.009416806319628601	-0.002370362694905981	-0.005893584507267291	-0.00352322181236131
292.22222222222223	-0.008724799641906311	0.001688381062013966	-0.0035182092899461725	-0.005206590351960139
294.4444444444445	-0.009310094053876283	-0.0002644501309821967	-0.00478727209242924	-0.004522821961447043
296.6666666666667	-0.008484525496809447	-0.0003136870296579497	-0.004399106263233699	-0.004085419233575749
298.8888888888889	-0.008936789512257293	-0.000673566213804544	-0.004805177863030918	-0.004131611649226374
301.1111111111111	-0.009059255824494183	0.0001947958827217544	-0.0044322299708862145	-0.004627025853607969
303.3333333333333	-0.009846332170307615	0.0002760823961082126	-0.004785124887099701	-0.005061207283207914
305.5555555555555	-0.008783709010984242	0.0009491081372218213	-0.00391730043688121	-0.004866408574103032
307.77777777777777	-0.009654757917793466	0.00022702600356816482	-0.004713865957112651	-0.0049408919606808155
310.0	-0.00887967682942059	0.00017420774887400015	-0.004352734540273295	-0.0045269422891472955
310.5044247787611	-0.00947732363429954	-0.00022398443841842308	-0.004850654036358981	-0.004626669597940558
311.0088495575221	-0.008277012961428798	0.0016566912865129124	-0.0033101608374579428	-0.004966852123970855
311.5132743362832	-0.007289944804364401	0.0015297481404525914	-0.002880098331955905	-0.004409846472408496
312.01769911504425	-0.0033549220305693073	-0.00161282657335593	-0.0024838743019626186	-0.0008710477286066887
312.5221238938053	-0.00082825746095605	-0.0007634424359866943	-0.0007958499484713721	-3.240751248467788e-05
313.0265486725664	-0.002160342557892325	-4.3329457249607906e-05	-0.0011018360075709666	-0.0010585065503213587
313.53097345132744	-0.00031314832083861877	-0.0015256321631161862	-0.0009193902419774025	0.0006062419211387837
314.0353982300885	-0.00266703576710825	-0.0005557529993752697	-0.0016113943832417599	-0.0010556413838664902
314.5398230088495	-0.0010719344380467621	0.000281635324610896	-0.00039514955671793306	-0.0006767848813288291
315.04424778761063	-0.0010219818357163346	-0.0007419577673323241	-0.0008819698015243294	-0.00014001203419200525
315.54867256637175	0.0002751907184568303	-0.0005827876034039114	-0.00015379844247354058	0.00042898916093037087
316.05309734513276	-0.002260607958489591	-0.0002667744878718237	-0.0012636912231807074	-0.0009969167353088837
316.5575221238938	0.0013673573748902434	0.0005405330217049809	0.0009539451982976122	0.0004134121765926313
317.0619469026549	0.0010837516408119807	0.00024188789812029654	0.0006628197694661386	0.0004209318713458421
317.56637168141594	0.0017200735881742757	-0.0008184087861694556	0.00045083240100241007	0.0012692411871718656
318.070796460177	0.0023546060810167857	-0.0002612259023161423	0.0010466900893503217	0.001307915991666464
318.57522123893807	0.0018819317762607257	-0.00042773517245231485	0.0007270983019042054	0.0011548334743565203
319.07964601769913	0.0017446027324776736	-0.001902877225823163	-7.913724667274469e-05	0.0018237399791504183
319.58407079646014	0.0032061357292102466	0.0012094400677499229	0.0022077878984800847	0.0009983478307301619
320.08849557522126	0.002043066963497875	0.002054525178376565	0.00204879607093722	-5.729107439345071e-06
320.5929203539824	0.0018495218179708228	-0.00035844625284209286	0.000745537782564365	0.0011039840354064578
321.0973451327434	0.002819580892477802	0.001065309334512543	0.0019424451134951726	0.0008771357789826295
321.60176991150445	0.0010882273937088405	0.00015397625829927097	0.0006211018260040557	0.00046712556770478475
322.1061946902655	0.0016584826088061888	0.00027017684711228007	0.0009643297279592344	0.0006941528808469544
322.6106194690266	-0.0005430394447292208	-0.001327251973309851	-0.0009351457090195359	0.00039210626429031503
323.11504424778764	0.00034054140775297004	0.0006800073967522247	0.0005102744022525973	-0.0001697329944996273
323.6194690265487	0.0007131314704157399	0.00031028145834566256	0.0005117064643807012	0.00020142500603503866
324.12389380530976	-0.001070682514568544	0.0004973845261375676	-0.0002866489942154882	-0.0007840335203530557
324.62831858407077	-3.366013388372835e-05	-0.001266197918471823	-0.0006499290261777757	0.0006162688922940474
325.13274336283183	0.00048431405771343083	-0.0025673082722356133	-0.0010414971072610912	0.001525811164974522
325.6371681415929	-0.0006142984388195494	0.0012287771384942303	0.00030723934983734047	-0.0009215377886568898
326.14159292035396	0.00019658922873944107	-0.000860126792058935	-0.000331768781659747	0.0005283580103991881
326.646017699115	0.0003122529163677168	-0.000124255452758959	9.39987318043789e-05	0.0002182541845633379
327.1504424778761	-9.722039194792753e-05	-8.039151337035921e-05	-8.880595265914337e-05	-8.414439288784159e-06
327.65486725663715	-0.0022213984204946247	-0.0003557599491526009	-0.0012885791848236128	-0.0009328192356710119
328.1592920353982	-0.0013408582269723857	-0.0006769634647950662	-0.001008910845883726	-0.00033194738108865973
328.6637168141593	-0.0014225033257436737	0.0011507147810653207	-0.0001358942723391765	-0.0012866090534044972
329.16814159292034	-0.002512701352079705	-0.0001324918307855638	-0.0013225965914326343	-0.0011901047606470705
329.6725663716814	-0.0018470162868772233	0.0006137626517340733	-0.000616626817571575	-0.0012303894693056483
330.17699115044246	-0.00198237321545347	0.00029900390938519816	-0.000841684653034136	-0.0011406885624193341
330.6814159292035	-0.0026451937503263467	-0.0009181373005312521	-0.0017816655254287994	-0.0008635282248975473
331.1858407079646	-0.0011227831338004313	0.0013336976731118666	0.00010545726965571767	-0.001228240403456149
331.69026548672565	-0.001828036118960208	-0.0007881518327024217	-0.0013080939758313148	-0.0005199421431288931
332.1946902654867	-0.0014765733774896317	-1.844236593229187e-05	-0.0007475078717109618	-0.0007290655057786699
332.6991150442478	-0.002598283986555261	-0.0013285046954358837	-0.0019633943409955723	-0.0006348896455596886
333.20353982300884	-0.0029635324170707023	-0.0006792927549088557	-0.001821412585989779	-0.0011421198310809233
333.7079646017699	0.00013625247236503935	-7.143797330277923e-05	3.2407249531130056e-05	0.00010384522283390929
334.21238938053096	-0.00037455925122287237	-0.0005990794063553961	-0.00048681932878913425	0.00011226007756626188
334.716814159292	-0.0012250188549757235	-0.0023050093363171653	-0.0017650140956464444	0.0005399952406707209
335.2212389380531	-0.0006288004730994334	-0.001402630655997994	-0.0010157155645487137	0.00038691509144928027
335.72566371681415	-0.00031690633695624637	4.9773359930171956e-05	-0.0001335664885130372	-0.00018333984844320916
336.2300884955752	0.0002286393719864721	0.0012506213463189253	0.0007396303591526987	-0.0005109909871662266
336.7345132743363	0.000260687625682432	0.0008329117546391762	0.0005467996901608041	-0.0002861120644783721
337.23893805309734	0.0005007867159854129	7.072355841764022e-05	0.00028575513720152657	0.00021503157878388635
337.7433628318584	0.0011252906782354133	0.0012935917107973482	0.0012094411945163808	-8.415051628096748e-05
338.24778761061947	0.0011630689498028923	0.0012901896298683768	0.0012266292898356346	-6.356034003274225e-05
338.75221238938053	0.0014276967133739493	4.7268728052385356e-05	0.0007374827207131673	0.000690213992660782
339.2566371681416	0.0004895069361002813	-0.00014609966221346138	0.00017170363694340995	0.00031780329915687133
339.76106194690266	0.00044671609321700334	0.0006264756546651151	0.0005365958739410592	-8.987978072405589e-05
340.2654867256637	0.001121351185836228	0.0006912880322903492	0.0009063196090632886	0.00021503157677293938
340.7699115044248	0.0007442831971721242	-0.00012228704820083092	0.00031099807448564665	0.00043328512268647756
341.27433628318585	-0.0008751668649574773	6.767890099579343e-05	-0.00040374398198084194	-0.00047142288297663537
341.7787610619469	0.0024931849664688865	3.025924546995462e-05	0.0012617221059694206	0.001231462860499466
342.283185840708	0.001286966297663783	-0.0015841792654580633	-0.00014860648389714015	0.0014355727815609232
342.78761061946904	0.001910754660574554	-0.0004436699347662998	0.0007335423629041271	0.001177212297670427
343.2920353982301	0.0023927415822819764	-0.0003584460813526036	0.0010171477504646864	0.00137559383181729
343.79646017699116	0.004080765622431981	-0.00018799598423524522	0.001946384819098368	0.002134380803333613
344.3008849557522	0.0033869707096400026	-0.0005305064394388603	0.0014282321351005711	0.0019587385745394315
344.8053097345133	0.004426500784992515	0.0025239810922065287	0.003475240938599522	0.0009512598463929933
345.30973451327435	0.0021177294536492974	-0.0003745593254410595	0.000871585064104119	0.0012461443895451785
345.8141592920354	0.00217215969457607	-0.00042218528517179443	0.0008749872047021379	0.0012971724898739323
346.3185840707965	0.0034618105859791637	-0.00022541699143974192	0.0016181967972697109	0.0018436137887094528
346.82300884955754	0.0019531885804586757	9.328222855686796e-05	0.0010232354045077718	0.0009299531759509039
347.3274336283186	0.002696757260367555	-0.00028611138878331666	0.0012053229357921191	0.0014914343245754358
347.83185840707966	0.004038691729293942	0.0008345213236337079	0.002436606526463825	0.001602085202830117
348.3362831858407	0.004357210386512711	0.0004300623791734237	0.0023936363828430673	0.0019635740036696436
348.8407079646018	0.00366108592648684	5.980116541304259e-05	0.0018604435459499413	0.0018006423805368987
349.34513274336285	0.004463740744263256	-0.001642726465402311	0.0014105071394304725	0.0030532336048327835
349.8495575221239	0.003961164394598371	-0.0004647965903376017	0.0017481839021303847	0.0022129804924679863
350.353982300885	0.005545523803676233	0.0010268165768875237	0.0032861701902818785	0.002259353613394355
350.85840707964604	0.004757015315070001	-3.34810925461948e-05	0.002361767111261903	0.002395248203808098
351.3628318584071	0.005012509977846191	-0.0008708698354382705	0.0020708200712039604	0.002941689906642231
351.8672566371681	0.0033314685913087283	0.0013773846435410908	0.0023544266174249096	0.0009770419738838187
352.3716814159291	0.00418353651330039	0.0017671610994817177	0.002975348806391054	0.001208187706909336
352.87610619469024	0.00431835812505299	0.0017698471170815022	0.003044102621067246	0.001274255503985744
353.38053097345136	0.005622509689093613	-6.069664728958202e-05	0.0027809065209020156	0.0028416031681915976
353.88495575221236	0.0054352306464089395	-0.00011620012352797637	0.0026595152614404816	0.002775715384968458
354.38938053097337	0.0051892243158720985	0.00223249705118278	0.0037108606835274394	0.0014783636323446592
354.8938053097345	0.007654479644487511	0.0013102416117380944	0.0044823606281128026	0.003172119016374708
355.3982300884956	0.006696953891137225	-0.0011874189837817184	0.0027547674536777533	0.003942186437459472
355.9026548672566	0.005666736554742036	0.00026355117851140086	0.0029651438666267182	0.0027015926881153174
356.4070796460176	0.006500901201317855	-0.0009372949539235842	0.0027818031236971352	0.0037190980776207194
356.91150442477874	0.006196346079819115	0.000905600444722543	0.003550973262270829	0.002645372817548286
357.41592920353986	0.007309996628580118	0.0016013659702815985	0.004455681299430858	0.0028543153291492596
357.92035398230087	0.006229471059488012	0.00046855827469627354	0.003349014667092143	0.0028804563923958693
358.4247787610619	0.006991482437941343	0.0012996799134594728	0.004145581175700408	0.002845901262240935
358.929203539823	0.005022717066563653	0.0006733852304982024	0.002848051148530928	0.0021746659180327255
359.4336283185841	0.007532016316659118	-0.0007509104000981148	0.0033905529582805016	0.0041414633583786165
359.9380530973451	0.00548375362167941	-0.0009697000033366265	0.002257026809171392	0.0032267268125080184
360.4424778761061	0.006081224624253201	0.0006612094754194775	0.003371217049836339	0.0027100075744168617
360.94690265486724	0.007444284469460882	0.0017113018813965652	0.004577793175428724	0.0028664912940321585
361.45132743362836	0.0037323479107538304	-0.00038458513766381763	0.0016738813865450064	0.002058466524208824
361.95575221238937	0.006647715655019093	-0.0004832394148410746	0.003082238120089009	0.003565477534930084
362.4601769911504	0.005257979444924454	-2.989993328827989e-05	0.0026140397558180872	0.002643939689106367
362.9646017699115	0.005179379388509209	-0.0004322095896106548	0.002373584899449277	0.002805794489059932
363.4690265486726	0.006613339781825767	-0.0011055940637521022	0.002753872859036832	0.0038594669227889344
363.9734513274336	0.0052549354785171865	-0.0007809894657253569	0.002236973006395915	0.0030179624721212717
364.4778761061946	0.006888529779388253	-0.00015576770916092553	0.0033663810351136636	0.003522148744274589
364.98230088495575	0.006069762355646491	0.0005337313522706388	0.003301746853958565	0.002768015501687926
365.48672566371687	0.00711161621099321	-0.0014889269976572361	0.002811344606667987	0.004300271604325223
365.9911504424779	0.004789419448769983	0.00014789085398903	0.0024686551513795063	0.0023207642973904763
366.4955752212389	0.004137880252399695	-0.0006683692772360139	0.0017347554875818405	0.0024031247648178544
367.0	0.005120205802447542	-0.00027384783588435546	0.002423178983281593	0.0026970268191659486
369.00400801603206	0.005287345040030367	-0.0006730279945836859	0.0023071585227233404	0.0029801865173070263
371.0080160320642	0.005137304193852721	-0.0004778686628390538	0.0023297177655068335	0.0028075864283458873
373.0120240480962	0.003879699926093161	0.0017265194521215443	0.0028031096891073526	0.0010765902369858082
375.01603206412824	0.0025109111869979772	0.0010427495257997466	0.0017768303563988619	0.0007340808305991153
377.0200400801603	0.0027345355888451772	0.0003385720854763852	0.0015365538371607812	0.001197981751684396
379.0240480961923	0.003554020181695483	0.001796526482946259	0.002675273332320871	0.000878746849374612
381.0280561122245	3.321586339311011e-10	0.00015934873503054003	7.967453359458698e-05	-7.967420143595305e-05
383.03206412825654	-0.0001308800109188768	0.000987067151915988	0.00042809357049855556	-0.0005589735814174324
385.03607214428865	-0.0004925492772263063	0.0004957722360665606	1.611479420127182e-06	-0.0004941607566464334
387.04008016032066	-0.002467760647591244	-0.0004968470781546719	-0.001482303862872958	-0.000985456784718286
389.0440881763527	-0.0024163743436481644	-0.00039640307543720166	-0.001406388709542683	-0.0010099856341054814
391.0480961923848	-0.004031708777102461	-0.0005435774892930123	-0.0022876431331977365	-0.0017440656439047242
393.0521042084168	-0.004012730101178197	0.0008816099668919053	-0.0015655600671431458	-0.002447170034035051
395.0561122244489	-0.005765566122249655	0.0008758788412447371	-0.0024448436405024587	-0.003320722481747196
397.06012024048096	-0.003968863209224627	-0.0007023901719979131	-0.00233562669061127	-0.0016332365186133568
399.064128256513	-0.0039924972556028004	0.0007700671284219807	-0.0016112150635904099	-0.0023812821920123906
401.06813627254513	-0.0034410420143755616	7.60925254310596e-05	-0.001682474744472251	-0.0017585672699033106
403.07214428857714	-0.002521474634233578	0.0004588889448774447	-0.0010312928446780667	-0.0014901817895555114
405.0761523046092	-0.0017279524700211102	0.0002809198315751882	-0.000723516319222961	-0.0010044361507981492
407.08016032064126	-0.0008010425096567353	0.0006091060007573645	-9.596825444968538e-05	-0.0007050742552070499
409.08416833667326	-0.0007790198672844584	2.6676997085472998e-05	-0.0003761714350994927	-0.0004028484321849657
411.08817635270543	0.0024425160235959087	0.0003015107609309897	0.0013720133922634492	0.0010705026313324595
413.0921843687375	0.0014826603506666869	0.0005126028161072105	0.0009976315833869487	0.0004850287672797382
415.0961923847696	0.0015372704442151441	0.0006406179624967034	0.0010889442033559238	0.00044832624085922035
417.1002004008016	0.003704773623593116	0.00010133855386307289	0.0019030560887280945	0.0018017175348650216
419.10420841683367	0.0031590478213938677	-0.00040248883886406794	0.0013782794912649	0.0017807683301289678
421.10821643286573	0.0051689938369278154	0.0011734524291161508	0.003171223133021983	0.0019977707039058323
423.11222444889773	0.006208341677436668	-0.0006074963144432344	0.002800422681496717	0.0034079189959399514
425.11623246492985	0.008260182259093862	0.000783673106130256	0.004521927682612059	0.003738254576481803
427.1202404809619	0.00857834409218805	0.0004784060816467317	0.004528375086917391	0.004049969005270659
429.12424849699397	0.0068534365221005755	0.0014040616623641755	0.0041287490922323755	0.0027246874298682
431.1282565130261	0.00798034055000707	0.0009962008959648605	0.004488270722985965	0.003492069827021105
433.1322645290581	0.0064224802581220874	-0.0013326230829409091	0.002544928587590589	0.0038775516705314983
435.13627254509015	0.005204265846409761	0.0015295701759117097	0.0033669180111607355	0.0018373478352490258
437.1402805611222	0.005368986292860201	0.00047715011119764394	0.0029230682020289223	0.0024459180908312783
439.1442885771542	0.0030328224242611723	0.0010475849277048477	0.00204020367598301	0.0009926187482781623
441.1482965931864	0.0031860824690387313	-0.0013530342892539293	0.000916524089892401	0.0022695583791463303
443.15230460921845	0.0026333762830805796	0.0010366627071760615	0.0018350194951283205	0.0007983567879522591
445.15631262525056	0.00192042425876926	-0.0022566678414256414	-0.00016812179132819072	0.0020885460500974506
447.16032064128257	-0.00041018896678524097	0.0014944792462595613	0.0005421451397371602	-0.0009523341065224011
449.1643286573146	-0.0013822179448460536	-0.0003634585791413292	-0.0008728382619936914	-0.0005093796828523622
451.1683366733467	-0.0031633458803799197	-0.0008393561366133451	-0.0020013510084966324	-0.0011619948718832873
453.1723446893787	-0.0025429581984975913	0.0006021242111625691	-0.0009704169936675111	-0.0015725412048300802
455.17635270541086	-0.003530921906734874	-0.0003607723060153889	-0.0019458471063751315	-0.0015850748003597426
457.18036072144287	-0.0033153533066025975	-0.0002540617687329938	-0.0017847075376677957	-0.0015306457689348019
459.18436873747487	-0.004657106826958746	0.00019175671988502785	-0.002232675053536859	-0.0024244317734218868
461.18837675350704	-0.0030766867500812145	-0.0002485133402881923	-0.0016626000451847034	-0.0014140867048965111
463.1923847695391	-0.0030657643603309026	-0.00040983115417714266	-0.0017377977572540226	-0.00132796660307688
465.1963927855711	-0.0030620037982374004	6.802786763016044e-06	-0.0015276005057371922	-0.0015344032925002082
467.20040080160317	-0.003288494396410546	-0.001477647683927441	-0.0023830710401689936	-0.0009054233562415526
469.20440881763517	-0.0026283603542270884	-0.0011713043890183572	-0.0018998323716227228	-0.0007285279826043656
471.20841683366734	3.43769817682249e-05	-0.000805339909695113	-0.00038548146396344407	0.00041985844573166897
473.21242484969935	-0.00044868395094832536	-0.0005536028133157345	-0.0005011433821320299	5.245943118370455e-05
475.2164328657315	0.0010833937501222302	0.0008083818696655864	0.0009458878098939083	0.00013750594022832185
477.2204408817635	0.003915508222549602	0.002206712758280882	0.003061110490415242	0.0008543977321343599
479.2244488977956	0.0024099281678068296	0.0004211103522268056	0.0014155192600168176	0.000994408907790012
481.22845691382764	0.002244492447148194	0.0009979894147514878	0.001621240930949841	0.0006232515161983532
483.23246492985965	0.004101175346690744	-0.0010517042268841648	0.0015247355599032897	0.0025764397867874544
485.23647294589176	0.005094151013026016	0.0008876983946739525	0.002990924703849984	0.0021032263091760317
487.2404809619238	0.003999839221739743	0.0006789331487426775	0.00233938618524121	0.0016604530364985326
489.2444889779559	0.0048866420912763164	0.0005154667061033624	0.0027010543986898394	0.002185587692586477
491.248496993988	0.005776309773297461	0.001998485030748842	0.0038873974020231516	0.0018889123712743094
493.25250501002006	0.0059848962390433025	0.0004048170607958701	0.0031948566499195863	0.002790039589123716
495.256513026052	0.0056547383334262236	0.0008817881701943531	0.0032682632518102883	0.0023864750816159352
497.2605210420841	0.007145996826281142	-0.0007963875078197402	0.003174804659230701	0.003971192167050441
499.2645290581161	0.0063795098402053	0.0004828794191842345	0.003431194629694767	0.0029483152105105326
501.2685370741483	0.006334032416005275	0.0005390988373177308	0.003436565626661503	0.0028974667893437722
503.27254509018036	0.004758088802163107	-0.0008875210654147869	0.0019352838683741602	0.002822804933788947
505.2765531062125	0.0031132145580536896	0.0014205343138697923	0.002266874435961741	0.0008463401220919486
507.2805611222445	0.0033162495126553004	0.0008475944804295921	0.0020819219965424463	0.0012343275161128542
509.2845691382765	0.0010201908492113443	0.0006098228565341035	0.0008150068528727239	0.0002051839963386204
511.2885771543086	-0.0004728556706821152	0.00016597352918079622	-0.0001534410707506595	-0.0003194145999314557
513.2925851703407	0.00017510575611956458	0.0006506450572322242	0.0004128754066758944	-0.00023776965055632981
515.2965931863728	-0.0013532127378914627	-0.0005177943827279208	-0.0009355035603096917	-0.00041770917758177095
517.3006012024048	-0.0014849882966690986	0.0012296731501718616	-0.00012765757324861848	-0.0013573307234204801
519.3046092184369	-0.0008067722512747899	0.0006255787683109304	-9.059674148192975e-05	-0.0007161755097928602
521.3086172344689	-0.0012294939269013039	0.00135661508037499	6.356057673684301e-05	-0.0012930545036381469
523.3126252505009	-0.0031255667018004196	0.00010581631789041701	-0.0015098751919550013	-0.0016156915098454183
525.316633266533	-0.0008232430400334501	0.0018301853359448117	0.0005034711479556808	-0.0013267141879891309
527.3206412825651	-0.0024620330167935967	0.00018495312875288494	-0.0011385399440203559	-0.0013234930727732408
529.3246492985971	-0.0023413550009510065	0.001094494519926048	-0.0006234302405124792	-0.0017179247604385273
531.3286573146293	-0.0012815955755803854	0.0006653267636819171	-0.00030813440594923414	-0.0009734611696311513
533.3326653306613	-0.0004295260209270513	0.00045638115773605215	1.3427568404500434e-05	-0.0004429535893315517
535.3366733466934	-0.0026251391694693815	0.0004504740220694359	-0.0010873325736999728	-0.0015378065957694087
537.3406813627254	-0.0007292458129647406	0.002411898194457085	0.0008413261907461722	-0.0015705720037109128
539.3446893787575	-0.0007115199660855387	0.00033910790940228086	-0.00018620602834162892	-0.0005253139377439098
541.3486973947896	0.0012912633094059878	0.002407063039009616	0.0018491631742078019	-0.0005578998648018141
543.3527054108216	0.0021481688082928274	-0.0005382053801138431	0.0008049817140894922	0.0013431870942033353
545.3567134268537	0.001504148023078522	-0.00017850575924127643	0.0006628211319186228	0.0008413268911598992
547.3607214428857	0.0034292264900689373	-0.0011403302513152136	0.0011444481193768619	0.0022847783706920755
549.3647294589179	0.003238544821167477	5.8368644524020574e-05	0.001648456732845749	0.0015900880883217283
551.3687374749499	0.004031708108081067	0.0014993121267669052	0.002765510117423986	0.0012661979906570808
553.372745490982	0.004155426572104104	-4.207562054092673e-05	0.0020566754757815886	0.0020987510963225153
555.3767535070141	0.004394808692732233	-0.0001131546054776722	0.0021408270436272803	0.0022539816491049525
557.3807615230461	0.003363337458800908	-0.0007525193446356049	0.0013054090570826515	0.0020579284017182564
559.3847695390782	0.007161215816808286	0.0011199222345293913	0.004140569025668839	0.0030206467911394475
561.3887775551102	0.004894698684284049	-0.00018727920254268948	0.0023537097408706797	0.0025409889434133692
563.3927855711422	0.004381021435030941	0.00038261669764960704	0.002381819066340274	0.001999202368690667
565.3967935871743	0.0036612656830559143	-0.0010762310509164763	0.001292517316069719	0.0023687483669861953
567.4008016032064	0.004626311519347448	-0.0001498592081665695	0.0022382261555904392	0.0023880853637570087
569.4048096192386	0.004262853239950348	0.00046139601918893103	0.0023621246295696396	0.0019007286103807086
571.4088176352705	0.004403223319888405	-0.0005598694190606102	0.0019216769504138975	0.0024815463694745077
573.4128256513026	0.001867964635969277	8.289699077035362e-05	0.0009754308133698153	0.0008925338225994617
575.4168336673347	0.0012395207410877962	0.0007568175970396052	0.0009981691690637007	0.00024135157202409552
577.4208416833667	0.0004196795627825489	-0.0007666657644881392	-0.00017349310085279512	0.000593172663635344
579.4248496993988	-0.00023311509690115972	0.001254380155327195	0.0005106325292130176	-0.0007437476261141773
581.4288577154308	0.0007247695257666109	-7.842228114252059e-05	0.00032317362231204516	0.00040159590345456575
583.432865731463	-0.0007897609112738069	-0.0011969070537246607	-0.0009933339824992338	0.0002035730712254269
585.4368737474949	-0.0009697003656266023	0.0003190556163088498	-0.00032532237465887626	-0.0006443779909677261
587.440881763527	-0.0010980755651548435	-0.00019175613641442268	-0.0006449158507846331	-0.0004531597143702104
589.4448897795592	-0.00032621782777031427	0.0003265748397327517	1.7850598121871286e-07	-0.000326396333751533
591.4488977955912	-0.00024958659569340735	0.0007401667728462735	0.0002452900885764331	-0.0004948766842698404
593.4529058116232	-7.090214047289489e-05	0.0005432185403045908	0.00023615819991584797	-0.00030706034038874286
595.4569138276553	-0.00028288959595312857	-0.0003208467548715399	-0.00030186817541233424	1.897857945920567e-05
597.4609218436875	-0.0010295020260195908	0.0014452412671948078	0.0002078696205876085	-0.0012373716466071993
599.4649298597194	-0.0008846540630939037	6.35611569096417e-05	-0.000410546453092131	-0.0004741076100017727
601.4689378757514	0.0003591619320263417	-0.00019730583209798258	8.092804996417957e-05	0.00027823388206216215
603.4729458917835	-0.0001729562565422338	0.0014627882728532882	0.0006449160081555272	-0.000817872264697761
605.4769539078156	0.00047769007580567013	0.001715239642927413	0.0010964648593665416	-0.0006187747835608715
607.4809619238476	0.0021832609645645595	0.00033409651129934215	0.0012586787379319508	0.0009245822266326087
609.4849699398798	0.00023597969086408543	0.0009768636154420252	0.0006064216531530553	-0.00037044196228896986
611.4889779559118	0.0009813400873380784	-0.0008692581093537877	5.604098899214538e-05	0.000925299098345933
613.4929859719439	0.0012140951221584206	-0.000750013945771455	0.00023204058819348283	0.0009820545339649378
615.4969939879759	0.0012037098146691072	-0.001114904917267845	4.440244870063115e-05	0.001159307365968476
617.501002004008	0.0022530882586762058	0.0006971957698500564	0.001475142014263131	0.0007779462444130747
619.5050100200401	0.003771379571496536	0.0018953588771063457	0.0028333692243014408	0.0009380103471950951
621.5090180360721	0.0026190525828228006	0.000553962119492879	0.0015865073511578398	0.0010325452316649608
623.5130260521041	0.0019370744686850738	0.0007475068439353194	0.0013422906563101966	0.0005947838123748772
625.5170340681362	0.0011619943973196767	0.0002127046957954848	0.0006873495465575807	0.00047464485076209595
627.5210420841684	0.004381560119877448	0.0014420191290932527	0.0029117896244853503	0.0014697704953920976
629.5250501002004	0.004939461293477221	-0.0008887736607932073	0.0020253438163420068	0.002914117477135214
631.5290581162322	0.003966537183164642	-0.0012321800130136173	0.0013671785850755125	0.00259935859808913
633.5330661322645	0.0038524854848355217	0.000319951921550099	0.0020862187031928103	0.0017662667816427113
635.5370741482966	0.004090972509973256	7.860127479741852e-05	0.0020847868923853374	0.002006185617587919
637.5410821643286	0.0035842791493643222	0.0004728557454893867	0.0020285674474268545	0.0015557117019374678
639.5450901803607	0.0032209984074683673	-0.0011344211886056277	0.0010432886094313698	0.0021777097980369975
641.5490981963928	0.0012201837074836686	-0.0009480359020308526	0.00013607390272640796	0.0010841098047572606
643.5531062124248	0.002082279329957082	0.001788288217891676	0.001935283773924379	0.00014699555603270298
645.5571142284567	0.0007650531589953324	5.066959576782715e-05	0.0004078613773815798	0.00035719178161375265
647.561122244489	-0.00015827566419002181	0.0008078455150148933	0.00032478492541243575	-0.00048306058960245757
649.5651302605211	0.0007050745355677845	-0.0003849437961228608	0.00016006536972246188	0.0005450091658453227
651.5691382765531	7.51931381670623e-06	-0.0007963871994174365	-0.00039443394280036514	0.0004019532566170714
653.5731462925851	0.00042684033164896995	0.0008390002453941836	0.0006329202885215768	-0.00020607995687260683
655.5771543086172	-0.0012499053293326678	-0.0002010671300025635	-0.0007254862296676157	-0.0005244190996650522
657.5811623246493	-0.0008680043437774287	-7.448349840477597e-05	-0.00047124392109110236	-0.0003967604226863264
659.5851703406812	-0.000788507714114095	0.0006520784443699856	-6.82146348720547e-05	-0.0007202930792420403
661.5891783567133	-0.0019725252363151924	0.0012706726902333987	-0.00035092627304089685	-0.0016215989632742955
663.5931863727454	-0.0012633317765122776	0.00044581833094592405	-0.00040875672278317676	-0.0008545750537291008
665.5971943887776	0.0004030278440290136	-0.00023401127857058945	8.450828272921207e-05	0.0003185195612998015
667.6012024048096	-0.0001915763374057411	-4.762756558418513e-05	-0.00011960195149496311	-7.197438591077798e-05
669.6052104208417	-0.0006339935652502904	0.0005297898266655166	-5.2101869292386915e-05	-0.0005818916959579035
671.6092184368738	0.00037079888610735967	0.00018638400260628796	0.0002785914443568238	9.220744175053586e-05
673.6132264529057	0.0010359474655905476	-0.0002674912403750618	0.0003842281126077429	0.0006517193529828047
675.6172344689378	0.0013412165954360677	-0.0009140180838880241	0.00021359925577402183	0.001127617339662046
677.6212424849699	0.000119064918856715	0.0012359411809421683	0.0006775030498994417	-0.0005584381310427267
679.625250501002	-0.0016253599509343797	-0.00046479854744063687	-0.0010450792491875083	-0.0005802807017468714
681.629258517034	0.0012524134257265729	0.0009727464720434842	0.0011125799488850285	0.00013983347684154435
683.633266533066	0.0017693089481659596	8.844814539832324e-05	0.0009288785467821414	0.0008404304013838182
685.6372745490982	0.002901225219260284	0.00020232114439211468	0.0015517731818261993	0.0013494520374340846
687.6412825651302	0.0016065596578392904	0.0011414022273951163	0.0013739809426172034	0.00023257871522208706
689.6452905811624	0.002113432799719317	-7.163268669674316e-06	0.0010531347655248213	0.0010602980341944956
691.6492985971942	0.00036900951084706257	6.570901351454772e-05	0.00021735926218080515	0.00015165024866625743
693.6533066132264	0.0023105587959146856	0.0010970012007929242	0.001703779998353805	0.0006067787975608807
695.6573146292585	0.0017924069519370533	0.00027626553728477	0.0010343362446109117	0.0007580707073261417
697.6613226452905	0.0020117340101900583	-0.0013671782259202514	0.00032227789213490343	0.0016894561180551548
699.6653306613226	0.0022532652985095547	0.0006744575397498176	0.0014638614191296861	0.0007894038793798686
701.6693386773546	0.0016203462420397718	-0.0026032958165208564	-0.0004914747872405423	0.002111821029280314
703.6733466933869	0.00341973589365141	0.0012554541738081237	0.002337595033729767	0.001082140859921643
705.6773547094186	0.0027381149525708137	-0.00025155653619701734	0.0012432792081868982	0.0014948357443839155
707.6813627254509	0.00224699788176419	-8.450946598104192e-05	0.001081244207891574	0.001165753673872616
709.685370741483	0.002937034801393068	-0.0008397147968999263	0.0010486600022465709	0.0018883747991464972
711.689378757515	0.001460282723208195	-0.0004282723595097071	0.0005160051818492439	0.000944277541358951
713.693386773547	0.0025975697186838564	0.002513060529981348	0.002555315124332602	4.2254594351254227e-05
715.6973947895791	0.0023367007708194887	-5.6041513366578144e-05	0.0011403296287264553	0.0011963711420930334
717.7014028056113	0.00029434785322346446	0.0005607650919671192	0.00042755647259529184	-0.00013320861937182737
719.7054108216431	0.0004556667716089091	-0.00029058825232697316	8.253925964096798e-05	0.00037312751196794114
721.7094188376753	0.0009002305692860091	-4.8342821541424996e-05	0.00042594387387229204	0.00047428669541371704
723.7134268537075	-0.0006631788249927828	-0.0009550192718114081	-0.0008090990484020955	0.00014592022340931265
725.7174348697395	0.001244712813717963	0.0002298928909402198	0.0007373028523290914	0.0005074099613888716
727.7214428857715	0.0007867192636058506	-0.00010527808681148887	0.0003407205883971809	0.00044599867520866976
729.7254509018036	-7.054254845328956e-05	0.0022999968520562852	0.0011147271518014978	-0.0011852697002547874
731.7294589178358	-0.00036793389775646723	-0.00035862555122823103	-0.00036327972449234913	-4.6541732641181e-06
733.7334669338676	0.00043167305368596587	0.0002272070826041528	0.00032944006814505933	0.00010223298554090654
735.7374749498998	-4.3506312736862895e-05	0.0008341642377880376	0.00039532896252558736	-0.00043883527526245025
737.7414829659318	0.0011254697834930383	0.00034913600865826844	0.0007373028960756534	0.0003881668874173849
739.7454909819639	0.0003283665488144072	-0.0002227300735592186	5.28182376275943e-05	0.0002755483111868129
741.7494989979959	0.00043561427416372034	-0.0005759853490021616	-7.018553741922062e-05	0.000505799811582941
743.753507014028	0.0007666648063977544	-0.0002592565525334489	0.0002537041269321527	0.0005129606794656016
745.7575150300601	0.0019374320974571146	0.0003550449174080095	0.001146238507432562	0.0007911935900245526
747.7615230460921	0.0007544904027551036	0.00034090029001554445	0.000547695346385324	0.00020679505636977957
749.7655310621243	0.0015798830186000146	-0.0014570576999883844	6.141265930581508e-05	0.0015184703592941995
751.7695390781563	0.0021225651619067865	-0.00013947426290328302	0.0009915454495017517	0.0011310197124050347
753.7735470941884	0.001624107311548717	0.0003389309575027033	0.0009815191345257102	0.0006425881770230069
755.7775551102204	0.002077803660799904	0.000826286804223364	0.001452045232511634	0.00062575842828827
757.7815631262524	0.0022407330397903324	0.0006655064522022025	0.0014531197459962675	0.000787613293794065
759.7855711422845	0.002441977469958001	0.0011474916933553736	0.0017947345816566873	0.0006472428883013137
761.7895791583165	0.0002862918922924562	-0.00038798786197313806	-5.084798484034092e-05	0.00033713987713279714
763.7935871743488	0.003052337863734378	-0.0011125776067935078	0.000969880128470435	0.002082457735263943
765.7975951903805	0.002313602892603961	0.0004998921559092873	0.001406747524256624	0.0009068553683473368
767.8016032064128	0.0022815548908443617	0.0007940596810371847	0.0015378072859407732	0.0007437476049035885
769.8056112224449	0.001680505745258909	0.0003416155474667004	0.0010110606463628047	0.0006694450988961043
771.8096192384769	0.003445699946670211	0.0011449860336475437	0.0022953429901588773	0.0011503569565113336
773.8136272545089	0.003677919101873983	0.0016769260442882628	0.002677422573081123	0.0010004965287928602
775.817635270541	0.0013251016823783157	0.0012069345240732776	0.0012660181032257967	5.908357915251905e-05
777.8216432865732	-3.7777626552659704e-05	5.818939199386808e-05	1.0205882720604187e-05	-4.798350927326389e-05
779.825651302605	0.0010404231948835108	0.0017548083754606036	0.0013976157851720572	-0.00035719259028854644
781.8296593186373	0.0002327577041001394	0.0006316658347043091	0.0004322117694022243	-0.00019945406530208487
783.8336673346694	0.0014221446907115576	0.00025298859802103113	0.0008375666443662944	0.0005845780463452632
785.8376753507014	-0.000508843111263646	0.0019440569523407891	0.0007176069205385716	-0.0012264500318022176
787.8416833667334	-7.967472837722145e-05	-0.0001394738752994451	-0.00010957430183833328	2.9899573461111828e-05
789.8456913827655	0.0007632649092175203	0.0004968480090583594	0.0006300564591379398	0.0001332084500795805
791.8496993987977	0.0006732057021235915	0.0004687370751655928	0.0005709713886445922	0.00010223431347899936
793.8537074148295	0.0003849448345770723	0.00021270432826725472	0.0002988245814221635	8.612025315490879e-05
795.8577154308617	0.0001203173909105626	-0.001803685279472944	-0.0008416839442811908	0.0009620013351917533
797.8617234468937	0.0013709375043651217	0.0008785686170647011	0.0011247530607149114	0.0002461844436502103
799.8657314629259	-0.000608032598632513	0.0015773745853070453	0.00048467099333726615	-0.0010927035919697792
801.8697394789579	-0.0015814940346438044	0.0007664872769063136	-0.00040750337886874544	-0.001173990655775059
803.8737474949899	0.0009566317701587002	0.0011077431103764246	0.0010321874402675624	-7.555567010886222e-05
805.877755511022	-0.0020081543967215287	0.0003570122742729831	-0.0008255710612242728	-0.001182583335497256
807.881763527054	0.00022488005679233147	0.0004232585087986518	0.00032406928279549163	-9.918922600316016e-05
809.8857715430862	-0.0006368588021732347	-0.0011242158675461855	-0.0008805373348597101	0.00024367853268647544
811.8897795591182	-0.0023712543251536156	0.0008765966486398158	-0.0007473288382568999	-0.0016239254868967157
813.8937875751503	0.00047357035058170904	0.0016104972007605634	0.0010420337756711362	-0.0005684634250894272
815.8977955911823	0.0007247688695803944	-0.0008554713555635196	-6.535124299156259e-05	0.000790120112571957
817.9018036072143	0.0015093397131197284	0.001838779269171087	0.0016740594911454076	-0.00016471977802567928
819.9058116232464	0.001464757064895017	-0.00014556229103990237	0.0006595973869275573	0.0008051596779674597
821.9098196392785	-0.0014574163319548417	0.0004318530335646331	-0.0005127816491951043	-0.0009446346827597374
823.9138276553107	0.0014352154974129894	-0.0010004954308789893	0.00021736003326700004	0.0012178554641459893
825.9178356713425	0.0020781617574503475	-5.138541440463662e-05	0.0010133881715228554	0.001064773585927492
827.9218436873747	0.00018871257046448875	0.00031260947386768656	0.00025066102216608765	-6.19484517015989e-05
829.9258517034068	0.002354066894114326	0.002298922227727984	0.002326494560921155	2.7572333193170984e-05
831.9298597194388	0.0009278044857287115	0.00034519504143804003	0.0006364997635833758	0.00029130472214533576
833.9338677354708	0.001255992193983424	0.0006640735283602872	0.0009600328611718556	0.0002959593328115684
835.9378757515029	0.0026786735301564946	0.0002683860299903529	0.0014735297800734237	0.0012051437500830708
837.9418837675352	0.0021884525049081782	0.00018996560746498137	0.0011892090561865798	0.0009992434487215984
839.9458917835669	0.0004728544913518151	0.0005018594808433585	0.0004873569860975868	-1.4502494745771699e-05
841.9498997995992	0.0005895927000176826	0.00012085429389729896	0.0003552234969574908	0.00023436920306019182
843.9539078156313	0.00254761771918921	0.0007099076027647921	0.0016287626609770012	0.000918855058212209
845.9579158316633	0.001849879817328648	-0.0010975393739297568	0.0003761702216994456	0.0014737095956292023
847.9619238476953	0.00108267628624803	-0.0008656756425550194	0.00010850032184650527	0.0009741759644015247
849.9659318637274	0.0010146405138606873	-0.0011532203705773014	-6.928992835830705e-05	0.0010839304422189944
851.9699398797596	-0.0004232578704580492	0.0016801466607679894	0.0006284443951549701	-0.0010517022656130193
853.9739478957914	0.0008355977504082013	0.0005380262420884296	0.0006868119962483155	0.00014878575415988582
855.9779559118236	0.0011913569962462844	-0.0005539622818406809	0.0003186973572028018	0.0008726596390434826
857.9819639278556	0.0016575872399114955	0.0006141191092360332	0.0011358531745737643	0.0005217340653377311
859.9859719438879	0.0007211882925574065	0.0003602358256676874	0.0005407120591125469	0.00018047623344485952
861.9899799599198	0.0022128015570416215	-0.0011535799966356786	0.0005296107802029715	0.00168319077683865
863.9939879759518	0.0015650221557038657	-0.0006404393625881744	0.0004622913965578457	0.00110273075914602
865.9979959919841	0.0010144632267375941	-0.0002950639473467964	0.00035969963969539887	0.0006547635870421953
868.0020040080159	0.0013945731278175444	-0.0004914747517230644	0.00045154918804724	0.0009430239397703044
870.0060120240481	0.0010884067196534897	0.000588157675804668	0.0008382821977290789	0.0002501245219244108
872.0100200400801	0.0008726602728755806	-0.0013965391788867132	-0.0002619394530055663	0.0011345997258811469
874.0140280561124	3.527062570984896e-05	0.0004893254049347373	0.00026229801532229313	-0.00022702738961244417
876.0180360721442	-0.0009736394058248443	0.001030216407502449	2.82885008388023e-05	-0.0010019279066636466
878.0220440881762	8.433075955260882e-05	-0.0007725735131793865	-0.00034412137681338884	0.00042845213636599766
880.0260521042084	0.0011514314189227104	0.0006454519854230956	0.000898441702172903	0.0002529897167498074
882.0300601202404	0.00030294361013294413	0.00033767793957295567	0.0003203107748529499	-1.7367164720005768e-05
884.0340681362726	-4.601541007265286e-05	-0.0008663930703666223	-0.00045620424021963757	0.0004101888301469847
886.0380761523046	0.0005971110318766515	0.0004542339405079199	0.0005256724861922857	7.14385456843658e-05
888.0420841683366	0.0009107964297947468	0.0001606025669353972	0.000535699498365072	0.0003750969314296748
890.0460921843687	0.0011881344635136237	-0.0011172315185656867	3.5451472473968515e-05	0.0011526829910396552
892.0501002004007	0.0015361954343769968	0.0010209070231147477	0.0012785512287458722	0.00025764420563112456
894.0541082164328	0.002109672860125422	0.0018020761670901608	0.0019558745136077915	0.0001537983465176307
896.0581162324648	0.0016577667119151984	-0.0010031816081720324	0.000327292551871583	0.0013304741600436154
898.0621242484971	0.0007466129440674152	0.00047195965039237286	0.000609286297229894	0.00013732664683752116
900.0661322645288	0.0016368184905736216	-0.0004604992085929238	0.0005881596409903489	0.0010486588495832727
902.0701402805611	0.001922391818625968	-0.00033176894114106403	0.000795311438742452	0.001127080379883516
904.0741482965932	0.0022049233229978205	0.0004359712539877547	0.0013204472884927876	0.0008844760345050329
906.0781563126252	0.0021084200410065312	-0.0013460499314464913	0.00038118505478001996	0.0017272349862265113
908.0821643286572	0.0021479881525031663	0.0002837851967015803	0.0012158866746023733	0.000932101477900793
910.0861723446893	0.002190241062372311	-0.0007636223474029036	0.0007133093574847038	0.0014769317048876074
912.0901803607215	0.002088902870853393	0.0003654277153931629	0.001227165293123278	0.0008617375777301151
914.0941883767533	0.00020679572942172708	-0.0003088490579615799	-5.1026664269926414e-05	0.0002578223936916535
916.0981963927856	0.0015985026626810228	2.793173390069903e-05	0.0008132171982908609	0.0007852854643901619
918.1022044088177	0.003000950835177485	0.00035146327513990716	0.001676207055158696	0.001324743780018789
920.1062124248497	0.0007403452952778888	0.0022393007264704945	0.0014898230108741917	-0.0007494777155963028
922.1102204408817	0.002184156006134086	-0.0005874428501250195	0.0007983565780045332	0.0013857994281295527
924.1142284569138	0.00025907675955072484	-0.0013251019139750575	-0.0005330125772121663	0.0007920893367628912
926.1182364729457	0.0010339778341259542	0.00013553664383270103	0.0005847572389793276	0.0004492205951466266
928.1222444889778	0.0023778811660977173	0.002284776299560809	0.002331328732829263	4.655243326845415e-05
930.12625250501	0.0013070205649317046	-0.0009965589894154192	0.0001552307877581427	0.001151789777173562
932.1302605210421	-9.507326322844012e-05	0.0017254459027787883	0.0008151863197751741	-0.0009102595830036142
934.134268537074	0.0005865478291029458	0.00037885581429986104	0.0004827018217014034	0.00010384600740154237
936.1382765531062	-0.0004382986889520657	-0.000440805467732841	-0.00043955207834245336	1.2533893903876603e-06
938.1422845691383	-0.0021621319405999984	0.0009944094199221265	-0.0005838612603389359	-0.0015782706802610624
940.1462925851702	4.189714922986365e-05	-0.0005095572462533449	-0.0002338300485117406	0.00027572719774160426
942.1503006012023	0.00020339351998654998	-7.98531490466825e-05	6.177018546993374e-05	0.00014162333451661624
944.1543086172345	-0.0007577126961954006	-7.340720139781265e-05	-0.0004155599487966066	-0.000342152747398794
946.1583166332666	-3.4912738482661965e-05	0.0007088327662623239	0.000336960013889831	-0.00037187275237249295
948.1623246492985	-0.00028826017154237604	0.0005990809613389825	0.00015541039489830322	-0.00044367056644067926
950.1663326653306	0.001071756710278593	-3.007952372391376e-05	0.0005208385932773396	0.0005509181170012534
952.1703406813626	0.0005876202130707942	0.0008780310085938492	0.0007328256108323217	-0.00014520539776152752
954.1743486973946	0.0017435278201396454	-0.0007494770195772826	0.0004970254002811814	0.001246502419858464
956.1783567134268	-0.00028593138613641766	-0.00022684823672347587	-0.00025638981142994677	-2.9541574706470897e-05
958.182364729459	-6.946836267107681e-05	-0.0001500387823804017	-0.00010975357252573925	4.028520985466244e-05
960.1863727454908	0.001456164622565037	-0.0006325622792824337	0.0004118011716413017	0.0010443634509237354
962.190380761523	0.0011539373008446763	0.001017146916736822	0.001085542108790749	6.839519205392719e-05
964.194388777555	0.0019179157614627185	-0.00028682715328820496	0.0008155443040872568	0.0011023714573754617
966.1983967935871	0.001250085588060612	0.0005926355074887812	0.0009213605477746967	0.0003287250402859154
968.2024048096191	0.0019043088944828979	0.0011852691148596106	0.0015447890046712542	0.0003595198898116436
970.2064128256512	0.0005709714391849419	-0.00031028228997420637	0.00013034457460536775	0.0004406268645795741
972.2104208416835	0.0010393492606894927	0.0003443029538736653	0.000691826107281579	0.00034752315340791373
974.2144288577152	-0.00022631062179379047	0.0007555660403452125	0.000264627709275711	-0.0004909383310695015
976.2184368737475	0.00015361973598582157	0.000954661128723111	0.0005541404323544663	-0.00040052069636864474
978.2224448897795	0.0028441093250386462	0.0015736173769966832	0.0022088633510176647	0.0006352459740209815
980.2264529058116	0.0005614816766323916	0.0012658390941893138	0.0009136603854108527	-0.00035217870877846114
982.2304609218436	0.0008509945448380574	-0.00016883968423830886	0.00034107743029987425	0.0005099171145381831
984.2344689378757	-0.0001452042995485625	-0.0002619411576468833	-0.0002035727285977229	5.83684290491604e-05
986.2384769539077	-0.0005312235077222782	0.0013236692393955307	0.00039622286583662625	-0.0009274463735589045
988.2424849699397	0.000807666715725408	-0.001139255942860351	-0.0001657946135674715	0.0009734613292928795
990.2464929859719	0.0005099155899646046	0.00035558136681679287	0.00043274847839069874	7.716711157390588e-05
992.250501002004	-0.00010456060835795089	0.0008135750256695884	0.00035450720865581875	-0.00045906781701376964
994.2545090180361	-0.0007868966847222048	-0.0005194064583962099	-0.0006531515715592073	-0.00013374511316299742
996.2585170340681	0.00016185589101513909	0.0015161425016451124	0.0008389991963301258	-0.0006771433053149867
998.2625250501002	0.0005399969074113553	0.00044510326861790794	0.0004925500880146316	4.744681939672368e-05
1000.2665330661322	0.0019499667213567218	0.0009759675416736169	0.0014629671315151693	0.00048699958984155245
1002.2705410821642	0.0008144703621597582	0.0005641670256979481	0.0006893186939288531	0.00012515166823090507
1004.2745490981964	-0.000292019888345485	0.001003897962783884	0.0003559390372191995	-0.0006479589255646845
1006.2785571142284	0.00033588639155679445	0.0005167192347170779	0.0004263028131369362	-9.041642158014174e-05
1008.2825651302604	0.000393717493319401	-0.001093778718634586	-0.0003500306126575925	0.0007437481059769935
1010.2865731462925	0.00017277766917211945	0.00046497661987465744	0.00031887714452338844	-0.000146099475351269
1012.2905811623244	-0.00043543506862175896	-0.0003870917225679005	-0.0004112633955948297	-2.417167302692924e-05
1014.2945891783567	-3.383987647465059e-05	-0.0009630762386118041	-0.0004984580575432274	0.0004646181810685768
1016.2985971943887	0.000799608327433865	0.0022391203926547254	0.0015193643600442952	-0.0007197560326104302
1018.3026052104209	0.0018633082801313705	0.00031386394605470436	0.0010885861130930374	0.0007747221670383331
1020.3066132264527	0.0006411550007247024	0.00028629107241584517	0.0004637230365702738	0.00017743196415442863
1022.3106212424849	-0.0009510805715503556	0.0001339240616450299	-0.00040857825495266287	-0.0005425023165976928
1024.314629258517	0.002231602181879566	-0.0007455382409078393	0.0007430319704858634	0.0014885702113937027
1026.3186372745488	0.001768416032034037	-0.0003360655674747859	0.0007161752322796255	0.0010522407997544114
1028.322645290581	0.0012987840524316674	-0.002391309180789447	-0.0005462625641788899	0.0018450466166105572
1030.326653306613	0.0008819699136239922	0.0008730166068495748	0.0008774932602367835	4.476653387208707e-06
1032.3306613226453	0.0013580468404927881	0.0017916916393989624	0.0015748692399458752	-0.00021682239945308712
1034.3346693386773	-1.5755401889805398e-05	-0.0004014150561264529	-0.00020858522900812915	0.00019282982711832375
1036.3386773547095	0.0025130571873458463	-0.0017589250597286332	0.0003770660638086065	0.0021359911235372397
1038.3426853707415	0.0012901902817354927	0.0006775024471472602	0.0009838463644413764	0.00030634391729411625
1040.3466933867733	-7.698756072782587e-05	0.0006535106733880358	0.000288261556330105	-0.00036524911705793084
1042.3507014028055	4.565655798693946e-05	0.0003740217299892379	0.00020983914398808867	-0.0001641825860011492
1044.3547094188375	0.0012398769270546284	-0.00023365113286077932	0.0005031128970969245	0.0007367640299577038
1046.3587174348695	0.001783992595616457	0.0005185102444835721	0.0011512514200500146	0.0006327411755664425
1048.3627254509017	0.0024740263966013254	9.417769761410621e-05	0.0012841020471077158	0.0011899243494936096
1050.3667334669337	0.002651637934444784	-0.00011637830850674824	0.0012676298129690178	0.001384008121475766
1052.370741482966	0.000919211835697431	-7.734696847727651e-05	0.00042093243361007726	0.0004982794020873538
1054.3747494989977	9.865333446623659e-05	-0.0018224872077166054	-0.0008619169366251844	0.000960570271091421
1056.37875751503	-0.0009585999410994805	0.0008357760940083114	-6.141192354558456e-05	-0.000897188017553896
1058.382765531062	0.000867287719265919	-0.00015576802140238044	0.00035575984893176926	0.0005115278703341497
1060.386773547094	-0.0005557506356534958	-0.00010312986962368598	-0.0003294402526385909	-0.00022631038301490491
1062.3907815631262	0.0010157157911218073	-6.212792394622024e-05	0.00047679393358779354	0.0005389218575340138
1064.3947895791582	0.0010577909407377684	0.00019014432994290953	0.0006239676353403389	0.0004338233053974294
1066.3987975951904	0.002265800457233569	-0.0004775096507647625	0.0008941454032344032	0.0013716550539991657
1068.4028056112222	-0.0009829505955538664	0.001141939902256528	7.949465335133077e-05	-0.0010624452489051972
1070.4068136272545	0.0003663246033189793	-0.0005102749872132328	-7.197519194712676e-05	0.0004382997952661061
1072.4108216432865	2.3454349635465555e-05	-0.00020464779287643342	-9.059672162048393e-05	0.00011405107125594949
1074.4148296593185	0.0010465116556286347	0.0005301492988087908	0.0007883304772187127	0.00025818117840992194
1076.4188376753507	-0.0012108729086447445	0.0010515245280083851	-7.967419031817968e-05	-0.0011311987183265648
1078.4228456913827	0.0013140030138496517	-0.0008416841165157507	0.0002361594486669505	0.0010778435651827012
1080.426853707415	0.0003892416572828239	-0.0002531677382466846	6.803695951806965e-05	0.00032120469776475424
1082.4308617234467	0.00045996402599257635	-0.0002701760451055968	9.489399044348978e-05	0.00036507003554908657
1084.434869739479	0.0006006923010142273	-0.0009448134609917336	-0.00017206057998875313	0.0007727528810029805
1086.438877755511	0.001928122398521026	0.0018017171650761554	0.0018649197817985907	6.320261672243532e-05
1088.442885771543	0.0006852002780043387	0.0006733830402535501	0.0006792916591289444	5.908618875394289e-06
1090.4468937875752	0.0006710565733475393	0.004232951413270292	0.0024520039933089155	-0.0017809474199613762
1092.4509018036072	-0.00033463211825202066	0.0006766072426152014	0.0001709875621815904	-0.000505619680433611
1094.4549098196392	0.0011568006143513054	0.0024681173036412707	0.001812458958996288	-0.0006556583446449826
1096.4589178356712	0.0019553375672588524	0.0009061417118924053	0.0014307396395756289	0.0005245979276832236
1098.4629258517034	-7.125929076057247e-05	8.343496639762193e-05	6.087837818524733e-06	-7.73471285790972e-05
1100.4669338677354	-0.0006390058481905436	-0.00029918179383592314	-0.0004690938210132334	-0.00016991202717731024
1102.4709418837674	0.0017614341754805807	-0.0003738415334590961	0.0006937963210107423	0.0010676378544698384
1104.4749498997996	0.00028879642513746084	-0.0016248228303503698	-0.0006680132026064545	0.0009568096277439153
1106.4789579158314	0.0005675692340765259	-0.000670339940300746	-5.138535311211001e-05	0.0006189545871886359
1108.4829659318636	0.0011700510238897843	0.0017086147044461653	0.0014393328641679748	-0.00026928184027819047
1110.4869739478956	0.0029107139497906998	0.0011990557226048137	0.0020548848361977567	0.000855829113592943
1112.4909819639279	0.0005186902028121443	-0.00045745599391444625	3.061710444884902e-05	0.00048807309836329527
1114.4949899799599	0.0010726508849762117	-0.0008391769144829864	0.00011673698524661269	0.0009559138997295991
1116.4989979959919	0.0009598535950366971	0.0008620958741690776	0.0009109747346028874	4.8878860433809734e-05
1118.5030060120241	0.0015789879005729812	0.0007099091508899757	0.0011444485257314785	0.00043453937484150273
1120.507014028056	0.002340818202567485	0.001320626236322786	0.0018307222194451356	0.0005100959831223495
1122.5110220440881	0.001972524425935984	-0.00028987153386650366	0.0008413264460347403	0.001131197979901244
1124.5150300601201	0.0003815429343074772	-0.0006658635373362198	-0.0001421603015143713	0.0005237032358218485
1126.5190380761524	0.0008155462739005692	-0.0005251363185223568	0.00014520497768910623	0.000670341296211463
1128.5230460921844	-0.0012697775819003887	-4.690974957455296e-05	-0.0006583436657374708	-0.0006114339161629179
1130.5270541082164	0.0006766052733171435	0.0015675294723984656	0.0011220673728578046	-0.00044546209954066107
1132.5310621242486	0.0005786693232073814	-0.0006259366654534082	-2.36336711230134e-05	0.0006023029943303948
1134.5350701402804	0.00100998604012692	-0.0008936076002667992	5.818921993006043e-05	0.0009517968201968596
1136.5390781563126	0.0003657867302974127	0.0005720445626896664	0.00046891564649353956	-0.00010312891619612685
1138.5430861723446	0.0005322974005661507	-0.0009859949393065115	-0.0002268487693701804	0.0007591461699363311
1140.5470941883768	0.0006357855615951591	-0.0014891082801208322	-0.00042666135926283655	0.0010624469208579956
1142.5511022044088	0.000940696834304644	-0.002147450269481821	-0.0006033767175885885	0.0015440735518932325
1144.5551102204408	0.0007804526697035019	0.0006952277838705445	0.0007378402267870232	4.26124429164787e-05
1146.559118236473	-0.00037420220559947204	-0.00011208171942000966	-0.00024314196250974085	-0.0001310602430897312
1148.5631262525048	-7.430336405112037e-05	0.001978612997570739	0.0009521548167598093	-0.0010264581808109297
1150.5671342685368	0.00020607941422279286	-0.00032245800632868526	-5.8189296052946204e-05	0.00026426871027573906
1152.571142284569	-0.0009036352299024442	5.818921435618574e-05	-0.0004227230077731292	-0.00048091222212931495
1154.575150300601	-0.0013449750717934306	0.001037379826626661	-0.0001537976225833848	-0.0011911774492100458
1156.5791583166333	0.0008472355064645942	0.0008780301929247614	0.0008626328496946778	-1.539734323008357e-05
1158.5831663326653	0.0013157930663248996	-0.0006744583715238006	0.0003206673474005495	0.00099512571892435
1160.5871743486975	2.9901546304778037e-05	-7.108109517428574e-05	-2.058977443475385e-05	5.0491320739531886e-05
1162.5911823647293	0.0011449846482843862	0.001596891185294047	0.0013709379167892166	-0.00022595326850483044
1164.5951903807613	0.0009840227071854502	6.94687025842855e-05	0.0005267457048848678	0.0004572770023005823
1166.5991983967936	0.0018813911399264693	0.0012361179838116243	0.0015587545618690468	0.0003226365780574225
1168.6032064128256	-0.00013123869036024693	-0.0017497945337767717	-0.0009405166120685093	0.0008092779217082624
1170.6072144288578	-0.0002535258326988865	2.0052780933865755e-05	-0.00011673652588251038	-0.00013678930681637613
1172.6112224448898	-0.00010402388554453523	-0.00022255057617615037	-0.0001632872308603428	5.926334531580757e-05
1174.615230460922	0.0023658855661746747	0.0021291871427976394	0.002247536354486157	0.00011834921168851764
1176.6192384769538	0.001667793407646112	0.0002905870369918073	0.0009791902223189597	0.0006886031853271524
1178.6232464929858	4.708777675199727e-05	-0.0018837187387721332	-0.000918315481010068	0.0009654032577620653
1180.6272545090178	0.0008837599330429047	0.0004422375969022063	0.0006629987649725555	0.00022076116807034918
1182.63126252505	0.0006581657456156131	-0.00047983683982233405	8.916445289663955e-05	0.0005690012927189736
1184.635270541082	-0.0016529312005497676	0.0006903920734731006	-0.0004812695635383335	-0.0011716616370114341
1186.6392785571143	0.000869794518853606	0.0028464358415136726	0.0018581151801836393	-0.0009883206613300333
1188.6432865731465	0.0015041468183321083	0.0009770419182681955	0.001240594368300152	0.0002635524500319564
1190.6472945891783	0.0010239509747207443	4.3865222639327683e-05	0.000533908098680036	0.0004900428760407083
1192.6513026052103	0.00046802064390216724	0.0015415657485567946	0.001004793196229481	-0.0005367725523273137
1194.6553106212423	-0.00067445843887326	5.926341331463636e-05	-0.0003075975127793118	-0.00036686092609394816
1196.6593186372745	0.0007860015489177252	0.0009342492143621373	0.0008601253816399312	-7.412383272220602e-05
1198.6633266533065	-0.0007097267182184508	0.0004211120666947066	-0.0001443073257618721	-0.0005654193924565787
1200.6673346693387	0.0012742525049658227	-0.0012491875345370662	1.253248521437822e-05	0.0012617200197514444
1202.671342685371	0.0008039070361954836	-0.0012293145646012915	-0.00021270376420290393	0.0010166108003983876
1204.6753507014027	0.00043185345744256587	-0.00024170996255223898	9.507174744516345e-05	0.0003367817099974024
1206.6793587174348	0.0010509870879615857	-0.0005271036345175784	0.00026194172672200366	0.000789045361239582
1208.6833667334668	8.504699748990152e-05	-4.100139328888641e-05	2.2022802100507555e-05	6.302419538939397e-05
1210.6873747494988	-0.0003482398849011803	0.0008799998435670142	0.00026587997933291696	-0.0006141198642340973
1212.691382765531	-0.0011045202511437147	0.0002089430118179525	-0.0004477886196628811	-0.0006567316314808336
1214.695390781563	2.0053131247310674e-05	0.0004494003493402676	0.00023472674029378915	-0.00021467360904647848
1216.6993987975954	0.0008153657654195179	0.0007895828810529082	0.000802474323236213	1.2891442183304846e-05
1218.7034068136272	0.001684622858431073	-0.0005183321511876837	0.0005831453536216946	0.0011014775048093783
1220.7074148296592	0.0015711090275742912	0.0005824301364230067	0.001076769581998649	0.0004943394455756422
1222.7114228456912	-0.0017080767357213755	0.0010187586617604882	-0.00034465903698044364	-0.0013634176987409319
1224.7154308617232	0.0005607643023998188	0.0006284436409716987	0.0005946039716857587	-3.3839669285939955e-05
1226.7194388777555	-0.0009818763957976095	-0.0002603299623606947	-0.0006211031790791521	-0.0003607732167184574
1228.7234468937875	0.001313823373773948	-0.0006775003326902063	0.00031816152054187086	0.0009956618532320771
1230.72745490982	-0.00017438940164604677	0.0004357925109751415	0.00013070155466454736	-0.00030509095631059413
1232.7314629258517	0.0007263807836082048	0.00029273730390610986	0.0005095590437571573	0.00021682173985104747
1234.7354709418837	0.00012443560982755564	0.0004477881403892603	0.00028611187510840796	-0.00016167626528085233
1236.7394789579157	0.0005142131904143366	-0.00034806193625835924	8.307562707798866e-05	0.0004311375633363479
1238.7434869739477	0.0013743405055747226	0.0004540548011285894	0.000914197653351656	0.0004601428522230666
1240.7474949899797	-4.2960768541489e-06	-0.0007591449228391278	-0.00038172049984663836	0.00037742442299248946
1242.751503006012	-0.00027375864822554163	0.0005118865301971809	0.00011906394098581963	-0.00039282258921136126
1244.755511022044	0.0009476792127920408	-0.0005720441309378099	0.00018781754092711545	0.0007598616718649254
1246.7595190380762	0.0009294169308334821	-7.716887413000695e-05	0.00042612402835173757	0.0005032929024817445
1248.7635270541082	-6.58879872700302e-05	-0.0013632399221618074	-0.0007145639547159188	0.0006486759674458886
1250.7675350701402	-0.0006721290632268895	-1.862134403951554e-05	-0.0003453752036332025	-0.00032675385959368697
1252.7715430861722	0.000719578861420267	0.0001222872837933764	0.00042093307260682167	0.0002986457888134453
1254.7755511022042	0.00022577521462330274	0.00010652930893306767	0.0001661522617781852	5.962295284511754e-05
1256.7795591182364	-0.00039980320336818753	0.00024940694447994627	-7.519812944412063e-05	-0.0003246050739240669
1258.7835671342684	-0.0010728291157379166	-0.00030652546900056254	-0.0006896772923692396	-0.00038315182336867704
1260.7875751503007	0.0003541487641420815	-0.0012676300405489727	-0.00045674063820344557	0.0008108894023455271
1262.7915831663327	0.00021073467363341702	-0.0005824281447907032	-0.00018584673557864306	0.0003965814092120601
1264.7955911823647	-0.0002483343706739527	0.0008287925134137231	0.0002902290713698852	-0.0005385634420438379
1266.7995991983967	-0.00035736936358854443	0.0010370208453047702	0.0003398257408581129	-0.0006971951044466573
1268.8036072144287	-5.908315347524784e-06	0.0009276257093896456	0.0004608586970210604	-0.0004667670123685852
1270.8076152304604	-0.0002952432105481906	2.2737620359536415e-05	-0.00013625279509432708	-0.0001589904154538635
1272.811623246493	0.001551056569658038	-0.00041448636347907186	0.0005682851030894831	0.000982771466568555
1274.815631262525	1.7725978041949197e-05	-0.0010028249237769016	-0.0004925494728674762	0.0005102754509094254
1276.8196392785571	0.0006912881656278014	0.00015272508464025947	0.0004220066251340304	0.00026928154049377095
1278.8236472945891	0.0002920202330402022	-0.002550836117848676	-0.001129407942404237	0.0014214281754444391
1280.8276553106211	0.0013328015575700958	-0.0011204551674636187	0.00010617319505323852	0.0012266283625168573
1282.8316633266531	-5.2461974271889034e-05	0.000238666020183409	9.310202295575998e-05	-0.000145563997227649
1284.835671342685	-0.0016638537344072502	0.00030097372630077945	-0.0006814400040532353	-0.0009824137303540148
1286.8396793587174	-0.000155051762668168	-0.0006033772719223895	-0.0003792145172952788	0.00022416275462711077
1288.8436873747494	-5.4429084117901816e-05	0.0009697015369715123	0.00045763622642680524	-0.000512065310544707
1290.8476953907816	0.00019211446541023136	0.0015374481511865046	0.000864781308298368	-0.0006726668428881366
1292.8517034068136	0.0017816655754746558	-0.00034251114685657225	0.0007195772143090418	0.001062088361165614
1294.8557114228456	0.0013118539382492855	0.0006977341593739084	0.001004794048811597	0.0003070598894376886
1296.8597194388776	0.0008807173036149418	0.0006669375003991451	0.0007738274020070435	0.00010688990160789835
1298.8637274549094	0.002125249984261335	0.0008866250578668522	0.0015059375210640935	0.0006193124631972413
1300.8677354709416	-0.0006431262051036502	-0.00021163117572320367	-0.0004273786904134269	-0.00021574751469022324
1302.8717434869739	0.0020604343249882584	-0.000893427285212689	0.0005835035198877847	0.0014769308051004737
1304.8757515030059	0.00023096770779207354	0.0007931643031930946	0.0005120660054925841	-0.00028109829770051054
1306.879759519038	0.0016296570342448913	0.0022036691023883392	0.0019166630683166153	-0.000287006034071724
1308.88376753507	0.0007838531868730181	-0.0008533231856192591	-3.473499937312052e-05	0.0008185881862461386
1310.887775551102	-1.5577206369576935e-05	9.722084455077162e-05	4.0821819090597344e-05	-5.639902546017428e-05
1312.8917835671339	0.0017154176828386714	-1.808341554987436e-05	0.0008486671336443985	0.0008667505491942729
1314.895791583166	-0.0019157678733288108	0.00028467814540156233	-0.0008155448639636242	-0.0011002230093651866
1316.8997995991983	0.00011584208540516006	0.0006569121871616845	0.0003863771362834223	-0.00027053505087826224
1318.9038076152303	-0.0014053145634754793	0.0004767947706262321	-0.0004642598964246236	-0.0009410546670508557
1320.9078156312626	-0.0002852167517357618	0.00031851858188325366	1.6650915073745942e-05	-0.0003018676668095077
1322.9118236472946	0.0008363135680887757	0.0018668891660896803	0.001351601367089228	-0.0005152877990004523
1324.9158316633266	6.964859555014247e-05	0.0021741295540486094	0.001121889074799376	-0.0010522404792492335
1326.9198396793583	0.00040893659554286366	-0.0008744496336452467	-0.00023275651905119155	0.0006416931145940552
1328.9238476953906	-0.002807942335963709	3.70627407311197e-05	-0.0013854397976162947	-0.0014225025383474144
1330.9278557114226	0.00011369399621552478	-0.00011763297194733457	-1.9694878659048953e-06	0.00011566348408142968
1332.9318637274548	-0.0012049643819246336	0.0005485906514376415	-0.00032818686524349605	-0.0008767775166811376
1334.9358717434868	-0.00096683642304074	-0.000986172386470252	-0.000976504404755496	9.667981714756024e-06
1336.939879759519	-0.0007614735060351707	0.00027590570801427905	-0.00024278389901044584	-0.0005186896070247249
1338.943887775551	0.0015324344854901195	-0.0007553852159740693	0.0003885246347580251	0.0011439098507320944
1340.9478957915828	-0.0003554007912980328	0.0001842374775735678	-8.558165686223251e-05	-0.0002698191344358003
1342.951903807615	0.0006202095916949535	-0.0014248306794450993	-0.0004023105438750729	0.0010225201355700264
1344.955911823647	-0.00037975201110740375	0.0001838772646854947	-9.793737321095453e-05	-0.00028181463789644923
1346.9599198396793	-0.00035396929940123556	-0.00022147600632971276	-0.00028772265286547416	-6.62466465357614e-05
1348.9639278557113	0.0002275656063376319	-0.0008689008917833752	-0.0003206676427228716	0.0005482332490605035
1350.9679358717435	0.0005308651888532578	0.00043095834140338685	0.00048091176512832234	4.99534237249355e-05
1352.9719438877755	0.0004434929239420793	0.00023794889581174594	0.0003407209098769126	0.00010277201406516667
1354.9759519038073	0.00034770264178662913	0.000454054949267535	0.00040087879552708205	-5.3176153740452925e-05
1356.9799599198395	-8.325554053612017e-05	0.0016667174457494216	0.0007917309526066507	-0.0008749864931427709
1358.9839679358715	0.00041949886704029105	0.0007987142877219355	0.0006091065773811133	-0.00018960771034082224
1360.9879759519035	-0.0004334653718257586	0.0009573460748287799	0.0002619403515015106	-0.0006954057233272692
1362.9919839679358	-0.00048699931077866854	-0.000664610196674631	-0.0005758047537266497	8.88054429479812e-05
1364.995991983968	-0.00035772768550723644	-0.00022953379648138483	-0.00029363074099431064	-6.40969445129258e-05
1367.0	-0.0003761719585133605	0.001131019730501892	0.0003774238859942658	-0.0007535958445076263
1372.1777777777777	-0.0019521142077373321	-2.7393485191429257e-05	-0.0009897538464643807	-0.0009623603612729514
1377.3555555555556	0.00036238488179440864	0.0007423158815766939	0.0005523503816855513	-0.00018996549989114264
1382.5333333333335	-0.0010490182076806631	-0.00014269783106557465	-0.0005958580193731189	-0.00045316018830754423
1387.711111111111	0.0017820230849464602	0.000527283262705569	0.0011546531738260146	0.0006273699111204456
1392.888888888889	0.0002673122853662502	0.0006801871206401078	0.000473749703003179	-0.0002064374176369288
1398.0666666666666	0.001023593023435132	0.0008735551844168965	0.0009485741039260143	7.501891950911777e-05
1403.2444444444445	0.0013682528063360122	0.0004895061262270017	0.000928879466281507	0.00043937334005450523
1408.4222222222222	-0.0013970783148378185	0.0009276246305178759	-0.0002347268421599713	-0.0011623514726778472
1413.5999999999997	-0.0007797341797350921	-0.0005412500756603045	-0.0006604921276976983	-0.0001192420520373938
1418.777777777778	0.0003634583999652108	0.0007716784684139721	0.0005675684341895915	-0.00020411003422438068
1423.9555555555555	0.0013825754211693742	-0.0007183235771412999	0.0003321259220140371	0.001050449499155337
1429.1333333333334	-0.00019139706998816397	0.00045709801795690286	0.00013285047398436944	-0.0003242475439725334
1434.3111111111111	-0.0005392794035558035	-0.00031690736021838806	-0.0004280933818870958	-0.00011118602166870772
1439.4888888888888	0.00022237162172278335	1.468135200333176e-05	0.00011852648686305756	0.0001038451348597258
1444.6666666666667	0.00014180182028167287	-0.00034125725557676567	-9.97277176475464e-05	0.00024152953792921927
1449.8444444444442	0.0006551210412324426	0.001739051638526723	0.0011970863398795828	-0.0005419652986471402
1455.0222222222221	0.001958559144333183	-0.0009902912006236608	0.00048413397185476104	0.0014744251724784219
1460.2	-0.0010107016266620583	0.00046426162588009134	-0.0002732200003909835	-0.0007374816262710748
1465.3777777777777	0.001789363173417824	-0.0006381124978971364	0.0005756253377603437	0.0012137378356574802
1470.5555555555557	-0.002018537974543766	-0.00018727821281216972	-0.0011029080936779678	-0.0009156298808657981
1475.7333333333333	-0.000617164287459171	-0.0015657389379689635	-0.0010914516127140672	0.00047428732525489625
1480.9111111111113	0.0009285217237435806	-0.0005367730239438373	0.00019587434989987162	0.0007326473738437089
1486.0888888888887	-0.0008044435894490887	-0.00046390227553494423	-0.0006341729324920165	-0.00017027065695707222
1491.2666666666667	-0.0008475931122001734	0.0023232730891019626	0.0007378399884508946	-0.001585433100651068
1496.4444444444443	-0.0013940341107171461	0.0010595819111932636	-0.00016722609976194125	-0.0012268080109552049
1501.6222222222223	-0.0002939896897242722	0.0005417867501109619	0.00012389853019334485	-0.00041788821991761704
1506.8	0.0010713975041595214	0.0005557514897046589	0.0008135744969320902	0.00025782300722743123
1511.9777777777779	-0.001672984771619368	0.0003956866711433138	-0.0006386490502380271	-0.0010343357213813409
1517.1555555555558	-0.0025871830295600695	3.221477228310121e-06	-0.0012919807761658797	-0.0012952022533941898
1522.3333333333333	-0.001594206039936208	-0.0007383789927916107	-0.0011662925163639093	-0.0004279135235722986
1527.5111111111112	0.0003670397620573196	-0.0002635510203033986	5.174437087696049e-05	0.0003152953911803591
1532.6888888888889	0.000627549192030008	0.0010200131027722215	0.0008237811474011147	-0.00019623195537110671
1537.8666666666668	0.0002649858609298228	-7.233397601069669e-05	9.632594245956305e-05	0.00016865991847025974
1543.0444444444445	3.1332995465316316e-05	-0.0001527246976369412	-6.0695851085812436e-05	9.202884655112875e-05
1548.222222222222	-0.0018708286034123667	0.00015344061662281305	-0.0008586939933947768	-0.0010121346100175899
1553.4000000000003	-0.0018101317792578175	-0.0009342500787514751	-0.0013721909290046463	-0.0004379408502531712
1558.5777777777778	0.0008646020397926613	-0.0004388367310119712	0.00021288265439034504	0.0006517193854023162
1563.7555555555555	0.00028199383670979294	0.0001817291107664154	0.00023186147373810417	5.013236297168877e-05
1568.9333333333334	-0.0003663224188596992	0.0014914344517631406	0.0005625560164517207	-0.0009288784353114199
1574.111111111111	-0.0010905554828017916	-0.0009756106672214049	-0.0010330830750115982	-5.747240779019336e-05
1579.288888888889	-0.000474823494735932	-0.0015283171759626901	-0.001001570335349311	0.0005267468406133791
1584.4666666666665	-0.0015292128529827975	5.379462307830707e-07	-0.0007643374533760072	-0.0007648753996067903
1589.6444444444444	0.0006656851513544559	0.0006356041441137883	0.0006506446477341221	1.5040503620333823e-05
1594.8222222222223	-0.0008381033700557428	-0.0006869908976030459	-0.0007625471338293943	-7.555623622634844e-05
1600.0	0.0006304137010161304	0.0007697067663069435	0.0007000602336615369	-6.964653264540654e-05
