# time (ps)	 sum signal (V)	 MOKE (V)	 field up signal (V) 	 field down signal (V)
290.0	-0.008938740799611322	0.000974174636275027	-0.003982283081668148	-0.004956457717943175
292.22222222222223	-0.008135373441733762	4.440193238597345e-05	-0.004045485754673894	-0.004089887687059868
294.4444444444445	-0.009442211534743339	0.0008119620337859734	-0.004315124750478683	-0.005127086784264656
296.6666666666667	-0.00946530699330339	-0.0004078609053618232	-0.004936583949332607	-0.004528723043970784
298.8888888888889	-0.0055449729468542985	0.0005156448671436165	-0.002514664039855341	-0.0030303089069989575
301.1111111111111	-0.009226999352050624	0.0002859324797597207	-0.004470533436145452	-0.0047564659159051725
303.3333333333333	-0.009615523991411301	0.0003235318261649578	-0.004645996082623172	-0.0049695279087881294
305.5555555555555	-0.009251708786159107	-0.0011181253140953862	-0.005184917050127247	-0.004066791736031861
307.77777777777777	-0.009284116039872004	0.0008228847825493268	-0.004230615628661338	-0.005053500411210665
310.0	-0.008417366281007643	-6.427698502808887e-05	-0.004240821633017866	-0.004176544647989777
310.5044247787611	-0.007983724209398746	-0.00013159705134446753	-0.004057660630371607	-0.003926063579027139
311.0088495575221	-0.007229772965470338	-0.0031149982038994883	-0.005172385584684913	-0.002057387380785425
311.5132743362832	-0.008176911137983245	0.0006832290734648527	-0.003746841032259196	-0.004430070105724049
312.01769911504425	-0.003562963694385024	-0.0005922760626366763	-0.00207761987851085	-0.0014853438158741739
312.5221238938053	0.00022183441207435095	-0.00018352010830469112	1.9157151884829915e-05	0.00020267726018952104
313.0265486725664	-0.0010710378194171977	0.0009073920893742926	-8.182286502145253e-05	-0.0009892149543957451
313.53097345132744	-0.0008363116117952041	0.000687346720820714	-7.448244548724503e-05	-0.000761829166307959
314.0353982300885	0.0006443775522042561	0.000850635836771918	0.000747506694488087	-0.00010312914228383097
314.5398230088495	-0.0007847468740982411	-0.00028342613620302437	-0.0005340865051506327	-0.00025066036894760835
315.04424778761063	0.00016758476620415408	0.0009356794894144205	0.0005516321278092873	-0.0003840473616051332
315.54867256637175	-0.00043507450413948767	-0.0003831523869715081	-0.0004091134455554979	-2.5961058583989782e-05
316.05309734513276	0.0017630405345231415	0.001319012388894758	0.0015410264617089497	0.00022201407281419172
316.5575221238938	0.0018520258901156827	0.0005489467817271221	0.0012004863359214024	0.0006515395541942803
317.0619469026549	0.0007510866629300006	0.0004936222370265364	0.0006223544499782685	0.0001287322129517321
317.56637168141594	0.0031959243190374798	-0.000206974649406777	0.0014944748348153514	0.0017014494842221284
318.070796460177	0.0022794009100576273	-0.0012384437486278044	0.0005204785807149115	0.0017589223293427159
318.57522123893807	0.00245969858512729	0.001323846869052847	0.0018917727270900686	0.0005679258580372215
319.07964601769913	0.005921143523357486	-0.00011870509072631208	0.002901219216315587	0.003019924307041899
319.58407079646014	0.0036476508155407483	-0.00118114890437937	0.0012332509555806892	0.002414399859960059
320.08849557522126	0.004464805321352183	-0.0009322787909161745	0.0017662632652180044	0.002698542056134179
320.5929203539824	0.0033742524277808883	0.0008432932928874592	0.0021087728603341738	0.0012654795674467145
321.0973451327434	0.005015543963893365	-0.00011942053403568575	0.0024480617149288397	0.0025674822489645255
321.60176991150445	0.0041971369562384675	-0.0005883359819528478	0.0018044004871428099	0.0023927364690956576
322.1061946902655	0.004520487949582819	-0.0008089184851218789	0.00185578473223047	0.002664703217352349
322.6106194690266	0.00415756817198587	-0.001477286944683076	0.0013401406136513971	0.0028174275583344732
323.11504424778764	0.0016101376741145534	0.0011055939793874758	0.0013578658267510146	0.0002522718473635388
323.6194690265487	9.56096302293652e-05	-4.440319401499693e-05	2.5603218107184134e-05	7.000641212218106e-05
324.12389380530976	0.0017188164293072683	-0.0012726405070538904	0.00022308796112668894	0.0014957284681805794
324.62831858407077	0.001991858136129565	-0.0007804493936203194	0.0006057043712546228	0.0013861537648749422
325.13274336283183	0.0016930339688697726	0.0010799897217667054	0.001386511845318239	0.00030652212355153363
325.6371681415929	0.0016130021138063277	-0.0003790350022443434	0.0006169835557809922	0.0009960185580253356
326.14159292035396	0.0009662974839428351	-0.0008352377830833646	6.552985042973525e-05	0.0009007676335130999
326.646017699115	0.0009256539988735657	-1.8263021757558562e-05	0.00045369548855800357	0.00047195851031556213
327.1504424778761	0.00033319943510712324	0.00011047004536723914	0.0002218347402371812	0.00011136469486994205
327.65486725663715	0.0003699037154355489	0.0008715828782560608	0.0006207432968458049	-0.000250839581410256
328.1592920353982	0.001147667790894813	0.000546798867695264	0.0008472333292950385	0.0003004344615997745
328.6637168141593	0.0025257653233403676	0.0007550259708599683	0.001640395647100168	0.0008853696762401997
329.16814159292034	0.0011908177584230017	0.0011990535682866454	0.0011949356633548236	-4.1179049318218475e-06
329.6725663716814	0.00017850661421192626	1.629271756731221e-05	9.739966588961924e-05	8.110694832230703e-05
330.17699115044246	0.0014113984379834354	0.0009680874680738638	0.0011897429530286496	0.00022165548495478582
330.6814159292035	0.0007738261283556369	0.0008031885893935442	0.0007885073588745906	-1.4681230518953647e-05
331.1858407079646	0.00019479963355528707	-0.0006613870069424044	-0.00023329368669355866	0.0004280933202488457
331.69026548672565	-0.0018303607478331596	0.0001634678782436172	-0.0008334464347947712	-0.0009969143130383884
332.1946902654867	0.0006912861061720843	-0.0003009724424791749	0.00019515683184645471	0.0004961292743256296
332.6991150442478	0.00120532020978259	-0.00021234485570609252	0.0004964876770382487	0.0007088325327443412
333.20353982300884	0.0008814313236973348	0.0005956766442365424	0.0007385539839669386	0.00014287733973039618
333.7079646017699	-0.00027733876452962214	0.00016310866072899444	-5.711505190031385e-05	-0.0002202237126293083
334.21238938053096	-0.0006345300299801515	-0.0007516237407201309	-0.0006930768853501412	5.8546855369989714e-05
334.716814159292	0.0012486489704642834	0.0006137600282983824	0.0009312044993813329	0.0003174444710829505
335.2212389380531	0.0014572344454405473	-9.256459262252381e-05	0.0006823349264090117	0.0007748995190315355
335.72566371681415	0.0009469602137586186	-6.39183473780669e-05	0.00044152093319027585	0.0005054392805683428
336.2300884955752	0.0028874318072549254	0.00031028284337364376	0.0015988573253142846	0.0012885744819406408
336.7345132743363	0.0033783699360506736	0.0003289026184011279	0.0018536362772259007	0.0015247336588247729
337.23893805309734	0.0012900091630178023	-0.0008928887244589179	0.00019856021927944223	0.00109144894373836
337.7433628318584	0.001770023611516569	0.0011594853147891548	0.001464754463152862	0.0003052691483637071
338.24778761061947	0.002740437898853365	0.0004923689701192835	0.0016164034344863243	0.0011240344643670408
338.75221238938053	0.0031115963896111154	-0.0005842181034907412	0.001263689143060187	0.0018479072465509283
339.2566371681416	0.0024528940405597055	0.0003613090718566081	0.0014071015562081568	0.0010457924843515487
339.76106194690266	0.0032285114544293725	-0.00022845814789984598	0.0015000266532647633	0.0017284848011646092
340.2654867256637	0.003870202321559546	0.0011723760839379427	0.0025212892027487444	0.0013489131188108017
340.7699115044248	0.000871225258912145	4.2969719813545915e-05	0.00045709748936284544	0.00041412776954929953
341.27433628318585	0.0022430548645206994	-0.00023597833949762226	0.0010035382625115385	0.0012395166020091608
341.7787610619469	0.004396410248132643	-0.0013455106702846553	0.0015254497889239937	0.002870960459208649
342.283185840708	0.0030165235475491103	-0.0004322106141815274	0.0012921564666837915	0.0017243670808653189
342.78761061946904	0.003733593196505569	0.0012753260474790418	0.0025044596219923054	0.0012291335745132637
343.2920353982301	0.004506701792662993	0.002653961269361238	0.0035803315310121153	0.0009263702616508773
343.79646017699116	0.00375991115358143	-0.000761292517630463	0.0014993093179754835	0.0022606018356059465
344.3008849557522	0.004758079597880549	-0.001156441185938606	0.0018008192059709716	0.0029572603919095775
344.8053097345133	0.005668155712710954	-0.0015540961518625274	0.0020570297804242133	0.0036111259322867406
345.30973451327435	0.0039024309110559097	-0.0003942533045947494	0.0017540888032305801	0.0021483421078253295
345.8141592920354	0.005641837545947492	0.0008320152161429561	0.0032369263810452242	0.002404911164902268
346.3185840707965	0.004401066710298607	0.0014794360009163787	0.0029402513556074927	0.001460815354691114
346.82300884955754	0.0038266956644784633	0.0004667654741682403	0.002146730569323352	0.0016799650951551115
347.3274336283186	0.005384730241937308	-0.00038225773489497517	0.0025012362535211663	0.0028834939884161415
347.83185840707966	0.005032015850913507	-0.000473212000133727	0.00227940192538989	0.002752613925523617
348.3362831858407	0.006970518386908875	0.0005507367619008718	0.0037606275744048734	0.0032098908125040015
348.8407079646018	0.005423224848334129	-0.0004092940405495682	0.0025069654038922806	0.002916259444441849
349.34513274336285	0.0068960352313637285	-0.0002853960827963187	0.003305319574283705	0.0035907156570800236
349.8495575221239	0.006734001113396504	0.00034143496225214065	0.0035377180378243223	0.0031962830755721816
350.353982300885	0.006374482226874756	0.0007886857386754098	0.003581583982775083	0.002792898244099673
350.85840707964604	0.007683290893668815	0.0001666898229795155	0.003924990358324165	0.0037583005353446497
351.3628318584071	0.008740543285634894	-0.00023239933770446974	0.004254071973965212	0.004486471311669682
351.8672566371681	0.008716551686229312	0.0021102053884436422	0.005413378537336477	0.003303173148892835
352.3716814159291	0.00825963087536108	-0.001775753391740631	0.003241938741810224	0.005017692133550855
352.87610619469024	0.008035111613421964	0.000267132130156722	0.004151121871789343	0.003883989741632621
353.38053097345136	0.008124630701004665	-0.002618688747888176	0.0027529709765582444	0.00537165972444642
353.88495575221236	0.008846354839459947	0.0017408395479225902	0.0052935971936912685	0.0035527576457686783
354.38938053097337	0.009873705629771967	0.0012563463373618244	0.005565025983566896	0.004308679646205071
354.8938053097345	0.009334607203662748	0.00111150115559433	0.005223054179628539	0.004111553024034209
355.3982300884956	0.00940586488438322	0.00014180221432480433	0.004773833549354012	0.0046320313350292075
355.9026548672566	0.009320996827909767	-0.0003351689206017028	0.004492913953654032	0.004828082874255735
356.4070796460176	0.00903273664115034	0.0003953281349006188	0.00471403238802548	0.004318704253124861
356.91150442477874	0.011396826542765748	-9.059330704230817e-05	0.00565311661786172	0.005743709924904028
357.41592920353986	0.008642602733823002	0.00046891512241808986	0.004555758928120546	0.004086843805702456
357.92035398230087	0.009205516965227978	0.0004152027209779474	0.004810359843102963	0.004395157122125015
358.4247787610619	0.008938383790839777	0.00012192801113630747	0.004530155900988042	0.004408227889851735
358.929203539823	0.009463696531920252	9.363691113939421e-05	0.004778666721529823	0.004685029810390429
359.4336283185841	0.010480484785223565	-0.00020769001260312336	0.005136397386310221	0.005344087398913344
359.9380530973451	0.009465309247258857	-0.0008318337054177283	0.0043167377709205645	0.005148571476338293
360.4424778761061	0.009359134570630645	-0.0006486734120484394	0.004355230579291103	0.005003903991339542
360.94690265486724	0.009421978945549636	0.0014133688924975463	0.005417673919023591	0.004004305026526045
361.45132743362836	0.008958078231478761	0.0013666389539374046	0.005162358592708083	0.003795719638770678
361.95575221238937	0.009147683400994588	0.0004228989779334613	0.004785291189464025	0.0043623922115305636
362.4601769911504	0.010028219099530333	-0.0006796490271087086	0.004674285036210812	0.005353934063319521
362.9646017699115	0.009789019992721637	-0.0002882615767932917	0.004750379207964173	0.005038640784757464
363.4690265486726	0.008217732959496904	0.0012081843982051366	0.00471295867885102	0.0035047742806458837
363.9734513274336	0.007305506892787084	-0.0010321859684351287	0.0031366604621759775	0.004168846430611106
364.4778761061946	0.008827553589438208	0.001101474296387961	0.004964513942913085	0.0038630396465251238
364.98230088495575	0.007253048286176678	0.00021592653408852858	0.003734487410132603	0.0035185608760440745
365.48672566371687	0.009242755517852919	-0.0007754368574750536	0.0042336593301889325	0.005009096187663986
365.9911504424779	0.007302641626636852	-0.0005441128145640128	0.0033792644060364196	0.0039233772206004325
366.4955752212389	0.010596860755627602	-0.002862903358524016	0.003866978698551793	0.006729882057075809
367.0	0.008036719768532818	0.00025567440811691267	0.0041461970883248656	0.003890522680207953
369.00400801603206	0.006209225040340827	0.0011315542825564018	0.0036703896614486142	0.0025388353788922124
371.0080160320642	0.008712071585372239	0.00023007096819493977	0.004471071276783589	0.004241000308588649
373.0120240480962	0.0071937846148769635	-0.0002619415450518803	0.0034659215349125416	0.003727863079964422
375.01603206412824	0.009085914558510266	0.001551768442557444	0.005318841500533855	0.003767073057976411
377.0200400801603	0.006619949504317657	-1.7904142190050543e-05	0.0033010226810638033	0.003318926823253854
379.0240480961923	0.007652134800187671	0.0019678676401801987	0.004810001220183935	0.002842133580003736
381.0280561122245	0.006846976475436972	-0.0008375643665016197	0.0030047060544676762	0.003842270420969296
383.03206412825654	0.0037076311005370677	-0.00029828446365387506	0.0017046733184415963	0.0020029577820954714
385.03607214428865	0.0036089770447915726	0.0007285268850316662	0.0021687519649116194	0.0014402250798799532
387.04008016032066	0.0018609762307835176	0.0006689058907654033	0.0012649410607744604	0.0005960351700090571
389.0440881763527	0.000517614541878153	0.0004635435393665066	0.0004905790406223298	2.7035501255823213e-05
391.0480961923848	-0.0013376332611892972	-0.0001691955866479633	-0.0007534144239186302	-0.0005842188372706669
393.0521042084168	-0.0017223972308684221	0.0003176228309076379	-0.0007023871999803921	-0.00102001003088803
395.0561122244489	-0.0011523232685005658	-0.000917776850738572	-0.0010350500596195689	-0.0001172732088809969
397.06012024048096	-0.001113112868373456	0.0003321261577842183	-0.0003904933552946188	-0.0007226195130788371
399.064128256513	-0.002003316358653251	0.00042129092093756704	-0.000791012718857842	-0.001212303639795409
401.06813627254513	-0.00432586861243045	-0.0003865537361443794	-0.0023562111742874148	-0.0019696574381430354
403.07214428857714	-0.0030978095142717432	0.0009994214862674156	-0.0010491940140021638	-0.0020486155002695794
405.0761523046092	-0.0017626814644604583	0.000196051650997342	-0.0007833149067315581	-0.0009793665577289001
407.08016032064126	-0.001836985639115496	0.0004744648730911072	-0.0006812603830121944	-0.0011557252561033016
409.08416833667326	0.0022906826509244693	5.58621286456118e-05	0.0011732723897850406	0.0011174102611394288
411.08817635270543	0.002288711527963838	0.001977893039104228	0.002133302283534033	0.00015540924442980497
413.0921843687375	0.0017467482012974989	-9.274493979105625e-05	0.0008270016307532213	0.0009197465705442776
415.0961923847696	0.0028489387703783953	0.0007569946514559556	0.0018029667109171754	0.0010459720594612198
417.1002004008016	0.0033647626579417222	0.0019030518635995142	0.002633907260770618	0.000730855397171104
419.10420841683367	0.0036080827993841824	-0.0008282555105064704	0.001389913644438856	0.0022181691549453264
421.10821643286573	0.0038345734911706675	-0.00030133027931977807	0.0017666216059254447	0.0020679518852452228
423.11222444889773	0.005762870048188096	0.0010805265826586696	0.0034216983154233827	0.002341171732764713
425.11623246492985	0.005137651332734028	0.0006995222882036911	0.0029185868104688595	0.0022190645222651684
427.1202404809619	0.005281600790230878	0.000931204731417945	0.0031064027608244116	0.0021751980294064666
429.12424849699397	0.006477072978116949	0.0013403189253975434	0.003908695951757246	0.0025683770263597028
431.1282565130261	0.007698148318032061	0.001556961096975229	0.004627554707503645	0.003070593610528416
433.1322645290581	0.011514995355808244	0.0006832297038823487	0.006099112529845296	0.005415882825962948
435.13627254509015	0.008547710257632013	8.790949546344518e-05	0.004317809876547729	0.004229900381084284
437.1402805611222	0.007629574818717955	0.0012130189344513598	0.004421296876584657	0.0032082779421332974
439.1442885771542	0.008895770494328437	4.1000746686004064e-05	0.00446838562050722	0.004427384873821216
441.1482965931864	0.010230002472178201	0.001478360304188353	0.005854181388183277	0.004375821083994924
443.15230460921845	0.009266572940405227	-0.00169375231214286	0.0037864103141311833	0.005480162626274043
445.15631262525056	0.00947658839205523	2.6677099198679777e-05	0.004751632745626955	0.004724955646428275
447.16032064128257	0.006926294061914806	0.0008373869799402911	0.0038818405209275486	0.0030444535409872575
449.1643286573146	0.006484414730496102	0.0007113401706924094	0.0035978774505942557	0.0028865372799018463
451.1683366733467	0.005833234166851886	-0.0010173249043254895	0.0024079546312631983	0.003425279535588688
453.1723446893787	0.005141768799657664	-0.0007415977926344963	0.002200085503511584	0.0029416832961460804
455.17635270541086	0.003959008534006991	0.0016207011568932783	0.002789854845450135	0.0011691536885568565
457.18036072144287	0.0021984729472266373	0.00046712519550395903	0.0013327990713652982	0.0008656738758613391
459.18436873747487	0.0017191739693711572	-7.877284050605837e-06	0.0008556483426602757	0.0008635256267108815
461.18837675350704	0.0019161227641433243	-0.002083347525529744	-8.361238069320986e-05	0.001999735144836534
463.1923847695391	0.0005978264022303836	-5.353326457258056e-05	0.00027214656882890154	0.0003256798334014821
465.1963927855711	0.0007432090016539217	-0.0006243238801253437	5.9442560764289e-05	0.0006837664408896327
467.20040080160317	0.001010342721605717	7.322752892346962e-05	0.0005417851252645933	0.0004685575963411237
469.20440881763517	-0.0004683773643389122	-0.0008744483893902144	-0.0006714128768645633	0.0002030355125256511
471.20841683366734	-0.0008246739956233595	-0.0004397298827424345	-0.000632201939182897	-0.0001924720564404625
473.21242484969935	0.0010826752217101276	0.0005416070643591286	0.0008121411430346281	0.0002705340786754995
475.2164328657315	0.0010712162909007894	0.0011596640604256692	0.0011154401756632293	-4.422388476243988e-05
477.2204408817635	0.0004429531317098334	0.00018477342783174144	0.00031386327977078743	0.00012908985193904599
479.2244488977956	0.0008418626551318642	0.0005947828352808049	0.0007183227452063345	0.00012353990992552966
481.22845691382764	0.0012287753372537402	0.0012216127491322393	0.0012251940431929897	3.581294060750473e-06
483.23246492985965	-0.0003075960757845664	0.0006570886540453458	0.0001747462891303897	-0.0004823423649149561
485.23647294589176	0.0005215534204333627	-0.00048252142315952096	1.9515998636920884e-05	0.0005020374217964418
487.2404809619238	0.0014858799330260686	-0.00039622337889977377	0.0005448282770631474	0.0009410516559629212
489.2444889779559	0.0027830498855877517	0.0007770482799652756	0.0017800490827765136	0.001003000802811238
491.248496993988	0.001703778231637476	0.00018155036022238225	0.0009426642959299292	0.0007611139357075469
493.25250501002006	0.003545775723560962	-0.00024242510910899018	0.001651675307225986	0.0018941004163349762
495.256513026052	0.0032598429196812884	0.00023830739998786932	0.0017490751598345788	0.0015107677598467095
497.2605210420841	0.00426320334312269	0.0007149181927028625	0.0024890607679127763	0.0017741425752099138
499.2645290581161	0.0044649840905098825	0.0013750534484845423	0.0029200187694972124	0.0015449653210126701
501.2685370741483	0.005302370017355118	0.0005698938631832906	0.0029361319402692043	0.0023662380770859137
503.27254509018036	0.007227624414550604	-0.0016604489933320643	0.00278358771060927	0.004444036703941334
505.2765531062125	0.007020291086344721	-0.00024493156896510104	0.00338767975868981	0.003632611327654911
507.2805611222445	0.0065542400807385715	-0.0009652227612078068	0.0027945086597653823	0.003759731420973189
509.2845691382765	0.005948179480932514	0.0015483676354547393	0.0037482735581936266	0.0021999059227388873
511.2885771543086	0.006533472892877645	0.0003407215569171118	0.0034370972248973786	0.0030963756679802668
513.2925851703407	0.006780910509350813	-0.0016509588924062957	0.0025649758084722585	0.004215934700878554
515.2965931863728	0.007349910144703542	-0.00015451398572141617	0.003597698079491063	0.003752212065212479
517.3006012024048	0.007536652709474789	-0.0003681110933698717	0.003584270808052459	0.0039523819014223305
519.3046092184369	0.005352146076502362	-0.0010755139471548825	0.00213831606467374	0.0032138300118286223
521.3086172344689	0.0048386487285071444	0.00044814647706659105	0.0026433976027868678	0.0021952511257202767
523.3126252505009	0.0050918149800975865	0.0008574389737261434	0.002974626976911865	0.0021171880031857215
525.316633266533	0.0068054396173592435	0.0009732802399798901	0.003889359928669567	0.0029160796886896767
527.3206412825651	0.005635749536268775	-0.0003672165208629119	0.0026342665077029315	0.0030014830285658434
529.3246492985971	0.004654948881586574	0.0009387248557490846	0.002796836868667829	0.0018581120129187445
531.3286573146293	0.004516011503516437	-6.069523450424885e-05	0.002227658134506094	0.002288353369010343
533.3326653306613	0.004889855068533122	0.0009931545043052603	0.0029415047864191912	0.001948350282113931
535.3366733466934	0.0057687769984355874	-0.0009679075457524888	0.0024004347263415493	0.003368342272094038
537.3406813627254	0.004364719549377893	0.001713444535103692	0.0030390820422407927	0.0013256375071371007
539.3446893787575	0.001659553486062948	-0.00017635724433218147	0.0007415981208653832	0.0009179553651975647
541.3486973947896	0.0011345991728255456	-0.00014950051392625952	0.000492549329449643	0.0006420498433759025
543.3527054108216	0.001733141383011394	0.00042791493943517	0.001080528161223282	0.000652613221788112
545.3567134268537	0.003751497843704543	0.0010379164834111165	0.00239470716355783	0.0013567906801467133
547.3607214428857	0.002838734230066864	3.885138315373737e-05	0.0014387928066103006	0.0013999414234565632
549.3647294589179	0.0006091066960417502	-5.729449986857649e-05	0.00027590609808658684	0.0003332005979551633
551.3687374749499	0.001278727313010708	0.0013510611706243347	0.0013148942418175213	-3.616692880681338e-05
553.372745490982	0.0012753275865018399	-0.0007253048904301007	0.0002750113480358696	0.0010003162384659703
555.3767535070141	-5.3717258842178595e-06	-0.0007007756172950907	-0.0003530736715896543	0.00034770194570543644
557.3807615230461	0.0008830414669852571	0.0004225415814368416	0.0006527915242110494	0.00023024994277420774
559.3847695390782	0.001991499281904785	0.000404101010513358	0.0011978001462090715	0.0007936991356957135
561.3887775551102	4.2791052464408175e-05	0.0006518964145248995	0.00034734373349465386	-0.0003045526810302457
563.3927855711422	0.0025336444015975346	0.0005229857006876504	0.0015283150511425925	0.001005329350454942
565.3967935871743	0.0017940160307809982	0.002451820946679284	0.002122918488730141	-0.00032890245794914286
567.4008016032064	0.00220689161733878	0.001369326302656626	0.001788108959997703	0.0004187826573410769
569.4048096192386	0.004659605821191626	0.0005122449454837419	0.002585925383337684	0.002073680437853942
571.4088176352705	0.003344174240948128	0.001069247434629217	0.0022067108377886724	0.0011374634031594555
573.4128256513026	0.003588569207247816	0.000448503665049782	0.002018536436148799	0.001570032771099017
575.4168336673347	0.004920115108399514	0.0020665200075846712	0.0034933175579920928	0.0014267975504074215
577.4208416833667	0.0050493824140815935	0.00107963153067403	0.0030645069723778118	0.0019848754417037817
579.4248496993988	0.004015586077963151	0.0012454261027590174	0.0026305060903610844	0.001385079987602067
581.4288577154308	0.003916753007498053	0.0003337364067205195	0.002125244707109286	0.0017915083003887666
583.432865731463	0.00671860383467382	0.0005688205406659819	0.003643712187669901	0.003074891647003919
585.4368737474949	0.005396188083880871	6.928861621102733e-05	0.002732738350045949	0.0026634497338349217
587.440881763527	0.006704817349413528	0.0004024864763882974	0.0035536519129009125	0.003151165436512615
589.4448897795592	0.005773253811110712	0.001359117094971718	0.003566185453041215	0.002207068358069497
591.4488977955912	0.007062903738754622	0.00011387222284686693	0.0035883879808007446	0.0034745157579538777
593.4529058116232	0.007277397885019132	-0.0005238818984685256	0.0033767579932753033	0.003900639891743829
595.4569138276553	0.007150277272510941	0.00040248955114186025	0.0037763834118264006	0.0033738938606845403
597.4609218436875	0.004734085854898984	-0.0005075876203859409	0.0021132491172565215	0.0026208367376424624
599.4649298597194	0.008193026955175986	-0.0011440874435704185	0.0035244697558027838	0.004668557199373202
601.4689378757514	0.00670159604255216	-0.0006671177331311062	0.003017239154710527	0.0036843568878416333
603.4729458917835	0.006336167552526306	-0.0002913061899553204	0.003022430681285493	0.0033137368712408133
605.4769539078156	0.004306531688932025	0.00013052118269352153	0.002218526435812773	0.0020880052531192517
607.4809619238476	0.004782069899191943	-0.0006293382718521867	0.002076365813669878	0.002705704085522065
609.4849699398798	0.00443848570191141	0.0011763149024980324	0.002807400302204721	0.0016310853997066888
611.4889779559118	0.005551957787872319	-0.0002970342640210566	0.0026274617619256313	0.002924496025946688
613.4929859719439	0.004272154794660921	0.0017902544988657176	0.003031204646763319	0.0012409501478976015
615.4969939879759	0.004918682279296593	-0.0016468417131161317	0.0016359202830902309	0.0032827619962063626
617.501002004008	0.002969075888006212	0.0002809186331048652	0.0016249972605555385	0.0013440786274506733
619.5050100200401	0.0017755736081230822	-0.00020142386091603903	0.0007870748736035216	0.0009884987345195606
621.5090180360721	0.0034557174658186307	-0.0005201215171594109	0.00146779797432961	0.001987919491489021
623.5130260521041	0.0015639442784656232	0.0009347850900114363	0.0012493646842385298	0.0003145795942270935
625.5170340681362	0.0022434139326176217	7.054258003524883e-05	0.0011569782563264353	0.0010864356762911864
627.5210420841684	0.000854574986506873	-0.0004184245580826085	0.00021807521421213227	0.0006364997722947408
629.5250501002004	0.0028532350996935962	-0.0007595030871098141	0.001046866006291891	0.0018063690934017052
631.5290581162322	-0.00012049663269941835	-0.00043238971364811807	-0.0002764431731737682	0.00015594654047434986
633.5330661322645	0.0018924883174354923	-0.0002943484449237088	0.0007990699362558917	0.0010934183811796006
635.5370741482966	0.0020915848747321553	0.0009209983661243593	0.0015062916204282573	0.000585293254303898
637.5410821643286	0.0012608238127393978	-0.0009954817143695838	0.00013267104918490702	0.0011281527635544908
639.5450901803607	0.002501235224749654	0.0014122933756469669	0.0019567643001983104	0.0005444709245513435
641.5490981963928	0.0026283566641782663	0.001326353224002652	0.001977354944090459	0.0006510017200878071
643.5531062124248	0.0021590835754675686	0.0004843122116430232	0.0013216978935552959	0.0008373856819122727
645.5571142284567	0.0022595282932710292	0.0010688885281772142	0.0016642084107241217	0.0005953198825469075
647.561122244489	0.003361720252940237	0.0014667239365168117	0.0024142220947285242	0.0009474981582117126
649.5651302605211	0.0022414431182609107	0.0009784719604319925	0.0016099575393464516	0.0006314855789144591
651.5691382765531	0.00367862507193073	0.0012554529783639357	0.002467039025147333	0.0012115860467833972
653.5731462925851	0.002938461031606554	0.000705789301241655	0.0018221251664241045	0.0011163358651824495
655.5771543086172	0.003775130545483951	0.0015134540295945742	0.0026442922875392627	0.0011308382579446885
657.5811623246493	0.0036979633518278154	0.0008307624792335266	0.002264362915530671	0.0014336004362971444
659.5851703406812	0.004417180392932818	0.0007568150303852716	0.002586997711659045	0.0018301826812737731
661.5891783567133	0.004706335761849201	0.0004365068494073254	0.002571421305628263	0.0021349144562209377
663.5931863727454	0.0037049451319510762	-0.0012022769375270581	0.001251334097212009	0.002453611034739067
665.5971943887776	0.0032308374820693153	-0.0009315629081541044	0.0011496372869576055	0.00208120019511171
667.6012024048096	0.0037239221881451012	0.0019882761325635823	0.0028560991603543417	0.0008678230277907595
669.6052104208417	0.00536091761503199	0.0007437448515523748	0.0030523312332921826	0.002308586381739808
671.6092184368738	0.004369554762670647	0.0005473363795301944	0.0024584455711004205	0.001911109191570226
673.6132264529057	0.0062342919094815485	0.000536055523525425	0.0033851737165034868	0.002849118192978062
675.6172344689378	0.005772000477910266	0.0021187984780879354	0.003945399477999101	0.0018266009999111654
677.6212424849699	0.0042148590061314994	-0.0003725897200546058	0.0019211346430384468	0.0022937243630930526
679.625250501002	0.005734760171509756	-0.00047661222484596255	0.002629073973331897	0.0031056861981778594
681.629258517034	0.006126148962162348	-9.453589240504545e-05	0.003015806534878651	0.0031103424272836966
683.633266533066	0.004584227503330762	0.0015480086558645745	0.0030661180795976684	0.0015181094237330939
685.6372745490982	0.0040587348460222605	0.0008488442317785561	0.0024537895389004083	0.0016049453071218522
687.6412825651302	0.004318704327531675	0.0008961121437331965	0.0026074082356324357	0.0017112960918992393
689.6452905811624	0.0045244258257773895	0.0012644036161352235	0.0028944147209563065	0.001630011104821083
691.6492985971942	0.0036521279901111647	-0.0008282546832651949	0.001411936653422985	0.00224019133668818
693.6533066132264	0.0026869045975633776	0.00014771140528002658	0.001417308001421702	0.0012695965961416755
695.6573146292585	0.0038000177819776937	4.869941497487318e-05	0.0019243585984762834	0.0018756591835014103
697.6613226452905	0.002940608859254734	0.00014645688980952087	0.0015435328745321275	0.0013970759847226066
699.6653306613226	0.0014968028109010323	0.00287579494693202	0.002186298878916526	-0.0006894960680154938
701.6693386773546	0.0035321692116598857	0.00027107175410479023	0.001901620482882338	0.0016305487287775478
703.6733466933869	0.0015557085966052542	0.0003686517748092699	0.000962180185707262	0.0005935284108979921
705.6773547094186	0.002077619293123556	0.000935323225077278	0.001506471259100417	0.000571148034023139
707.6813627254509	0.002047002935567477	-0.0005903056023126574	0.0007283486666274097	0.001318654268940067
709.685370741483	0.0010597584103286817	-0.0021293634261314587	-0.0005348025079013885	0.0015945609182300702
711.689378757515	0.000935859958749452	0.000596751482871527	0.0007663057208104895	0.00016955423793896252
713.693386773547	0.002624060822768226	-0.0004823446317935298	0.0010708580954873481	0.001553202727280878
715.6973947895791	0.002986444397463872	0.001219643093151923	0.0021030437453078976	0.0008834006521559745
717.7014028056113	0.002107162243901284	-0.00018065437253400596	0.0009632539356836389	0.0011439083082176449
719.7054108216431	0.0016078092770323016	4.368692937017915e-05	0.0008257481032012404	0.0007820611738310612
721.7094188376753	0.00309422835915929	0.0018001029542984437	0.002447165656728867	0.0006470627024304232
723.7134268537075	0.003278642892764916	0.0006019441986830909	0.0019402935457240034	0.0013383493470409125
725.7174348697395	0.0025544142603648456	0.0009673711589857081	0.0017608927096752769	0.0007935215506895688
727.7214428857715	0.004619320085833878	-0.0008923512958561863	0.0018634843949888458	0.002755835690845032
729.7254509018036	0.002585924220466773	-0.0005043645613386216	0.0010407798295640758	0.0015451443909026974
731.7294589178358	0.0018235577905840739	0.00019927601645064463	0.0010114169035173592	0.0008121408870667146
733.7334669338676	0.003479531952952475	0.0021682172224818386	0.0028238745877171567	0.0006556573652353181
735.7374749498998	0.004817701405234298	0.0013363802669906777	0.003077040836112488	0.0017406605691218102
737.7414829659318	0.0027379331752850344	-0.002813130496465144	-3.759866059005468e-05	0.002775531835875089
739.7454909819639	0.003615960396930351	-0.0009041695060796329	0.0013558954454253591	0.002260064951504992
741.7494989979959	0.004160073589650315	0.0006894964156953787	0.002424785002672847	0.0017352885869774681
743.753507014028	0.0038340368208530373	0.0008608387979475163	0.002347437809400277	0.0014865990114527605
745.7575150300601	0.0053711242575735785	-0.00015952762737447834	0.00260579831509955	0.0027653259424740284
747.7615230460921	0.004700069704146048	-0.0009895730886181342	0.001855248307763957	0.002844821396382091
749.7655310621243	0.0057863253518887214	0.0006911076612218237	0.0032387165065552725	0.002547608845333449
751.7695390781563	0.005203002688812131	0.000583324141243402	0.0028931634150277663	0.0023098392737843643
753.7735470941884	0.0050386409278567745	0.0007011338913188725	0.0028698874095878235	0.002168753518268951
755.7775551102204	0.004365437188895038	1.2890536722709456e-05	0.002189163862808874	0.0021762733260861644
757.7815631262524	0.004234556063957617	-0.0005201213410226391	0.0018572173614674892	0.0023773387024901282
759.7855711422845	0.005233439665812911	-0.000299718024084461	0.002466860820864225	0.002766578844948686
761.7895791583165	0.0041137024559431135	0.0016636713717427254	0.0028886869138429194	0.001225015542100194
763.7935871743488	0.0029674644912941472	-0.0014323467101516885	0.0007675588905712294	0.002199905600722918
765.7975951903805	0.005077850551540752	0.00043811877976929203	0.002757984665655022	0.00231986588588573
767.8016032064128	0.005437368043728075	-0.000869971789538404	0.0022836981270948353	0.0031536699166332394
769.8056112224449	0.004169742013350852	-0.0002837830510298289	0.0019429794811605117	0.0022267625321903406
771.8096192384769	0.004477337917372259	-0.0017662619785755451	0.0013555379693983571	0.0031217999479739023
773.8136272545089	0.003789810991849496	-0.0018135288649661074	0.0009881410634416943	0.0028016699284078017
775.817635270541	0.002282444694223451	0.0010334399253469906	0.0016579423097852208	0.0006245023844382303
777.8216432865732	0.0023152110172472984	-0.0005186878210168278	0.0008982615981152353	0.001416949419132063
779.825651302605	0.0037876630259492394	-0.0008656744941275551	0.0014609942659108421	0.0023266687600383973
781.8296593186373	0.0031232336377841063	0.00039568617718066523	0.0017594599074823858	0.0013637737303017206
783.8336673346694	0.0016215960458038081	0.0003987296742115065	0.0010101628600076573	0.0006114331857961508
785.8376753507014	0.003113207029628251	-0.0003455540380572497	0.0013838264957855007	0.0017293805338427504
787.8416833667334	0.0010078355064804256	-0.00043418156904140304	0.0002868269687195113	0.0007210085377609143
789.8456913827655	0.004587270559431866	0.0008205555985527635	0.002703913078992315	0.0018833574804395514
791.8496993987977	0.003366016562842078	-0.0004164545825994237	0.0014747809901213271	0.0018912355727207508
793.8537074148295	0.0024040172441855967	0.0011743458663945328	0.0017891815552900647	0.000614835688895532
795.8577154308617	0.003943251864880759	0.0012336090013158607	0.00258843043309831	0.0013548214317824492
797.8617234468937	0.004169384310698465	0.001202992284632387	0.002686188297665426	0.001483196013033039
799.8657314629259	0.0015934859380503097	0.001705567051124457	0.0016495264945873833	-5.604055653707363e-05
801.8697394789579	0.0024550433105515745	0.0002438571300277248	0.0013494502202896497	0.0011055930902619249
803.8737474949899	0.0034814978952699693	-8.647839840358884e-05	0.0016975097484331902	0.001783988146836779
805.877755511022	0.0024673966464900943	-0.0009337121887693645	0.0007668422288603649	0.0017005544176297294
807.881763527054	0.003031025740521609	-0.00011798971145615678	0.0014565180145327261	0.0015745077259888829
809.8857715430862	0.0039774494430058205	0.0002676696443431048	0.0021225595436744626	0.0018548898993313578
811.8897795591182	0.003648726765188459	-0.000327110890132043	0.001660807937528208	0.001987918827660251
813.8937875751503	0.0033563483347482936	-3.3301166163068885e-05	0.0016615235842926124	0.0016948247504556813
815.8977955911823	0.0030446324241412137	-0.0009516148031009086	0.0010465088105201525	0.001998123613621061
817.9018036072143	0.0040796834468148635	-0.0003623822339591243	0.0018586506064278696	0.002221032840386994
819.9058116232464	0.002966571420258468	0.0007220825930034369	0.0018443270066309525	0.0011222444136275156
821.9098196392785	0.005227173576142996	-0.00016847915851980755	0.0025293472088115942	0.002697826367331402
823.9138276553107	0.0030605684145900147	-0.0002008860273302604	0.0014298411936298772	0.0016307272209601376
825.9178356713425	0.0029611997419508596	-0.00038727090591372804	0.0012869644180185658	0.0016742353239322938
827.9218436873747	0.005341581337361956	-0.000378138326631805	0.0024817215053650754	0.0028598598319968804
829.9258517034068	0.004914922388845944	0.0005813560923534355	0.0027481392405996896	0.002166783148246254
831.9298597194388	0.004357201370661423	-0.0011208107778108989	0.0016181952964252622	0.002739006074236161
833.9338677354708	0.004313695435886111	0.0006776805327274316	0.0024956879843067714	0.0018180074515793399
835.9378757515029	0.003309618040104323	0.000988857091416162	0.0021492375657602425	0.0011603804743440804
837.9418837675352	0.004489693397614958	0.0005786689525589805	0.002534181175086969	0.0019555122225279886
839.9458917835669	0.003332176733513048	0.0007170696166796109	0.0020246231750963295	0.0013075535584167186
841.9498997995992	0.0035457757116410527	0.0011938616807931623	0.0023698186962171075	0.0011759570154239452
843.9539078156313	0.003949697440417399	-0.00163860555547779	0.0011555459424698045	0.0027941514979475945
845.9579158316633	0.00485959641584921	0.0004160962183211714	0.0026378463170851907	0.0022217500987640193
847.9619238476953	0.003108909307804608	0.00041538043016597914	0.0017621448689852937	0.0013467644388193145
849.9659318637274	0.002248068492924804	-0.0005922762541991089	0.0008278961193628476	0.0014201723735619565
851.9699398797596	0.0017354676179798245	0.00013804242216541862	0.0009367550200726216	0.000798712597907203
853.9739478957914	0.0036643020183566577	0.00031440049489117605	0.001989351256623917	0.0016749507617327408
855.9779559118236	0.0037124654389457667	-0.0009133001825964993	0.0013995826281746337	0.002312882810771133
857.9819639278556	0.0018708242494795968	1.1995893348437647e-05	0.0009414100714140172	0.0009294141780655796
859.9859719438879	0.004279315364337899	0.0005992577526083842	0.0024392865584731416	0.0018400288058647574
861.9899799599198	0.002156936267896481	0.0007711382648530885	0.0014640372663747847	0.0006928990015216963
863.9939879759518	0.0023447519748838186	0.00030365768321427566	0.0013242048290490471	0.0010205471458347715
865.9979959919841	0.002637308659691917	0.0007297812689855965	0.0016835449643387568	0.0009537636953531603
868.0020040080159	0.002839807738680422	-0.0006787539306931656	0.0010805269039936283	0.0017592808346867939
870.0060120240481	0.003404330413034007	0.000763083620022531	0.002083707016528269	0.001320623396505738
872.0100200400801	0.002803103307476129	-0.0007885074283034976	0.0010072979395863157	0.0017958053678898134
874.0140280561124	0.002335084665274767	-0.0014839127655221773	0.00042558594987629483	0.0019094987153984722
876.0180360721442	0.002728084197770597	-0.0008040838461016442	0.0009620001758344765	0.0017660840219361207
878.0220440881762	0.0017197125379848632	0.0004610370095525784	0.0010903747737687208	0.0006293377642161424
880.0260521042084	0.0022980222211808066	-0.0005426806123729477	0.0008776708044039294	0.0014203514167768772
882.0300601202404	0.0029432938581437362	0.00018996538385618322	0.0015666296209999597	0.0013766642371437765
884.0340681362726	0.0028439255764850513	-6.409739467139186e-05	0.0013899140909068297	0.0014540114855782216
886.0380761523046	0.0034295752758819464	0.0009286985951242333	0.00217913693550309	0.0012504383403788566
888.0420841683366	0.00323781898435338	-0.00034877743505790093	0.0014445207746477395	0.0017932982097056405
890.0460921843687	0.0029540364608681147	-0.00021467413726006246	0.001369681161804026	0.0015843552990640886
892.0501002004007	0.0021461926827468503	0.00072351541904081	0.0014348540508938301	0.0007113386318530202
894.0541082164328	0.003463952743149701	0.0011388949979622698	0.0023014238705559853	0.0011625288725937155
896.0581162324648	0.0044853948241979635	-0.0010001369905280333	0.0017426289168349651	0.0027427659073629984
898.0621242484971	0.0023567491489910886	-0.0007847476754578864	0.0007860007367666011	0.0015707484122244875
900.0661322645288	0.00371264367841162	0.002289249837887919	0.0030009467581497695	0.0007116969202618506
902.0701402805611	0.005285183177582753	0.0021787798906601763	0.0037319815341214646	0.0015532016434612883
904.0741482965932	0.004443140373204146	-0.0013077324005161817	0.0015677039863439823	0.002875436386860164
906.0781563126252	0.003496179954063372	0.0012713864825104615	0.0023837832182869167	0.0011123967357764553
908.0821643286572	0.0043539769734078915	0.0008730156223958341	0.0026134962979018628	0.0017404806755060287
910.0861723446893	0.004721730732949125	0.0018004606427380887	0.003261095687843607	0.0014606350451055183
912.0901803607215	0.003872171341765429	-9.614656772882757e-05	0.0018880123870183008	0.0019841589547471283
914.0941883767533	0.0035387933282582384	-0.0010214428669639286	0.001258675230647155	0.0022801180976110835
916.0981963927856	0.0041020627490566675	0.0011542917828706312	0.0026281772659636493	0.0014738854830930181
918.1022044088177	0.004232765592440901	0.0003937156608987413	0.0023132406266698213	0.00191952496577108
920.1062124248497	0.00376599883595663	-0.0006724871789154374	0.0015467558285205962	0.0022192430074360336
922.1102204408817	0.0023986442182918344	0.0003049106369176213	0.0013517774276047279	0.0010468667906871065
924.1142284569138	0.003415252651911005	-0.00014305727053620654	0.0016360976906873992	0.0017791549612236057
926.1182364729457	0.004374568069068774	0.001043285450803566	0.00270892675993617	0.0016656413091326039
928.1222444889778	0.0033912619831645285	-0.0011532189951685146	0.001119021493998007	0.0022722404891665215
930.12625250501	0.003104970317376443	0.00048305891980726656	0.0017940146185918548	0.0013109556987845883
932.1302605210421	0.004124980027799374	3.2764919385197544e-05	0.002078872473592286	0.0020461075542070883
934.134268537074	0.0037414696224712385	-0.0006400791177260112	0.0015506952523726136	0.002190774370098625
936.1382765531062	0.005442560173377853	-0.0022967676886280763	0.0015728962423748882	0.0038696639310029646
938.1422845691383	0.0025513691724102783	-0.0006760671504532079	0.0009376510109785352	0.001613718161431743
940.1462925851702	0.0035203506083765213	-0.0005958566245476415	0.0014622469919144399	0.0020581036164620814
942.1503006012023	0.002186656335204651	-0.00064043865122132	0.0007731088419916654	0.0014135474932129855
944.1543086172345	0.003361719981289313	0.0006019438234133867	0.0019818319023513498	0.001379888078937963
946.1583166332666	0.003775846551255624	0.0002859324726187662	0.002030889511937195	0.0017449570393184288
948.1623246492985	0.0031588625525174052	0.0004055338522401808	0.001782198202378793	0.0013766643501386122
950.1663326653306	0.0017761105136422373	-0.0010957458675653342	0.00034018232303845153	0.0014359281906037857
952.1703406813626	0.0030695200409075474	-0.000696121221011814	0.0011866994099478667	0.0018828206309596807
954.1743486973946	0.002692097794608106	0.0006416910670434817	0.0016668944308257938	0.0010252033637823121
956.1783567134268	0.002937923004652454	-0.0006959413368630152	0.0011209908338947194	0.0018169321707577346
958.182364729459	0.003114101458152718	0.0014962642826502615	0.00230518287040149	0.0008089185877512284
960.1863727454908	0.0016971523501208008	-0.0017222188782402004	-1.2533264059699789e-05	0.0017096856141805006
962.190380761523	0.002755656303283893	0.000932279924714785	0.0018439681139993391	0.0009116881892845541
964.194388777555	0.0022459203271207873	0.00032729132316133835	0.0012866058251410628	0.0009593145019797245
966.1983967935871	0.0034524930179964386	0.0003353477677137118	0.0018939203928550752	0.0015585726251413634
968.2024048096191	0.0027755304978825945	0.0006055242575070396	0.001690527377694817	0.0010850031201877774
970.2064128256512	0.003075429358187498	-0.0003124319795447805	0.0013814986893213588	0.0016939306688661393
972.2104208416835	0.0017177430054804432	-0.0013045111047536029	0.00020661595036342018	0.001511127055117023
974.2144288577152	0.002262930262385665	0.0011385365515282908	0.001700733406956978	0.0005621968554286871
976.2184368737475	0.003920335117279405	0.0004515484233111877	0.0021859417702952966	0.0017343933469841089
978.2224448897795	0.0031939561709305453	0.00018280468124298732	0.0016883804260867663	0.001505575744843779
980.2264529058116	0.004049783122872408	-0.00036112939494026275	0.0018443268639660726	0.0022054562589063353
982.2304609218436	0.0021508492451082217	0.0007281699989177826	0.0014395096220130021	0.0007113396230952196
984.2344689378757	0.004473936823557012	-0.0006767827019070749	0.0018985770608249686	0.0025753597627320435
986.2384769539077	0.004123727314300996	-0.0003770643053934153	0.0018733315044537902	0.0022503958098472054
988.2424849699397	0.004275914446242202	0.000400341062883558	0.00233812775456288	0.0019377866916793218
990.2464929859719	0.0026007847700137976	0.00040463853182926	0.0015027116509215288	0.0010980731190922688
992.250501002004	0.001266016207608467	-0.0011482055434411942	5.890533208363635e-05	0.0012071108755248305
994.2545090180361	0.0029509933111354636	-9.990572517459828e-05	0.0014255437929804327	0.001525449518155031
996.2585170340681	0.0023998976056249788	0.001348555562061815	0.001874226583843397	0.0005256710217815819
998.2625250501002	0.003074533532993362	-0.0007211877219766016	0.0011766729055083802	0.0018978606274849819
1000.2665330661322	0.003665018837441303	-0.0010599369845482043	0.0013025409264465493	0.0023624779109947536
1002.2705410821642	0.0037656401546166673	0.000658163825798308	0.0022119019902074877	0.0015537381644091797
1004.2745490981964	0.0022801174188469275	4.458073028690279e-05	0.0011623490745669152	0.0011177683442800124
1006.2785571142284	0.002338664823620551	-0.0007176056647177909	0.00081052957945138	0.001528135244169171
1008.2825651302604	0.0026681058443379646	-4.977458886090691e-05	0.0013091656277385288	0.0013589402165994358
1010.2865731462925	0.0031454339098724304	0.0010406001822840238	0.002093017046078227	0.0010524168637942033
1012.2905811623244	0.0024546842289497883	0.0007344364173994533	0.0015945603231746208	0.0008601239057751675
1014.2945891783567	0.003485616957617288	0.00031010328312308655	0.0018978601203701873	0.0015877568372471007
1016.2985971943887	0.0037948248888421965	-6.964836901235394e-05	0.0018625882599149213	0.0019322366289272752
1018.3026052104209	0.0023812769361051256	-0.00024493144655579613	0.0010681727447746647	0.0013131041913304609
1020.3066132264527	0.0008117832608361963	-0.00040607057317598727	0.00020285634383010454	0.0006089269170060918
1022.3106212424849	0.0030630739084942515	-0.0013170444194834374	0.0008730147445054071	0.0021900591639888445
1024.314629258517	0.0036578560403658367	-0.0011054148044219447	0.001276220617971946	0.0023816354223938907
1026.3186372745488	0.0016527501471730321	0.0008366697096993114	0.0012447099284361718	0.00040804021873686036
1028.322645290581	0.0032875951553837934	-0.00035271594982877463	0.0014674396027775094	0.001820155552606284
1030.326653306613	0.002020682902137305	0.0004869965379686869	0.001253839720052996	0.0007668431820843091
1032.3306613226453	0.0022050984511776672	8.951859850503396e-06	0.0011070251555140853	0.001098073295663582
1034.3346693386773	0.0016597316162374476	-2.3633926401700478e-05	0.0008180488449178736	0.000841682771319574
1036.3386773547095	0.0016452293450486266	0.00043059943659429223	0.0010379143908214594	0.0006073149542271672
1038.3426853707415	0.004248162341935369	0.0013283232890383134	0.002788242815486841	0.0014599195264485276
1040.3466933867733	0.002452177530493427	0.0006835875526364221	0.0015678825415649245	0.0008842949889285023
1042.3507014028055	0.0030716686439447027	-0.00023239807938835177	0.0014196352822781755	0.0016520333616665273
1044.3547094188375	0.002616718914734917	0.0005179718186812954	0.001567345366708106	0.0010493735480268107
1046.3587174348695	0.0022278361201616415	-0.001504501289350979	0.0003616674154053312	0.0018661687047563102
1048.3627254509017	0.002677056962009039	-0.0008135726641435026	0.0009317421489327682	0.0017453148130762708
1050.3667334669337	0.0018142461917664	-2.1306373717666638e-05	0.0008964699090243666	0.0009177762827420333
1052.370741482966	0.003113027461463913	0.0017684109320319497	0.0024407191967479314	0.0006723082647159817
1054.3747494989977	0.003326984616597861	0.0007022076399904043	0.0020145961282941327	0.0013123884883037285
1056.37875751503	0.004092573503050256	-0.0003326623176679311	0.0018799555926911626	0.0022126179103590937
1058.382765531062	0.0025866400454295224	0.0009899315191472802	0.0017882857822884013	0.0007983542631411211
1060.386773547094	0.003718732522634993	0.0007569958288139444	0.002237864175724469	0.0014808683469105244
1062.3907815631262	0.0025578147191306355	0.0002152105306453267	0.001386512624887981	0.0011713020942426544
1064.3947895791582	0.004082906576706513	0.001518647012497265	0.002800776794601889	0.001282129782104624
1066.3987975951904	0.004920829505288604	-0.000255315897856101	0.0023327568037162516	0.0025880727015723526
1068.4028056112222	0.0029934269609240838	-0.0011754205536599338	0.000909003203632075	0.002084423757292009
1070.4068136272545	0.0030353229052280106	0.0012162417365439993	0.002125782320886005	0.0009095405843420057
1072.4108216432865	0.003040515339022276	-0.0003949698222700526	0.0013227727583761117	0.0017177425806461644
1074.4148296593185	0.0030654029642906977	0.0001491433933458186	0.0016072731788182582	0.0014581297854724395
1076.4188376753507	0.004539467033135902	1.2891820330485082e-05	0.0022761794267331936	0.0022632876064027085
1078.4228456913827	0.003639236422661507	-0.00021485278572697109	0.001712191818467268	0.001927044604194239
1080.426853707415	0.0025125164533347233	0.00048574402191825516	0.0014991302376264892	0.001013386215708234
1082.4308617234467	0.0034005720162878506	-0.0016849779256505881	0.0008577970453186312	0.0025427749709692193
1084.434869739479	0.0031728274811242407	0.001702164564533426	0.0024374960228288334	0.0007353314582954074
1086.438877755511	0.004839184795679574	-0.0011179468114393964	0.0018606189921200889	0.0029785658035594853
1088.442885771543	0.003897417773998324	0.0001281956577339205	0.0020128067158661223	0.0018846110581322018
1090.4468937875752	0.0037011843511347564	-0.001766082868622565	0.0009675507412560957	0.0027336336098786607
1092.4509018036072	0.004013436482141697	-0.0002914819343190489	0.001860977273911324	0.002152459208230373
1094.4549098196392	0.0016441552970101192	0.00029703397823421795	0.0009705946376221686	0.0006735606593879506
1096.4589178356712	0.0027125066135057496	0.0017897178772016131	0.0022511122453536814	0.00046139436815206825
1098.4629258517034	0.0037765614380846912	-0.0003858387788260309	0.0016953613296293302	0.002081200108455361
1100.4669338677354	0.002000988570802553	0.00021700033635108085	0.001108994453576817	0.0008919941172257362
1102.4709418837674	0.0027928970349778703	-0.0018421778030400793	0.00047535961596889553	0.002317537419008975
1104.4749498997996	0.0034913476784682596	0.0005045451833757264	0.001997946430921993	0.0014934012475462666
1106.4789579158314	0.003232807433611762	2.1471592895894176e-06	0.0016174772964506756	0.0016153301371610862
1108.4829659318636	0.002462922141931667	-0.0003677563761366187	0.0010475828828975242	0.001415339259034143
1110.4869739478956	0.0025023098664004317	0.0009292350841790809	0.0017157724752897563	0.0007865373911106754
1112.4909819639279	0.004517802355152867	0.002645723735648531	0.003581763045400699	0.000936039309752168
1114.4949899799599	0.0032711224936119443	0.0002531673404988499	0.0017621449170553971	0.0015089775765565472
1116.4989979959919	0.004601415430831812	0.0005879786069444837	0.002594697018888148	0.0020067184119436643
1118.5030060120241	0.0027533302467854792	-0.0014266175380539536	0.0006633563543657628	0.0020899738924197164
1120.507014028056	0.0024471653321097575	0.000859766542333884	0.0016534659372218208	0.0007936993948879367
1122.5110220440881	0.002449134818336529	-0.0014912525125797549	0.0004789411528783871	0.001970193665458142
1124.5150300601201	0.00226829988655608	6.857406335181171e-05	0.0011684369749539458	0.0010998629116021341
1126.5190380761524	0.0038578464590226513	-0.002542951926462589	0.0006574472662800313	0.00320039919274262
1128.5230460921844	0.0010921647990764782	0.00042361700883009057	0.0007578909039532844	0.00033427389512319383
1130.5270541082164	0.0018180069973907642	-3.330154143821318e-05	0.0008923527279762755	0.0009256542694144887
1132.5310621242486	0.0014855233069240859	0.0011961883725369882	0.001340855839730537	0.00014466746719354884
1134.5350701402804	0.0033268062781477425	0.0014826575054089908	0.0024047318917783667	0.0009220743863693759
1136.5390781563126	0.0048608487939222345	-0.0006117911278052945	0.00212452883305847	0.0027363199608637645
1138.5430861723446	0.002434990263240344	-2.7931002496872637e-05	0.0012035296303717358	0.0012314606328686084
1140.5470941883768	0.003410597656620218	0.0001487847765212491	0.0017796912165707335	0.0016309064400494844
1142.5511022044088	0.0023325771180044974	0.0009578819684921136	0.0016452295432483055	0.0006873475747561919
1144.5551102204408	0.003972973064166663	0.0003767079108059068	0.0021748404874862848	0.001798132576680378
1146.559118236473	0.004305635995904278	0.0006860958525553018	0.00249586592422979	0.001809770071674488
1148.5631262525048	0.002567840622115236	0.001929013941733393	0.0022484272819243145	0.0003194133401909216
1150.5671342685368	0.0028245899791424778	0.000807844873748853	0.0018162174264456654	0.0010083725526968124
1152.571142284569	0.0017875702129086513	5.1207757447047086e-05	0.0009193889851778492	0.0008681812277308021
1154.575150300601	0.0034693232876815694	-3.4554183682034e-05	0.0017173845519997677	0.0017519387356818017
1156.5791583166333	0.0012330726901570443	-0.0003468070843419824	0.000443132802907531	0.0007899398872495134
1158.5831663326653	0.001954796599716979	0.0020256967822535055	0.0019902466909852423	-3.545009126826315e-05
1160.5871743486975	0.003880585747765619	-0.001024485262746011	0.001428050242509804	0.002452535505255815
1162.5911823647293	0.004315124514583379	-0.0008481297050291214	0.001733497404777129	0.0025816271098062504
1164.5951903807613	0.003006495723345437	-2.5065567157311897e-05	0.0014907150780940626	0.0015157806452513745
1166.5991983967936	0.0026863674582197072	-0.0005446507331207107	0.0010708583625494983	0.001615509095670209
1168.6032064128256	0.0021592632069170614	-0.00085188861628549	0.0006536872953157857	0.0015055759116012757
1170.6072144288578	0.0038374370202700625	-0.000458530480942132	0.0016894532696639653	0.0021479837506060973
1172.6112224448898	0.003484184189539108	-0.000392463068303317	0.0015458605606178955	0.0019383236289212125
1174.615230460922	0.0023517352499290434	6.642441851567593e-05	0.0012090798342223597	0.0011426554157066837
1176.6192384769538	0.0022469945849672435	0.0003312299879354441	0.0012891122864513438	0.0009578822985158997
1178.6232464929858	0.0022953374249726766	0.00097292135842586	0.0016341293916992683	0.0006612080332734083
1180.6272545090178	0.00291751175450361	-0.0008162581948837344	0.0010506267798099378	0.0018668849746936722
1182.63126252505	0.0008656756419616052	6.39185731192704e-05	0.0004647971075404378	0.0004008785344211674
1184.635270541082	0.002568199247887204	-0.0005303275407735342	0.001018935853556835	0.001549263394330369
1186.6392785571143	0.0028956672228954705	0.0019227461468183105	0.0024092066848568905	0.00048646053803858
1188.6432865731465	0.0024124303910471045	0.0013417514810420972	0.0018770909360446009	0.0005353394550025037
1190.6472945891783	0.0015999312645902375	-0.0013438996689127958	0.00012801579783872086	0.0014719154667515166
1192.6513026052103	-0.0006142983201509189	-0.0008545744530552568	-0.0007344363866030879	0.00012013806645216896
1194.6553106212423	0.0014169497622062988	-0.000773825653133331	0.0003215620545364839	0.0010953877076698149
1196.6593186372745	0.0033148092877792745	-0.0003759900764379598	0.0014694096056706574	0.0018453996821086172
1198.6633266533065	0.002962631470200705	-0.0003353479850798369	0.001313641742560434	0.001648989727640271
1200.6673346693387	0.001687483662164757	1.2353328726621982e-05	0.0008499184954456895	0.0008375651667190676
1202.671342685371	0.003433873370674023	0.00010760442541335458	0.0017707388980436889	0.0016631344726303343
1204.6753507014027	0.004526754145327105	-0.001912719454766787	0.0013070173452801592	0.003219736800046946
1206.6793587174348	0.004218979282752278	0.0009159856912672737	0.0025674824870097757	0.001651496795742502
1208.6833667334668	0.004250850109001503	-0.00035056696814428356	0.0019501415704286096	0.002300708538572893
1210.6873747494988	0.0020256974701137187	-5.87285827983175e-05	0.0009834844436577006	0.001042213026456018
1212.691382765531	0.004128383669050106	-0.0004655142515551658	0.0018314347087474703	0.002296948960302636
1214.695390781563	0.0037217758603034223	0.0010787364836783997	0.002400256171990911	0.0013215196883125113
1216.6993987975954	0.002795225733767448	0.0018441465931878787	0.0023196861634776633	0.00047553957028978466
1218.7034068136272	0.0022285527862473398	0.0009530463886593399	0.0015907995874533398	0.0006377531987939999
1220.7074148296592	0.003046782920028801	0.0008040836059431955	0.0019254332629859983	0.0011213496570428028
1222.7114228456912	0.0013258162022683484	-3.777833201612513e-05	0.0006440189351261116	0.0006817972671422368
1224.7154308617232	0.0026587951477918814	0.00029685418072045167	0.0014778246642561665	0.0011809704835357149
1226.7194388777555	0.00515519838971612	-0.000223624169064629	0.0024657871103257456	0.0026894112793903746
1228.7234468937875	0.0023329355713883615	-0.0009192093322778483	0.0007068631195552566	0.001626072451833105
1230.72745490982	0.0032086366754863205	-0.00030706041002537265	0.001450788132730474	0.0017578485427558466
1232.7314629258517	0.0016298322431587131	-0.00046998952127763616	0.0005799213609405385	0.0010499108822181746
1234.7354709418837	0.0031370197721041215	0.0008126774102035217	0.0019748485911538216	0.0011621711809503
1236.7394789579157	0.002183613708857668	-0.00047768773409317955	0.0008529629873822442	0.0013306507214754237
1238.7434869739477	0.0028992497090775116	2.846757466101746e-05	0.0014638586418692645	0.001435391067208247
1240.7474949899797	0.0009190303685898682	-0.0012878597533764191	-0.00018441469239327546	0.0011034450609831437
1242.751503006012	0.0023782340862035234	0.001202633987419155	0.0017904340368113392	0.0005878000493921842
1244.755511022044	0.0007102642012463134	0.0008234198512334645	0.000766842026239889	-5.6577824993575554e-05
1246.7595190380762	0.0030394402863221925	0.000358086851378725	0.0016987635688504588	0.0013406767174717338
1248.7635270541082	0.0026319376850191256	0.0005772350227187806	0.001604586353868953	0.0010273513311501725
1250.7675350701402	0.002910172220412899	0.0007025669068739804	0.0018063695636434396	0.0011038026567694592
1252.7715430861722	0.0024045530533116644	0.0024049105868768628	0.0024047318200942636	-1.7876678259920453e-07
1254.7755511022042	0.003942535438649308	0.001442732118342116	0.002692633778495712	0.0012499016601535962
1256.7795591182364	0.00284714907841066	0.0003426898571702308	0.0015949194677904455	0.0012522296106202147
1258.7835671342684	0.0022045620297149737	0.0008979033110009249	0.0015512326703579493	0.0006533293593570244
1260.7875751503007	0.0040028742459140565	-0.0006952245319437056	0.0016538248569851755	0.002349049388928881
1262.7915831663327	0.002097315527475496	0.0016744137348583266	0.0018858646311669114	0.00021145089630858482
1264.7955911823647	0.003212576711680404	-0.000750011525772809	0.0012312825929537974	0.0019812941187266064
1266.7995991983967	0.0022042040198714252	0.0004728535751007401	0.0013385287974860827	0.0008656752223853426
1268.8036072144287	0.0017442415530294353	0.0018355542204783193	0.0017898978867538773	-4.5656333724442e-05
1270.8076152304604	0.001850592425543085	-0.0005339079901461874	0.0006583422176984488	0.0011922502078446362
1272.811623246493	0.0022514720183023362	0.0009652242191978688	0.0016083481187501025	0.0006431238995522337
1274.815631262525	0.0010703211725604511	-0.001381498486458188	-0.00015558865694886848	0.0012259098295093196
1276.8196392785571	0.004092573907843566	0.001832330670547555	0.0029624522891955607	0.0011301216186480056
1278.8236472945891	0.003288847946120388	-0.0003156534042163539	0.001486597270952017	0.001802250675168371
1280.8276553106211	0.003570305174659949	0.00021646391312823976	0.0018933845438940944	0.0016769206307658546
1282.8316633266531	0.002580374036307287	0.0004651540866482673	0.001522764061477777	0.0010576099748295098
1284.835671342685	0.0029782074009521153	-0.0002699983971778952	0.00135410450188711	0.0016241028990650053
1286.8396793587174	0.003275420095981585	0.00019909627604286495	0.001737258186012225	0.00153816190996936
1288.8436873747494	0.0022783271586921394	-0.00184969835373483	0.00021431440247865474	0.0020640127562134847
1290.8476953907816	0.0020461076410296375	0.0002667739273261027	0.00115644078417787	0.0008896668568517674
1292.8517034068136	0.0029522461613221695	-0.000204288345682202	0.0013739789078199838	0.0015782672535021858
1294.8557114228456	0.0009274451960951113	0.00019766274133170558	0.0005625539687134085	0.0003648912273817029
1296.8597194388776	0.0027986277776409496	-0.0004689151198132846	0.0011648563289138325	0.001633771448727117
1298.8637274549094	0.0011759569990675844	-0.000620922047917527	0.0002775174755750287	0.0008984395234925557
1300.8677354709416	0.0015197197530031348	-0.00062271388522539	0.0004485029338888724	0.0010712168191142624
1302.8717434869739	0.004603026886527473	-0.0008724794235587252	0.0018652737314843737	0.002737753155043099
1304.8757515030059	0.0038324234769095966	-0.0007747214825615245	0.001528850997174036	0.0023035724797355606
1306.879759519038	0.003915142171639352	-5.2460638073958954e-05	0.0019313407667826965	0.0019838014048566555
1308.88376753507	0.002866307228314935	-0.002560499447554432	0.00015290389038025154	0.0027134033379346834
1310.887775551102	0.001737795519776264	0.000703998612962331	0.0012208970663692975	0.0005168984534069665
1312.8917835671339	0.003535211585215081	-0.0001448464189007792	0.001695182583157151	0.0018400290020579302
1314.895791583166	0.004483963011735925	-0.000532117333554627	0.001975922839090649	0.002508040172645276
1316.8997995991983	0.0032372834859022426	-0.0013874077008491081	0.0009249378925265672	0.0023123455933756754
1318.9038076152303	0.0025451014827840845	6.10538427096019e-05	0.0013030776627468432	0.0012420238200372413
1320.9078156312626	0.003286342347243343	-0.0007048942678113956	0.0012907240397159736	0.0019956183075273692
1322.9118236472946	0.0018932048842952298	0.001582743208703219	0.0017379740464992244	0.00015523083779600544
1324.9158316633266	0.0037020803117157053	0.0016054823240533311	0.002653781317884518	0.001048298993831187
1326.9198396793583	0.0014414784551106674	0.0004871774007682017	0.0009643279279394346	0.00047715052717123285
1328.9238476953906	0.002658257300130029	0.000915808108840177	0.001787032704485103	0.000871224595644926
1330.9278557114226	0.0035350339216706494	0.0011419406215951167	0.002338487271632883	0.0011965466500377664
1332.9318637274548	0.0032116803488171364	0.001497877638804379	0.0023547789938107577	0.0008569013550063787
1334.9358717434868	0.002082273450706107	-0.0001665101644133804	0.0009578816431463633	0.0011243918075597437
1336.939879759519	0.002507682639713349	-0.00020446718522137974	0.0011516077272459846	0.0013560749124673643
1338.943887775551	0.0013320828605843937	0.002038587185744345	0.0016853350231643693	-0.0003532521625799756
1340.9478957915828	0.0018024290805064291	-0.0012613607456993803	0.00027053416740352443	0.0015318949131029047
1342.951903807615	0.0022973044354295258	0.0005799214708586131	0.0014386129531440695	0.0008586914822854563
1344.955911823647	0.002206171833809556	-0.0001980218868413708	0.0010040749734840926	0.0012020968603254634
1346.9599198396793	0.003918902412577974	0.0007842096735207749	0.0023515560430493743	0.0015673463695285994
1348.9639278557113	0.0023529888181272884	7.304854326362076e-05	0.0012130186806954546	0.0011399701374318338
1350.9679358717435	0.0019370703119255817	0.0004964874201870417	0.0012167788660563117	0.00072029144586927
1352.9719438877755	0.0024462690543474164	0.000240813267447626	0.0013435411608975212	0.0011027278934498952
1354.9759519038073	0.001964464170520208	-0.0006560160971410545	0.0006542240366895768	0.0013102401338306313
1356.9799599198395	0.001590442186958252	0.00057992182600064	0.001085182006479446	0.0005052601804788059
1358.9839679358715	0.0026174346954359606	0.000762903580040053	0.0016901691377380068	0.0009272655576979538
1360.9879759519035	0.002511979245249818	-0.001145878790913657	0.0006830502271680805	0.0018289290180817375
1362.9919839679358	0.0025477865339527117	0.00036202510722671555	0.0014549058205897136	0.001092880713362998
1364.995991983968	0.0033504379900302084	0.00048073101057344303	0.0019155845003018257	0.0014348534897283827
1367.0	0.0023648058690145524	0.0007779429397428705	0.0015713744043787115	0.0007934314646358409
1372.1777777777777	0.0027126868400090265	1.9516466333802107e-05	0.0013661016531714143	0.0013465851868376122
1377.3555555555556	0.002604006929457725	-0.0007390909571445281	0.0009324579861565985	0.0016715489433011266
1382.5333333333335	0.0023905863066820965	0.0008307608353140816	0.001610673570998089	0.0007799127356840074
1387.711111111111	0.002023549003895009	-0.0005618375718953184	0.0007308557159998452	0.0012926932878951636
1392.888888888889	0.004019525293289972	0.0002721463645602995	0.0021458358289251356	0.001873689464364836
1398.0666666666666	0.003386427237924594	-4.297852700951843e-06	0.0016910646926118211	0.001695362545312773
1403.2444444444445	0.004108511034275675	-0.0010089086269192693	0.0015498012036782027	0.002558709830597472
1408.4222222222222	0.0028872554040266785	-0.000554674754015716	0.0011662903250054812	0.0017209650790211972
1413.5999999999997	0.0032222437441090657	0.0007274524175325814	0.0019748480808208235	0.0012473956632882421
1418.777777777778	0.0032637812512870124	0.000494697266514077	0.0018792392589005447	0.0013845419923864677
1423.9555555555555	0.0024197734288782247	0.0009845621183419695	0.001702167773610097	0.0007176056552681276
1429.1333333333334	0.001934386528479104	-0.0007863580509535062	0.0005740142387627989	0.001360372289716305
1434.3111111111111	0.003093153853497288	-0.0011351353362638594	0.0009790092586167143	0.0021141445948805737
1439.4888888888888	0.003125741898768908	-0.002033216865235943	0.0005462625167664825	0.0025794793820024253
1444.6666666666667	0.0017091489930655124	0.00040929339037687473	0.0010592211917211936	0.0006499278013443188
1449.8444444444442	0.0013734414615471646	-0.00041269475251182186	0.0004803733545176714	0.0008930681070294932
1455.0222222222221	0.0009401575464041967	0.0007206502634665712	0.000830403904935384	0.00010975364146881272
1460.2	0.003009899177262021	0.001948888270857596	0.0024793937240598085	0.0005305054532022124
1465.3777777777777	-0.00025603091319681415	1.7909784196801226e-06	-0.000127119967388567	-0.00012891094580824713
1470.5555555555557	0.0017660839457124267	0.000987602818104949	0.0013768433819086878	0.00038924056380373884
1475.7333333333333	0.0030585992096441306	-0.000939441496452309	0.0010595788565959108	0.00199902035304822
1480.9111111111113	0.0010835719759567652	0.0004085778499076653	0.0007460749129322153	0.00033749706302454996
1486.0888888888887	0.004519951950205492	0.0007611129664442107	0.0026405324583248513	0.0018794194918806406
1491.2666666666667	0.0018106662640845483	-9.721968402798264e-05	0.0008567232900282828	0.0009539429740562655
1496.4444444444443	0.002346721495338544	0.0011754200803688608	0.0017610707878537024	0.0005856507074848416
1501.6222222222223	0.0007133103281345976	0.0005972882231338739	0.0006552992756342357	5.801105250036187e-05
1506.8	0.00255047305386058	-0.00018710035082292187	0.0011816863515188292	0.001368786702341751
1511.9777777777779	0.00370172233765953	0.0017505060839985154	0.0027261142108290226	0.0009756081268305072
1517.1555555555558	0.0024369601246359007	-0.00013911700546054284	0.001148921559587679	0.0012880385650482218
1522.3333333333333	0.00164988657098597	-8.790992381113583e-05	0.0007809883235874171	0.0008688982473985529
1527.5111111111112	0.0036566048522119754	0.0004893257564078102	0.002072965304309893	0.0015836395479020826
1532.6888888888889	0.003317674083967659	-0.00010993139082449144	0.0016038713465715837	0.0017138027373960751
1537.8666666666668	0.0020890799444999164	0.0004562031475101591	0.0012726415460050378	0.0008164383984948786
1543.0444444444445	0.002865410324781159	-0.0004687360640516225	0.0011983371303647683	0.0016670731944163908
1548.222222222222	0.0014364651948884921	0.0008076651117737699	0.001122065153331131	0.0003144000415573611
1553.4000000000003	0.002555127000215318	-0.0006454531420214682	0.000954836929096925	0.0016002900711183932
1558.5777777777778	0.0011813282803400105	-0.0010871507492909993	4.708876552450558e-05	0.0011342395148155049
1563.7555555555555	0.001358759728705361	0.0006905696978084519	0.0010246647132569064	0.00033409501544845455
1568.9333333333334	0.0021273937133405862	0.0012411292980269995	0.0016842615056837928	0.0004431322076567934
1574.111111111111	0.00228083411151192	-0.0003822575384158089	0.0009492882865480556	0.0013315458249638645
1579.288888888889	0.0014038784172717422	0.00030311983820363597	0.0008534991277376891	0.0005503792895340531
1584.4666666666665	0.0016273259144834462	0.0007084748143773023	0.0011679003644303743	0.00045942555005307195
1589.6444444444444	0.0015526642310550454	-0.0012504379346238714	0.00015111314821558697	0.0014015510828394584
1594.8222222222223	0.0023970327308675543	0.0007136671114067461	0.0015553499211371502	0.0008416828097304041
1600.0	0.002596127747572008	0.00048664050673996595	0.001541384127155987	0.001054743620416021
