# time (ps)	 data plus loopwise
200.0	nan	nan	nan	nan
201.00100100100101	nan	nan	nan	nan
202.002002002002	nan	nan	nan	nan
203.00300300300304	nan	nan	nan	nan
204.00400400400403	nan	nan	nan	nan
205.00500500500502	nan	nan	nan	nan
206.006006006006	nan	nan	nan	nan
207.00700700700702	nan	nan	nan	nan
208.008008008008	nan	nan	nan	nan
209.00900900900902	nan	nan	nan	nan
210.01001001001	nan	nan	nan	nan
211.011011011011	nan	nan	nan	nan
212.01201201201198	nan	nan	nan	nan
213.01301301301302	nan	nan	nan	nan
214.014014014014	nan	nan	nan	nan
215.01501501501502	nan	nan	nan	nan
216.016016016016	nan	nan	nan	nan
217.01701701701703	nan	nan	nan	nan
218.018018018018	nan	nan	nan	nan
219.01901901901905	nan	nan	nan	nan
220.02002002002004	nan	nan	nan	nan
221.02102102102103	nan	nan	nan	nan
222.022022022022	nan	nan	nan	nan
223.02302302302303	nan	nan	nan	nan
224.02402402402402	nan	nan	nan	nan
225.02502502502503	nan	nan	nan	nan
226.02602602602602	nan	nan	nan	nan
227.027027027027	nan	nan	nan	nan
228.028028028028	nan	nan	nan	nan
229.02902902902906	nan	nan	nan	nan
230.03003003003005	nan	nan	nan	nan
231.03103103103103	nan	nan	nan	nan
232.03203203203202	nan	nan	nan	nan
233.03303303303304	nan	nan	nan	nan
234.03403403403408	nan	nan	nan	nan
235.03503503503507	nan	nan	nan	nan
236.03603603603605	nan	nan	nan	nan
237.03703703703704	nan	nan	nan	nan
238.03803803803808	nan	nan	nan	nan
239.03903903903904	nan	nan	nan	nan
240.04004004004003	nan	nan	nan	nan
241.04104104104104	nan	nan	nan	nan
242.04204204204203	nan	nan	nan	nan
243.043043043043	nan	nan	nan	nan
244.044044044044	nan	nan	nan	nan
245.04504504504507	nan	nan	nan	nan
246.04604604604606	nan	nan	nan	nan
247.04704704704704	nan	nan	nan	nan
248.04804804804806	nan	nan	nan	nan
249.04904904904905	nan	nan	nan	nan
250.0500500500501	nan	nan	nan	nan
251.05105105105108	nan	nan	nan	nan
252.05205205205206	nan	nan	nan	nan
253.05305305305305	nan	nan	nan	nan
254.0540540540541	nan	nan	nan	nan
255.05505505505505	nan	nan	nan	nan
256.05605605605604	nan	nan	nan	nan
257.0570570570571	nan	nan	nan	nan
258.05805805805807	nan	nan	nan	nan
259.05905905905905	nan	nan	nan	nan
260.0600600600601	nan	nan	nan	nan
261.0610610610611	nan	nan	nan	nan
262.06206206206207	nan	nan	nan	nan
263.06306306306305	nan	nan	nan	nan
264.06406406406404	nan	nan	nan	nan
265.0650650650651	nan	nan	nan	nan
266.06606606606607	nan	nan	nan	nan
267.06706706706706	nan	nan	nan	nan
268.0680680680681	nan	nan	nan	nan
269.06906906906903	nan	nan	nan	nan
270.07007007007013	nan	nan	nan	nan
271.07107107107106	nan	nan	nan	nan
272.07207207207205	nan	nan	nan	nan
273.0730730730731	nan	nan	nan	nan
274.0740740740741	nan	nan	nan	nan
275.07507507507506	nan	nan	nan	nan
276.0760760760761	nan	nan	nan	nan
277.0770770770771	nan	nan	nan	nan
278.0780780780781	nan	nan	nan	nan
279.07907907907907	nan	nan	nan	nan
280.08008008008005	nan	nan	nan	nan
281.0810810810811	nan	nan	nan	nan
282.0820820820821	nan	nan	nan	nan
283.0830830830831	nan	nan	nan	nan
284.0840840840841	nan	nan	nan	nan
285.08508508508504	nan	nan	nan	nan
286.08608608608614	nan	nan	nan	nan
287.08708708708707	nan	nan	nan	nan
288.0880880880881	nan	nan	nan	nan
289.0890890890891	nan	nan	nan	nan
290.0900900900901	nan	nan	nan	nan
291.09109109109113	nan	nan	nan	nan
292.0920920920921	nan	nan	nan	nan
293.0930930930931	nan	nan	nan	nan
294.0940940940941	nan	nan	nan	nan
295.0950950950951	nan	nan	nan	nan
296.0960960960961	nan	nan	nan	nan
297.0970970970971	nan	nan	nan	nan
298.0980980980981	nan	nan	nan	nan
299.09909909909913	nan	nan	nan	nan
300.1001001001001	nan	nan	nan	nan
301.10110110110105	nan	nan	nan	nan
302.10210210210215	nan	nan	nan	nan
303.1031031031031	nan	nan	nan	nan
304.1041041041041	nan	nan	nan	nan
305.1051051051051	nan	nan	nan	nan
306.1061061061061	nan	nan	nan	nan
307.10710710710714	nan	nan	nan	nan
308.1081081081081	nan	nan	nan	nan
309.1091091091091	nan	nan	nan	nan
310.1101101101101	nan	nan	nan	nan
311.1111111111111	nan	nan	nan	nan
312.11211211211213	nan	nan	nan	nan
313.1131131131131	nan	nan	nan	nan
314.11411411411416	nan	nan	nan	nan
315.11511511511515	nan	nan	nan	nan
316.11611611611613	nan	nan	nan	nan
317.11711711711706	nan	nan	nan	nan
318.11811811811816	nan	nan	nan	nan
319.11911911911915	nan	nan	nan	nan
320.12012012012013	nan	nan	nan	nan
321.1211211211211	nan	nan	nan	nan
322.12212212212216	nan	nan	nan	nan
323.12312312312315	nan	nan	nan	nan
324.12412412412414	nan	nan	nan	nan
325.1251251251251	nan	nan	nan	nan
326.1261261261261	nan	nan	nan	nan
327.12712712712715	nan	nan	nan	nan
328.12812812812814	nan	nan	nan	nan
329.12912912912924	nan	nan	nan	nan
330.13013013013017	nan	nan	nan	nan
331.13113113113116	nan	nan	nan	nan
332.13213213213214	nan	nan	nan	nan
333.1331331331331	nan	nan	nan	nan
334.1341341341342	nan	nan	nan	nan
335.13513513513516	nan	nan	nan	nan
336.13613613613614	nan	nan	nan	nan
337.1371371371372	nan	nan	nan	nan
338.1381381381382	nan	nan	nan	nan
339.13913913913916	nan	nan	nan	nan
340.14014014014015	nan	nan	nan	nan
341.14114114114113	nan	nan	nan	nan
342.1421421421421	nan	nan	nan	nan
343.14314314314316	nan	nan	nan	nan
344.14414414414415	nan	nan	nan	nan
345.14514514514514	nan	nan	nan	nan
346.1461461461461	nan	nan	nan	nan
347.1471471471471	nan	nan	nan	nan
348.1481481481481	nan	nan	nan	nan
349.1491491491491	nan	nan	nan	nan
350.15015015015007	nan	nan	nan	nan
351.15115115115117	nan	nan	nan	nan
352.15215215215215	nan	nan	nan	nan
353.1531531531532	nan	nan	nan	nan
354.1541541541542	nan	nan	nan	nan
355.15515515515517	nan	nan	nan	nan
356.15615615615616	nan	nan	nan	nan
357.15715715715714	nan	nan	nan	nan
358.15815815815813	nan	nan	nan	nan
359.1591591591592	nan	nan	nan	nan
360.16016016016016	nan	nan	nan	nan
361.16116116116126	nan	nan	nan	nan
362.16216216216225	nan	nan	nan	nan
363.16316316316323	nan	nan	nan	nan
364.1641641641642	nan	nan	nan	nan
365.1651651651652	nan	nan	nan	nan
366.1661661661662	nan	nan	nan	nan
367.1671671671672	nan	nan	nan	nan
368.1681681681682	nan	nan	nan	nan
369.1691691691692	nan	nan	nan	nan
370.1701701701702	nan	nan	nan	nan
371.1711711711712	nan	nan	nan	nan
372.17217217217217	nan	nan	nan	nan
373.17317317317315	nan	nan	nan	nan
374.1741741741742	nan	nan	nan	nan
375.1751751751752	nan	nan	nan	nan
376.17617617617617	nan	nan	nan	nan
377.17717717717716	nan	nan	nan	nan
378.17817817817814	nan	nan	nan	nan
379.17917917917913	nan	nan	nan	nan
380.1801801801801	nan	nan	nan	nan
381.1811811811811	nan	nan	nan	nan
382.1821821821822	nan	nan	nan	nan
383.1831831831832	nan	nan	nan	nan
384.18418418418423	nan	nan	nan	nan
385.1851851851852	nan	nan	nan	nan
386.1861861861862	nan	nan	nan	nan
387.1871871871872	nan	nan	nan	nan
388.1881881881882	nan	nan	nan	nan
389.18918918918916	nan	nan	nan	nan
390.1901901901902	nan	nan	nan	nan
391.1911911911912	nan	nan	nan	nan
392.1921921921923	nan	nan	nan	nan
393.1931931931933	nan	nan	nan	nan
394.19419419419427	nan	nan	nan	nan
395.19519519519525	nan	nan	nan	nan
396.19619619619624	nan	nan	nan	nan
397.1971971971972	nan	nan	nan	nan
398.1981981981982	nan	nan	nan	nan
399.19919919919926	nan	nan	nan	nan
400.20020020020024	nan	nan	nan	nan
401.20120120120123	nan	nan	nan	nan
402.2022022022022	nan	nan	nan	nan
403.2032032032032	nan	nan	nan	nan
404.2042042042042	nan	nan	nan	nan
405.20520520520523	nan	nan	nan	nan
406.2062062062062	nan	nan	nan	nan
407.2072072072072	nan	nan	nan	nan
408.2082082082082	nan	nan	nan	nan
409.2092092092092	nan	nan	nan	nan
410.21021021021016	nan	nan	nan	nan
411.21121121121115	nan	nan	nan	nan
412.21221221221214	nan	nan	nan	nan
413.21321321321324	nan	nan	nan	nan
414.2142142142142	nan	nan	nan	nan
415.21521521521527	nan	nan	nan	nan
416.21621621621625	nan	nan	nan	nan
417.21721721721724	nan	nan	nan	nan
418.2182182182182	nan	nan	nan	nan
419.2192192192192	nan	nan	nan	nan
420.2202202202202	nan	nan	nan	nan
421.22122122122124	nan	nan	nan	nan
422.22222222222223	nan	nan	nan	nan
423.22322322322333	nan	nan	nan	nan
424.2242242242243	nan	nan	nan	nan
425.2252252252253	nan	nan	nan	nan
426.2262262262263	nan	nan	nan	nan
427.2272272272273	nan	nan	nan	nan
428.22822822822826	nan	nan	nan	nan
429.22922922922925	nan	nan	nan	nan
430.2302302302303	nan	nan	nan	nan
431.23123123123133	nan	nan	nan	nan
432.23223223223226	nan	nan	nan	nan
433.23323323323325	nan	nan	nan	nan
434.2342342342342	nan	nan	nan	nan
435.2352352352352	nan	nan	nan	nan
436.23623623623627	nan	nan	nan	nan
437.23723723723725	nan	nan	nan	nan
438.23823823823824	nan	nan	nan	nan
439.2392392392392	nan	nan	nan	nan
440.2402402402402	nan	nan	nan	nan
441.2412412412412	nan	nan	nan	nan
442.2422422422422	nan	nan	nan	nan
443.24324324324317	nan	nan	nan	nan
444.24424424424427	nan	nan	nan	nan
445.2452452452453	nan	nan	nan	nan
446.2462462462463	nan	nan	nan	nan
447.2472472472473	nan	nan	nan	nan
448.2482482482483	nan	nan	nan	nan
449.24924924924926	nan	nan	nan	nan
450.25025025025025	nan	nan	nan	nan
451.25125125125123	nan	nan	nan	nan
452.2522522522522	nan	nan	nan	nan
453.25325325325326	nan	nan	nan	nan
454.25425425425436	nan	nan	nan	nan
455.25525525525535	nan	nan	nan	nan
456.25625625625634	nan	nan	nan	nan
457.2572572572573	nan	nan	nan	nan
458.2582582582583	nan	nan	nan	nan
459.2592592592593	nan	nan	nan	nan
460.2602602602603	nan	nan	nan	nan
461.26126126126127	nan	nan	nan	nan
462.2622622622623	nan	nan	nan	nan
463.26326326326335	nan	nan	nan	nan
464.2642642642643	nan	nan	nan	nan
465.26526526526527	nan	nan	nan	nan
466.2662662662663	nan	nan	nan	nan
467.2672672672673	nan	nan	nan	nan
468.2682682682683	nan	nan	nan	nan
469.2692692692693	nan	nan	nan	nan
470.27027027027026	nan	nan	nan	nan
471.27127127127125	nan	nan	nan	nan
472.27227227227223	nan	nan	nan	nan
473.2732732732732	nan	nan	nan	nan
474.2742742742743	nan	nan	nan	nan
475.2752752752752	nan	nan	nan	nan
476.2762762762763	nan	nan	nan	nan
477.27727727727734	nan	nan	nan	nan
478.2782782782783	nan	nan	nan	nan
479.2792792792793	nan	nan	nan	nan
480.2802802802803	nan	nan	nan	nan
481.2812812812813	nan	nan	nan	nan
482.2822822822823	nan	nan	nan	nan
483.2832832832833	nan	nan	nan	nan
484.28428428428424	nan	nan	nan	nan
485.2852852852853	nan	nan	nan	nan
486.2862862862864	nan	nan	nan	nan
487.28728728728737	nan	nan	nan	nan
488.28828828828836	nan	nan	nan	nan
489.28928928928934	nan	nan	nan	nan
490.29029029029033	nan	nan	nan	nan
491.2912912912913	nan	nan	nan	nan
492.2922922922923	nan	nan	nan	nan
493.2932932932933	nan	nan	nan	nan
494.29429429429433	nan	nan	nan	nan
495.2952952952954	nan	nan	nan	nan
496.2962962962963	nan	nan	nan	nan
497.29729729729735	nan	nan	nan	nan
498.29829829829833	nan	nan	nan	nan
499.2992992992993	nan	nan	nan	nan
500.3003003003003	nan	nan	nan	nan
501.3013013013013	nan	nan	nan	nan
502.3023023023023	nan	nan	nan	nan
503.30330330330327	nan	nan	nan	nan
504.30430430430425	nan	nan	nan	nan
505.30530530530535	nan	nan	nan	nan
506.30630630630634	nan	nan	nan	nan
507.3073073073072	nan	nan	nan	nan
508.3083083083083	nan	nan	nan	nan
509.30930930930936	nan	nan	nan	nan
510.31031031031034	nan	nan	nan	nan
511.31131131131133	nan	nan	nan	nan
512.3123123123123	nan	nan	nan	nan
513.3133133133133	nan	nan	nan	nan
514.3143143143143	nan	nan	nan	nan
515.3153153153153	nan	nan	nan	nan
516.3163163163163	nan	nan	nan	nan
517.3173173173174	nan	nan	nan	nan
518.3183183183183	nan	nan	nan	nan
519.3193193193193	nan	nan	nan	nan
520.3203203203203	nan	nan	nan	nan
521.3213213213214	nan	nan	nan	nan
522.3223223223225	nan	nan	nan	nan
523.3233233233234	nan	nan	nan	nan
524.3243243243244	nan	nan	nan	nan
525.3253253253253	nan	nan	nan	nan
526.3263263263264	nan	nan	nan	nan
527.3273273273275	nan	nan	nan	nan
528.3283283283283	nan	nan	nan	nan
529.3293293293293	nan	nan	nan	nan
530.3303303303302	nan	nan	nan	nan
531.3313313313313	nan	nan	nan	nan
532.3323323323324	nan	nan	nan	nan
533.3333333333334	nan	nan	nan	nan
534.3343343343344	nan	nan	nan	nan
535.3353353353353	nan	nan	nan	nan
536.3363363363364	nan	nan	nan	nan
537.3373373373374	nan	nan	nan	nan
538.3383383383384	nan	nan	nan	nan
539.3393393393394	nan	nan	nan	nan
540.3403403403404	nan	nan	nan	nan
541.3413413413414	nan	nan	nan	nan
542.3423423423424	nan	nan	nan	nan
543.3433433433433	nan	nan	nan	nan
544.3443443443443	nan	nan	nan	nan
545.3453453453453	nan	nan	nan	nan
546.3463463463463	nan	nan	nan	nan
547.3473473473473	nan	nan	nan	nan
548.3483483483484	nan	nan	nan	nan
549.3493493493494	nan	nan	nan	nan
550.3503503503504	nan	nan	nan	nan
551.3513513513514	nan	nan	nan	nan
552.3523523523523	nan	nan	nan	nan
553.3533533533534	nan	nan	nan	nan
554.3543543543545	nan	nan	nan	nan
555.3553553553554	nan	nan	nan	nan
556.3563563563564	nan	nan	nan	nan
557.3573573573573	nan	nan	nan	nan
558.3583583583584	nan	nan	nan	nan
559.3593593593595	nan	nan	nan	nan
560.3603603603603	nan	nan	nan	nan
561.3613613613613	nan	nan	nan	nan
562.3623623623622	nan	nan	nan	nan
563.3633633633634	nan	nan	nan	nan
564.3643643643644	nan	nan	nan	nan
565.3653653653654	nan	nan	nan	nan
566.3663663663664	nan	nan	nan	nan
567.3673673673675	nan	nan	nan	nan
568.3683683683685	nan	nan	nan	nan
569.3693693693695	nan	nan	nan	nan
570.3703703703704	nan	nan	nan	nan
571.3713713713714	nan	nan	nan	nan
572.3723723723724	nan	nan	nan	nan
573.3733733733734	nan	nan	nan	nan
574.3743743743744	nan	nan	nan	nan
575.3753753753754	nan	nan	nan	nan
576.3763763763764	nan	nan	nan	nan
577.3773773773773	nan	nan	nan	nan
578.3783783783783	nan	nan	nan	nan
579.3793793793794	nan	nan	nan	nan
580.3803803803804	nan	nan	nan	nan
581.3813813813814	nan	nan	nan	nan
582.3823823823824	nan	nan	nan	nan
583.3833833833835	nan	nan	nan	nan
584.3843843843844	nan	nan	nan	nan
585.3853853853855	nan	nan	nan	nan
586.3863863863866	nan	nan	nan	nan
587.3873873873874	nan	nan	nan	nan
588.3883883883884	nan	nan	nan	nan
589.3893893893893	nan	nan	nan	nan
590.3903903903904	nan	nan	nan	nan
591.3913913913915	nan	nan	nan	nan
592.3923923923924	nan	nan	nan	nan
593.3933933933934	nan	nan	nan	nan
594.3943943943945	nan	nan	nan	nan
595.3953953953954	nan	nan	nan	nan
596.3963963963964	nan	nan	nan	nan
597.3973973973974	nan	nan	nan	nan
598.3983983983985	nan	nan	nan	nan
599.3993993993995	nan	nan	nan	nan
600.4004004004005	nan	nan	nan	nan
601.4014014014015	nan	nan	nan	nan
602.4024024024025	nan	nan	nan	nan
603.4034034034034	nan	nan	nan	nan
604.4044044044044	nan	nan	nan	nan
605.4054054054054	nan	nan	nan	nan
606.4064064064064	nan	nan	nan	nan
607.4074074074074	nan	nan	nan	nan
608.4084084084084	nan	nan	nan	nan
609.4094094094094	nan	nan	nan	nan
610.4104104104105	nan	nan	nan	nan
611.4114114114114	nan	nan	nan	nan
612.4124124124124	nan	nan	nan	nan
613.4134134134134	nan	nan	nan	nan
614.4144144144145	nan	nan	nan	nan
615.4154154154155	nan	nan	nan	nan
616.4164164164164	nan	nan	nan	nan
617.4174174174175	nan	nan	nan	nan
618.4184184184186	nan	nan	nan	nan
619.4194194194195	nan	nan	nan	nan
620.4204204204204	nan	nan	nan	nan
621.4214214214213	nan	nan	nan	nan
622.4224224224224	nan	nan	nan	nan
623.4234234234235	nan	nan	nan	nan
624.4244244244244	nan	nan	nan	nan
625.4254254254255	nan	nan	nan	nan
626.4264264264265	nan	nan	nan	nan
627.4274274274275	nan	nan	nan	nan
628.4284284284284	nan	nan	nan	nan
629.4294294294295	nan	nan	nan	nan
630.4304304304305	nan	nan	nan	nan
631.4314314314315	nan	nan	nan	nan
632.4324324324325	nan	nan	nan	nan
633.4334334334335	nan	nan	nan	nan
634.4344344344345	nan	nan	nan	nan
635.4354354354355	nan	nan	nan	nan
636.4364364364365	nan	nan	nan	nan
637.4374374374374	nan	nan	nan	nan
638.4384384384384	nan	nan	nan	nan
639.4394394394394	nan	nan	nan	nan
640.4404404404404	nan	nan	nan	nan
641.4414414414415	nan	nan	nan	nan
642.4424424424425	nan	nan	nan	nan
643.4434434434435	nan	nan	nan	nan
644.4444444444445	nan	nan	nan	nan
645.4454454454457	nan	nan	nan	nan
646.4464464464465	nan	nan	nan	nan
647.4474474474475	nan	nan	nan	nan
648.4484484484484	nan	nan	nan	nan
649.4494494494495	nan	nan	nan	nan
650.4504504504506	nan	nan	nan	nan
651.4514514514515	nan	nan	nan	nan
652.4524524524525	nan	nan	nan	nan
653.4534534534533	nan	nan	nan	nan
654.4544544544544	nan	nan	nan	nan
655.4554554554555	nan	nan	nan	nan
656.4564564564565	nan	nan	nan	nan
657.4574574574575	nan	nan	nan	nan
658.4584584584585	nan	nan	nan	nan
659.4594594594595	nan	nan	nan	nan
660.4604604604606	nan	nan	nan	nan
661.4614614614616	nan	nan	nan	nan
662.4624624624626	nan	nan	nan	nan
663.4634634634635	nan	nan	nan	nan
664.4644644644645	nan	nan	nan	nan
665.4654654654655	nan	nan	nan	nan
666.4664664664665	nan	nan	nan	nan
667.4674674674675	nan	nan	nan	nan
668.4684684684685	nan	nan	nan	nan
669.4694694694695	nan	nan	nan	nan
670.4704704704704	nan	nan	nan	nan
671.4714714714714	nan	nan	nan	nan
672.4724724724725	nan	nan	nan	nan
673.4734734734735	nan	nan	nan	nan
674.4744744744745	nan	nan	nan	nan
675.4754754754755	nan	nan	nan	nan
676.4764764764766	nan	nan	nan	nan
677.4774774774777	nan	nan	nan	nan
678.4784784784786	nan	nan	nan	nan
679.4794794794796	nan	nan	nan	nan
680.4804804804804	nan	nan	nan	nan
681.4814814814815	nan	nan	nan	nan
682.4824824824826	nan	nan	nan	nan
683.4834834834834	nan	nan	nan	nan
684.4844844844844	nan	nan	nan	nan
685.4854854854854	nan	nan	nan	nan
686.4864864864863	nan	nan	nan	nan
687.4874874874876	nan	nan	nan	nan
688.4884884884885	nan	nan	nan	nan
689.4894894894895	nan	nan	nan	nan
690.4904904904905	nan	nan	nan	nan
691.4914914914916	nan	nan	nan	nan
692.4924924924926	nan	nan	nan	nan
693.4934934934936	nan	nan	nan	nan
694.4944944944946	nan	nan	nan	nan
695.4954954954956	nan	nan	nan	nan
696.4964964964965	nan	nan	nan	nan
697.4974974974975	nan	nan	nan	nan
698.4984984984985	nan	nan	nan	nan
699.4994994994995	nan	nan	nan	nan
700.5005005005005	nan	nan	nan	nan
701.5015015015015	nan	nan	nan	nan
702.5025025025025	nan	nan	nan	nan
703.5035035035036	nan	nan	nan	nan
704.5045045045046	nan	nan	nan	nan
705.5055055055055	nan	nan	nan	nan
706.5065065065065	nan	nan	nan	nan
707.5075075075077	nan	nan	nan	nan
708.5085085085087	nan	nan	nan	nan
709.5095095095097	nan	nan	nan	nan
710.5105105105107	nan	nan	nan	nan
711.5115115115117	nan	nan	nan	nan
712.5125125125127	nan	nan	nan	nan
713.5135135135137	nan	nan	nan	nan
714.5145145145146	nan	nan	nan	nan
715.5155155155156	nan	nan	nan	nan
716.5165165165166	nan	nan	nan	nan
717.5175175175176	nan	nan	nan	nan
718.5185185185186	nan	nan	nan	nan
719.5195195195196	nan	nan	nan	nan
720.5205205205206	nan	nan	nan	nan
721.5215215215215	nan	nan	nan	nan
722.5225225225225	nan	nan	nan	nan
723.5235235235235	nan	nan	nan	nan
724.5245245245246	nan	nan	nan	nan
725.5255255255256	nan	nan	nan	nan
726.5265265265266	nan	nan	nan	nan
727.5275275275276	nan	nan	nan	nan
728.5285285285286	nan	nan	nan	nan
729.5295295295296	nan	nan	nan	nan
730.5305305305305	nan	nan	nan	nan
731.5315315315315	nan	nan	nan	nan
732.5325325325326	nan	nan	nan	nan
733.5335335335336	nan	nan	nan	nan
734.5345345345346	nan	nan	nan	nan
735.5355355355356	nan	nan	nan	nan
736.5365365365366	nan	nan	nan	nan
737.5375375375376	nan	nan	nan	nan
738.5385385385385	nan	nan	nan	nan
739.5395395395395	nan	nan	nan	nan
740.5405405405405	nan	nan	nan	nan
741.5415415415415	nan	nan	nan	nan
742.5425425425425	nan	nan	nan	nan
743.5435435435435	nan	nan	nan	nan
744.5445445445445	nan	nan	nan	nan
745.5455455455455	nan	nan	nan	nan
746.5465465465464	nan	nan	nan	nan
747.5475475475477	nan	nan	nan	nan
748.5485485485486	nan	nan	nan	nan
749.5495495495496	nan	nan	nan	nan
750.5505505505506	nan	nan	nan	nan
751.5515515515516	nan	nan	nan	nan
752.5525525525526	nan	nan	nan	nan
753.5535535535536	nan	nan	nan	nan
754.5545545545546	nan	nan	nan	nan
755.5555555555557	nan	nan	nan	nan
756.5565565565566	nan	nan	nan	nan
757.5575575575576	nan	nan	nan	nan
758.5585585585586	nan	nan	nan	nan
759.5595595595596	nan	nan	nan	nan
760.5605605605606	nan	nan	nan	nan
761.5615615615616	nan	nan	nan	nan
762.5625625625626	nan	nan	nan	nan
763.5635635635637	nan	nan	nan	nan
764.5645645645646	nan	nan	nan	nan
765.5655655655656	nan	nan	nan	nan
766.5665665665666	nan	nan	nan	nan
767.5675675675676	nan	nan	nan	nan
768.5685685685686	nan	nan	nan	nan
769.5695695695696	nan	nan	nan	nan
770.5705705705706	nan	nan	nan	nan
771.5715715715718	nan	nan	nan	nan
772.5725725725728	nan	nan	nan	nan
773.5735735735738	nan	nan	nan	nan
774.5745745745747	nan	nan	nan	nan
775.5755755755757	nan	nan	nan	nan
776.5765765765767	nan	nan	nan	nan
777.5775775775777	nan	nan	nan	nan
778.5785785785787	nan	nan	nan	nan
779.5795795795797	nan	nan	nan	nan
780.5805805805807	nan	nan	nan	nan
781.5815815815816	nan	nan	nan	nan
782.5825825825826	nan	nan	nan	nan
783.5835835835836	nan	nan	nan	nan
784.5845845845846	nan	nan	nan	nan
785.5855855855856	nan	nan	nan	nan
786.5865865865867	nan	nan	nan	nan
787.5875875875877	nan	nan	nan	nan
788.5885885885887	nan	nan	nan	nan
789.5895895895897	nan	nan	nan	nan
790.5905905905906	nan	nan	nan	nan
791.5915915915916	nan	nan	nan	nan
792.5925925925926	nan	nan	nan	nan
793.5935935935936	nan	nan	nan	nan
794.5945945945947	nan	nan	nan	nan
795.5955955955957	nan	nan	nan	nan
796.5965965965967	nan	nan	nan	nan
797.5975975975977	nan	nan	nan	nan
798.5985985985986	nan	nan	nan	nan
799.5995995995996	nan	nan	nan	nan
800.6006006006006	nan	nan	nan	nan
801.6016016016016	nan	nan	nan	nan
802.6026026026026	nan	nan	nan	nan
803.6036036036036	nan	nan	nan	nan
804.6046046046046	nan	nan	nan	nan
805.6056056056055	nan	nan	nan	nan
806.6066066066065	nan	nan	nan	nan
807.6076076076075	nan	nan	nan	nan
808.6086086086085	nan	nan	nan	nan
809.6096096096097	nan	nan	nan	nan
810.6106106106107	nan	nan	nan	nan
811.6116116116117	nan	nan	nan	nan
812.6126126126127	nan	nan	nan	nan
813.6136136136137	nan	nan	nan	nan
814.6146146146147	nan	nan	nan	nan
815.6156156156156	nan	nan	nan	nan
816.6166166166166	nan	nan	nan	nan
817.6176176176177	nan	nan	nan	nan
818.6186186186187	nan	nan	nan	nan
819.6196196196197	nan	nan	nan	nan
820.6206206206207	nan	nan	nan	nan
821.6216216216217	nan	nan	nan	nan
822.6226226226227	nan	nan	nan	nan
823.6236236236236	nan	nan	nan	nan
824.6246246246246	nan	nan	nan	nan
825.6256256256257	nan	nan	nan	nan
826.6266266266267	nan	nan	nan	nan
827.6276276276277	nan	nan	nan	nan
828.6286286286287	nan	nan	nan	nan
829.6296296296297	nan	nan	nan	nan
830.6306306306307	nan	nan	nan	nan
831.6316316316316	nan	nan	nan	nan
832.6326326326326	nan	nan	nan	nan
833.6336336336338	nan	nan	nan	nan
834.6346346346348	nan	nan	nan	nan
835.6356356356358	nan	nan	nan	nan
836.6366366366368	nan	nan	nan	nan
837.6376376376378	nan	nan	nan	nan
838.6386386386388	nan	nan	nan	nan
839.6396396396398	nan	nan	nan	nan
840.6406406406408	nan	nan	nan	nan
841.6416416416417	nan	nan	nan	nan
842.6426426426427	nan	nan	nan	nan
843.6436436436437	nan	nan	nan	nan
844.6446446446447	nan	nan	nan	nan
845.6456456456457	nan	nan	nan	nan
846.6466466466467	nan	nan	nan	nan
847.6476476476477	nan	nan	nan	nan
848.6486486486488	nan	nan	nan	nan
849.6496496496497	nan	nan	nan	nan
850.6506506506507	nan	nan	nan	nan
851.6516516516517	nan	nan	nan	nan
852.6526526526527	nan	nan	nan	nan
853.6536536536537	nan	nan	nan	nan
854.6546546546548	nan	nan	nan	nan
855.6556556556556	nan	nan	nan	nan
856.6566566566568	nan	nan	nan	nan
857.6576576576578	nan	nan	nan	nan
858.6586586586587	nan	nan	nan	nan
859.6596596596597	nan	nan	nan	nan
860.6606606606607	nan	nan	nan	nan
861.6616616616617	nan	nan	nan	nan
862.6626626626627	nan	nan	nan	nan
863.6636636636637	nan	nan	nan	nan
864.6646646646647	nan	nan	nan	nan
865.6656656656656	nan	nan	nan	nan
866.6666666666666	nan	nan	nan	nan
867.6676676676676	nan	nan	nan	nan
868.6686686686686	nan	nan	nan	nan
869.6696696696696	nan	nan	nan	nan
870.6706706706706	nan	nan	nan	nan
871.6716716716716	nan	nan	nan	nan
872.6726726726729	nan	nan	nan	nan
873.6736736736735	nan	nan	nan	nan
874.6746746746747	nan	nan	nan	nan
875.6756756756757	nan	nan	nan	nan
876.6766766766767	nan	nan	nan	nan
877.6776776776778	nan	nan	nan	nan
878.6786786786785	nan	nan	nan	nan
879.6796796796798	nan	nan	nan	nan
880.6806806806808	nan	nan	nan	nan
881.6816816816818	nan	nan	nan	nan
882.6826826826828	nan	nan	nan	nan
883.6836836836837	nan	nan	nan	nan
884.6846846846847	nan	nan	nan	nan
885.6856856856857	nan	nan	nan	nan
886.6866866866867	nan	nan	nan	nan
887.6876876876878	nan	nan	nan	nan
888.6886886886888	nan	nan	nan	nan
889.6896896896898	nan	nan	nan	nan
890.690690690691	nan	nan	nan	nan
891.6916916916916	nan	nan	nan	nan
892.6926926926927	nan	nan	nan	nan
893.6936936936937	nan	nan	nan	nan
894.6946946946947	nan	nan	nan	nan
895.6956956956959	nan	nan	nan	nan
896.6966966966969	nan	nan	nan	nan
897.6976976976979	nan	nan	nan	nan
898.6986986986989	nan	nan	nan	nan
899.6996996996999	nan	nan	nan	nan
900.7007007007008	nan	nan	nan	nan
901.7017017017018	nan	nan	nan	nan
902.7027027027028	nan	nan	nan	nan
903.7037037037038	nan	nan	nan	nan
904.7047047047048	nan	nan	nan	nan
905.7057057057058	nan	nan	nan	nan
906.7067067067068	nan	nan	nan	nan
907.7077077077078	nan	nan	nan	nan
908.7087087087087	nan	nan	nan	nan
909.7097097097097	nan	nan	nan	nan
910.7107107107108	nan	nan	nan	nan
911.7117117117118	nan	nan	nan	nan
912.7127127127128	nan	nan	nan	nan
913.7137137137139	nan	nan	nan	nan
914.7147147147147	nan	nan	nan	nan
915.7157157157158	nan	nan	nan	nan
916.7167167167167	nan	nan	nan	nan
917.7177177177177	nan	nan	nan	nan
918.7187187187188	nan	nan	nan	nan
919.7197197197198	nan	nan	nan	nan
920.7207207207208	nan	nan	nan	nan
921.7217217217218	nan	nan	nan	nan
922.7227227227228	nan	nan	nan	nan
923.7237237237238	nan	nan	nan	nan
924.7247247247248	nan	nan	nan	nan
925.7257257257257	nan	nan	nan	nan
926.7267267267267	nan	nan	nan	nan
927.7277277277277	nan	nan	nan	nan
928.7287287287287	nan	nan	nan	nan
929.7297297297297	nan	nan	nan	nan
930.7307307307307	nan	nan	nan	nan
931.7317317317317	nan	nan	nan	nan
932.7327327327326	nan	nan	nan	nan
933.7337337337336	nan	nan	nan	nan
934.7347347347348	nan	nan	nan	nan
935.7357357357358	nan	nan	nan	nan
936.7367367367369	nan	nan	nan	nan
937.7377377377376	nan	nan	nan	nan
938.7387387387388	nan	nan	nan	nan
939.7397397397398	nan	nan	nan	nan
940.7407407407408	nan	nan	nan	nan
941.7417417417419	nan	nan	nan	nan
942.7427427427428	nan	nan	nan	nan
943.7437437437438	nan	nan	nan	nan
944.7447447447448	nan	nan	nan	nan
945.7457457457458	nan	nan	nan	nan
946.7467467467468	nan	nan	nan	nan
947.7477477477478	nan	nan	nan	nan
948.7487487487488	nan	nan	nan	nan
949.7497497497501	nan	nan	nan	nan
950.7507507507507	nan	nan	nan	nan
951.7517517517518	nan	nan	nan	nan
952.7527527527528	nan	nan	nan	nan
953.7537537537538	nan	nan	nan	nan
954.754754754755	nan	nan	nan	nan
955.7557557557557	nan	nan	nan	nan
956.7567567567568	nan	nan	nan	nan
957.757757757758	nan	nan	nan	nan
958.758758758759	nan	nan	nan	nan
959.75975975976	nan	nan	nan	nan
960.760760760761	nan	nan	nan	nan
961.7617617617619	nan	nan	nan	nan
962.7627627627629	nan	nan	nan	nan
963.7637637637639	nan	nan	nan	nan
964.7647647647649	nan	nan	nan	nan
965.7657657657659	nan	nan	nan	nan
966.7667667667669	nan	nan	nan	nan
967.7677677677679	nan	nan	nan	nan
968.7687687687688	nan	nan	nan	nan
969.7697697697698	nan	nan	nan	nan
970.7707707707708	nan	nan	nan	nan
971.7717717717718	nan	nan	nan	nan
972.772772772773	nan	nan	nan	nan
973.7737737737738	nan	nan	nan	nan
974.7747747747749	nan	nan	nan	nan
975.7757757757759	nan	nan	nan	nan
976.7767767767768	nan	nan	nan	nan
977.7777777777779	nan	nan	nan	nan
978.7787787787787	nan	nan	nan	nan
979.7797797797798	nan	nan	nan	nan
980.7807807807809	nan	nan	nan	nan
981.7817817817819	nan	nan	nan	nan
982.7827827827829	nan	nan	nan	nan
983.7837837837839	nan	nan	nan	nan
984.7847847847848	nan	nan	nan	nan
985.7857857857858	nan	nan	nan	nan
986.7867867867868	nan	nan	nan	nan
987.7877877877878	nan	nan	nan	nan
988.7887887887888	nan	nan	nan	nan
989.7897897897898	nan	nan	nan	nan
990.7907907907908	nan	nan	nan	nan
991.7917917917918	nan	nan	nan	nan
992.7927927927927	nan	nan	nan	nan
993.7937937937937	nan	nan	nan	nan
994.7947947947947	nan	nan	nan	nan
995.7957957957957	nan	nan	nan	nan
996.7967967967967	nan	nan	nan	nan
997.7977977977979	nan	nan	nan	nan
998.7987987987989	nan	nan	nan	nan
999.7997997997999	nan	nan	nan	nan
1000.800800800801	nan	nan	nan	nan
1001.8018018018016	nan	nan	nan	nan
1002.8028028028028	nan	nan	nan	nan
1003.8038038038039	nan	nan	nan	nan
1004.8048048048049	nan	nan	nan	nan
1005.8058058058059	nan	nan	nan	nan
1006.8068068068069	nan	nan	nan	nan
1007.8078078078079	nan	nan	nan	nan
1008.8088088088089	nan	nan	nan	nan
1009.8098098098098	nan	nan	nan	nan
1010.8108108108108	nan	nan	nan	nan
1011.8118118118119	nan	nan	nan	nan
1012.8128128128129	nan	nan	nan	nan
1013.8138138138141	nan	nan	nan	nan
1014.8148148148148	nan	nan	nan	nan
1015.8158158158159	nan	nan	nan	nan
1016.8168168168169	nan	nan	nan	nan
1017.8178178178179	nan	nan	nan	nan
1018.8188188188191	nan	nan	nan	nan
1019.81981981982	nan	nan	nan	nan
1020.820820820821	nan	nan	nan	nan
1021.821821821822	nan	nan	nan	nan
1022.822822822823	nan	nan	nan	nan
1023.823823823824	nan	nan	nan	nan
1024.8248248248249	nan	nan	nan	nan
1025.8258258258259	nan	nan	nan	nan
1026.8268268268268	nan	nan	nan	nan
1027.8278278278278	nan	nan	nan	nan
1028.828828828829	nan	nan	nan	nan
1029.82982982983	nan	nan	nan	nan
1030.830830830831	nan	nan	nan	nan
1031.8318318318322	nan	nan	nan	nan
1032.8328328328328	nan	nan	nan	nan
1033.833833833834	nan	nan	nan	nan
1034.834834834835	nan	nan	nan	nan
1035.835835835836	nan	nan	nan	nan
1036.8368368368372	nan	nan	nan	nan
1037.8378378378377	nan	nan	nan	nan
1038.838838838839	nan	nan	nan	nan
1039.83983983984	nan	nan	nan	nan
1040.8408408408409	nan	nan	nan	nan
1041.841841841842	nan	nan	nan	nan
1042.8428428428426	nan	nan	nan	nan
1043.8438438438438	nan	nan	nan	nan
1044.8448448448448	nan	nan	nan	nan
1045.8458458458458	nan	nan	nan	nan
1046.846846846847	nan	nan	nan	nan
1047.8478478478476	nan	nan	nan	nan
1048.8488488488488	nan	nan	nan	nan
1049.8498498498498	nan	nan	nan	nan
1050.850850850851	nan	nan	nan	nan
1051.851851851852	nan	nan	nan	nan
1052.852852852853	nan	nan	nan	nan
1053.853853853854	nan	nan	nan	nan
1054.854854854855	nan	nan	nan	nan
1055.855855855856	nan	nan	nan	nan
1056.856856856857	nan	nan	nan	nan
1057.8578578578579	nan	nan	nan	nan
1058.858858858859	nan	nan	nan	nan
1059.85985985986	nan	nan	nan	nan
1060.860860860861	nan	nan	nan	nan
1061.861861861862	nan	nan	nan	nan
1062.862862862863	nan	nan	nan	nan
1063.863863863864	nan	nan	nan	nan
1064.864864864865	nan	nan	nan	nan
1065.865865865866	nan	nan	nan	nan
1066.866866866867	nan	nan	nan	nan
1067.867867867868	nan	nan	nan	nan
1068.868868868869	nan	nan	nan	nan
1069.86986986987	nan	nan	nan	nan
1070.870870870871	nan	nan	nan	nan
1071.871871871872	nan	nan	nan	nan
1072.872872872873	nan	nan	nan	nan
1073.873873873874	nan	nan	nan	nan
1074.8748748748749	nan	nan	nan	nan
1075.8758758758759	nan	nan	nan	nan
1076.8768768768768	nan	nan	nan	nan
1077.8778778778778	nan	nan	nan	nan
1078.8788788788788	nan	nan	nan	nan
1079.8798798798798	nan	nan	nan	nan
1080.8808808808808	nan	nan	nan	nan
1081.881881881882	nan	nan	nan	nan
1082.882882882883	nan	nan	nan	nan
1083.883883883884	nan	nan	nan	nan
1084.884884884885	nan	nan	nan	nan
1085.885885885886	nan	nan	nan	nan
1086.886886886887	nan	nan	nan	nan
1087.887887887888	nan	nan	nan	nan
1088.888888888889	nan	nan	nan	nan
1089.8898898898901	nan	nan	nan	nan
1090.8908908908913	nan	nan	nan	nan
1091.8918918918919	nan	nan	nan	nan
1092.892892892893	nan	nan	nan	nan
1093.893893893894	nan	nan	nan	nan
1094.894894894895	nan	nan	nan	nan
1095.8958958958963	nan	nan	nan	nan
1096.8968968968968	nan	nan	nan	nan
1097.897897897898	nan	nan	nan	nan
1098.898898898899	nan	nan	nan	nan
1099.8998998999	nan	nan	nan	nan
1100.9009009009012	nan	nan	nan	nan
1101.9019019019017	nan	nan	nan	nan
1102.902902902903	nan	nan	nan	nan
1103.903903903904	nan	nan	nan	nan
1104.904904904905	nan	nan	nan	nan
1105.9059059059061	nan	nan	nan	nan
1106.9069069069067	nan	nan	nan	nan
1107.9079079079079	nan	nan	nan	nan
1108.9089089089089	nan	nan	nan	nan
1109.9099099099099	nan	nan	nan	nan
1110.910910910911	nan	nan	nan	nan
1111.9119119119116	nan	nan	nan	nan
1112.912912912913	nan	nan	nan	nan
1113.913913913914	nan	nan	nan	nan
1114.914914914915	nan	nan	nan	nan
1115.915915915916	nan	nan	nan	nan
1116.916916916917	nan	nan	nan	nan
1117.917917917918	nan	nan	nan	nan
1118.918918918919	nan	nan	nan	nan
1119.91991991992	nan	nan	nan	nan
1120.9209209209212	nan	nan	nan	nan
1121.9219219219221	nan	nan	nan	nan
1122.9229229229231	nan	nan	nan	nan
1123.9239239239241	nan	nan	nan	nan
1124.924924924925	nan	nan	nan	nan
1125.925925925926	nan	nan	nan	nan
1126.926926926927	nan	nan	nan	nan
1127.927927927928	nan	nan	nan	nan
1128.928928928929	nan	nan	nan	nan
1129.92992992993	nan	nan	nan	nan
1130.930930930931	nan	nan	nan	nan
1131.931931931932	nan	nan	nan	nan
1132.932932932933	nan	nan	nan	nan
1133.933933933934	nan	nan	nan	nan
1134.934934934935	nan	nan	nan	nan
1135.935935935936	nan	nan	nan	nan
1136.936936936937	nan	nan	nan	nan
1137.937937937938	nan	nan	nan	nan
1138.938938938939	nan	nan	nan	nan
1139.93993993994	nan	nan	nan	nan
1140.940940940941	nan	nan	nan	nan
1141.9419419419419	nan	nan	nan	nan
1142.9429429429429	nan	nan	nan	nan
1143.943943943944	nan	nan	nan	nan
1144.944944944945	nan	nan	nan	nan
1145.945945945946	nan	nan	nan	nan
1146.946946946947	nan	nan	nan	nan
1147.947947947948	nan	nan	nan	nan
1148.948948948949	nan	nan	nan	nan
1149.94994994995	nan	nan	nan	nan
1150.950950950951	nan	nan	nan	nan
1151.9519519519522	nan	nan	nan	nan
1152.9529529529532	nan	nan	nan	nan
1153.9539539539542	nan	nan	nan	nan
1154.9549549549554	nan	nan	nan	nan
1155.955955955956	nan	nan	nan	nan
1156.9569569569571	nan	nan	nan	nan
1157.9579579579581	nan	nan	nan	nan
1158.958958958959	nan	nan	nan	nan
1159.9599599599603	nan	nan	nan	nan
1160.9609609609608	nan	nan	nan	nan
1161.961961961962	nan	nan	nan	nan
1162.962962962963	nan	nan	nan	nan
1163.963963963964	nan	nan	nan	nan
1164.9649649649652	nan	nan	nan	nan
1165.9659659659658	nan	nan	nan	nan
1166.966966966967	nan	nan	nan	nan
1167.967967967968	nan	nan	nan	nan
1168.968968968969	nan	nan	nan	nan
1169.9699699699702	nan	nan	nan	nan
1170.9709709709707	nan	nan	nan	nan
1171.971971971972	nan	nan	nan	nan
1172.972972972973	nan	nan	nan	nan
1173.973973973974	nan	nan	nan	nan
1174.974974974975	nan	nan	nan	nan
1175.975975975976	nan	nan	nan	nan
1176.976976976977	nan	nan	nan	nan
1177.977977977978	nan	nan	nan	nan
1178.978978978979	nan	nan	nan	nan
1179.97997997998	nan	nan	nan	nan
1180.980980980981	nan	nan	nan	nan
1181.981981981982	nan	nan	nan	nan
1182.9829829829832	nan	nan	nan	nan
1183.9839839839842	nan	nan	nan	nan
1184.9849849849852	nan	nan	nan	nan
1185.9859859859862	nan	nan	nan	nan
1186.9869869869872	nan	nan	nan	nan
1187.9879879879882	nan	nan	nan	nan
1188.9889889889891	nan	nan	nan	nan
1189.9899899899901	nan	nan	nan	nan
1190.9909909909911	nan	nan	nan	nan
1191.991991991992	nan	nan	nan	nan
1192.992992992993	nan	nan	nan	nan
1193.993993993994	nan	nan	nan	nan
1194.994994994995	nan	nan	nan	nan
1195.995995995996	nan	nan	nan	nan
1196.996996996997	nan	nan	nan	nan
1197.997997997998	nan	nan	nan	nan
1198.998998998999	nan	nan	nan	nan
1200.0	nan	nan	nan	nan
1203.0050083472454	nan	nan	nan	nan
1206.0100166944906	nan	nan	nan	nan
1209.0150250417362	nan	nan	nan	nan
1212.0200333889816	nan	nan	nan	nan
1215.025041736227	nan	nan	nan	nan
1218.0300500834724	nan	nan	nan	nan
1221.0350584307178	nan	nan	nan	nan
1224.0400667779634	nan	nan	nan	nan
1227.0450751252088	nan	nan	nan	nan
1230.0500834724542	nan	nan	nan	nan
1233.0550918196996	nan	nan	nan	nan
1236.060100166945	nan	nan	nan	nan
1239.0651085141903	nan	nan	nan	nan
1242.0701168614357	nan	nan	nan	nan
1245.0751252086811	nan	nan	nan	nan
1248.0801335559265	nan	nan	nan	nan
1251.0851419031721	nan	nan	nan	nan
1254.0901502504173	nan	nan	nan	nan
1257.0951585976627	nan	nan	nan	nan
1260.100166944908	nan	nan	nan	nan
1263.1051752921533	nan	nan	nan	nan
1266.110183639399	nan	nan	nan	nan
1269.1151919866445	nan	nan	nan	nan
1272.12020033389	nan	nan	nan	nan
1275.1252086811353	nan	nan	nan	nan
1278.1302170283807	nan	nan	nan	nan
1281.135225375626	nan	nan	nan	nan
1284.1402337228715	nan	nan	nan	nan
1287.1452420701169	nan	nan	nan	nan
1290.1502504173623	nan	nan	nan	nan
1293.1552587646077	nan	nan	nan	nan
1296.160267111853	nan	nan	nan	nan
1299.1652754590984	nan	nan	nan	nan
1302.1702838063438	nan	nan	nan	nan
1305.1752921535892	nan	nan	nan	nan
1308.1803005008348	nan	nan	nan	nan
1311.1853088480802	nan	nan	nan	nan
1314.1903171953256	nan	nan	nan	nan
1317.1953255425708	nan	nan	nan	nan
1320.2003338898164	nan	nan	nan	nan
1323.2053422370618	nan	nan	nan	nan
1326.2103505843072	nan	nan	nan	nan
1329.2153589315526	nan	nan	nan	nan
1332.220367278798	nan	nan	nan	nan
1335.2253756260434	nan	nan	nan	nan
1338.2303839732888	nan	nan	nan	nan
1341.2353923205342	nan	nan	nan	nan
1344.2404006677796	nan	nan	nan	nan
1347.245409015025	nan	nan	nan	nan
1350.2504173622704	nan	nan	nan	nan
1353.2554257095157	nan	nan	nan	nan
1356.2604340567614	nan	nan	nan	nan
1359.2654424040068	nan	nan	nan	nan
1362.2704507512524	nan	nan	nan	nan
1365.2754590984975	nan	nan	nan	nan
1368.280467445743	nan	nan	nan	nan
1371.2854757929883	nan	nan	nan	nan
1374.2904841402335	nan	nan	nan	nan
1377.2954924874791	nan	nan	nan	nan
1380.3005008347245	nan	nan	nan	nan
1383.30550918197	nan	nan	nan	nan
1386.3105175292155	nan	nan	nan	nan
1389.3155258764607	nan	nan	nan	nan
1392.320534223706	nan	nan	nan	nan
1395.3255425709515	nan	nan	nan	nan
1398.3305509181966	nan	nan	nan	nan
1401.3355592654425	nan	nan	nan	nan
1404.340567612688	nan	nan	nan	nan
1407.3455759599335	nan	nan	nan	nan
1410.3505843071787	nan	nan	nan	nan
1413.355592654424	nan	nan	nan	nan
1416.3606010016695	nan	nan	nan	nan
1419.3656093489146	nan	nan	nan	nan
1422.3706176961603	nan	nan	nan	nan
1425.3756260434056	nan	nan	nan	nan
1428.380634390651	nan	nan	nan	nan
1431.3856427378967	nan	nan	nan	nan
1434.3906510851418	nan	nan	nan	nan
1437.3956594323872	nan	nan	nan	nan
1440.4006677796326	nan	nan	nan	nan
1443.4056761268778	nan	nan	nan	nan
1446.4106844741236	nan	nan	nan	nan
1449.415692821369	nan	nan	nan	nan
1452.4207011686146	nan	nan	nan	nan
1455.4257095158598	nan	nan	nan	nan
1458.4307178631052	nan	nan	nan	nan
1461.4357262103506	nan	nan	nan	nan
1464.4407345575958	nan	nan	nan	nan
1467.4457429048414	nan	nan	nan	nan
1470.4507512520868	nan	nan	nan	nan
1473.4557595993322	nan	nan	nan	nan
1476.4607679465778	nan	nan	nan	nan
1479.465776293823	nan	nan	nan	nan
1482.4707846410683	nan	nan	nan	nan
1485.4757929883137	nan	nan	nan	nan
1488.480801335559	nan	nan	nan	nan
1491.4858096828048	nan	nan	nan	nan
1494.4908180300501	nan	nan	nan	nan
1497.4958263772958	nan	nan	nan	nan
1500.500834724541	nan	nan	nan	nan
1503.5058430717863	nan	nan	nan	nan
1506.5108514190317	nan	nan	nan	nan
1509.515859766277	nan	nan	nan	nan
1512.5208681135225	nan	nan	nan	nan
1515.525876460768	nan	nan	nan	nan
1518.5308848080133	nan	nan	nan	nan
1521.535893155259	nan	nan	nan	nan
1524.5409015025043	nan	nan	nan	nan
1527.5459098497495	nan	nan	nan	nan
1530.5509181969949	nan	nan	nan	nan
1533.55592654424	nan	nan	nan	nan
1536.5609348914859	nan	nan	nan	nan
1539.5659432387313	nan	nan	nan	nan
1542.570951585977	nan	nan	nan	nan
1545.575959933222	nan	nan	nan	nan
1548.5809682804675	nan	nan	nan	nan
1551.5859766277129	nan	nan	nan	nan
1554.590984974958	nan	nan	nan	nan
1557.5959933222036	nan	nan	nan	nan
1560.601001669449	nan	nan	nan	nan
1563.6060100166944	nan	nan	nan	nan
1566.61101836394	nan	nan	nan	nan
1569.6160267111854	nan	nan	nan	nan
1572.6210350584306	nan	nan	nan	nan
1575.626043405676	nan	nan	nan	nan
1578.6310517529212	nan	nan	nan	nan
1581.636060100167	nan	nan	nan	nan
1584.6410684474124	nan	nan	nan	nan
1587.646076794658	nan	nan	nan	nan
1590.6510851419032	nan	nan	nan	nan
1593.6560934891486	nan	nan	nan	nan
1596.661101836394	nan	nan	nan	nan
1599.6661101836391	nan	nan	nan	nan
1602.6711185308848	nan	nan	nan	nan
1605.6761268781302	nan	nan	nan	nan
1608.6811352253756	nan	nan	nan	nan
1611.6861435726212	nan	nan	nan	nan
1614.6911519198666	nan	nan	nan	nan
1617.6961602671117	nan	nan	nan	nan
1620.7011686143571	nan	nan	nan	nan
1623.7061769616028	nan	nan	nan	nan
1626.7111853088481	nan	nan	nan	nan
1629.7161936560935	nan	nan	nan	nan
1632.7212020033392	nan	nan	nan	nan
1635.7262103505843	nan	nan	nan	nan
1638.7312186978297	nan	nan	nan	nan
1641.736227045075	nan	nan	nan	nan
1644.7412353923203	nan	nan	nan	nan
1647.746243739566	nan	nan	nan	nan
1650.7512520868113	nan	nan	nan	nan
1653.7562604340567	nan	nan	nan	nan
1656.7612687813023	nan	nan	nan	nan
1659.7662771285477	nan	nan	nan	nan
1662.7712854757929	nan	nan	nan	nan
1665.7762938230383	nan	nan	nan	nan
1668.7813021702839	nan	nan	nan	nan
1671.7863105175293	nan	nan	nan	nan
1674.7913188647747	nan	nan	nan	nan
1677.7963272120203	nan	nan	nan	nan
1680.8013355592655	nan	nan	nan	nan
1683.8063439065108	nan	nan	nan	nan
1686.8113522537562	nan	nan	nan	nan
1689.8163606010014	nan	nan	nan	nan
1692.821368948247	nan	nan	nan	nan
1695.8263772954924	nan	nan	nan	nan
1698.8313856427378	nan	nan	nan	nan
1701.8363939899834	nan	nan	nan	nan
1704.8414023372288	nan	nan	nan	nan
1707.846410684474	nan	nan	nan	nan
1710.8514190317194	nan	nan	nan	nan
1713.8564273789646	nan	nan	nan	nan
1716.8614357262104	nan	nan	nan	nan
1719.8664440734558	nan	nan	nan	nan
1722.8714524207014	nan	nan	nan	nan
1725.8764607679466	nan	nan	nan	nan
1728.881469115192	nan	nan	nan	nan
1731.8864774624374	nan	nan	nan	nan
1734.8914858096825	nan	nan	nan	nan
1737.8964941569277	nan	nan	nan	nan
1740.9015025041735	nan	nan	nan	nan
1743.9065108514194	nan	nan	nan	nan
1746.9115191986646	nan	nan	nan	nan
1749.9165275459102	nan	nan	nan	nan
1752.9215358931554	nan	nan	nan	nan
1755.9265442404005	nan	nan	nan	nan
1758.9315525876457	nan	nan	nan	nan
1761.9365609348915	nan	nan	nan	nan
1764.941569282137	nan	nan	nan	nan
1767.9465776293825	nan	nan	nan	nan
1770.9515859766277	nan	nan	nan	nan
1773.9565943238729	nan	nan	nan	nan
1776.9616026711185	nan	nan	nan	nan
1779.9666110183637	nan	nan	nan	nan
1782.9716193656095	nan	nan	nan	nan
1785.9766277128547	nan	nan	nan	nan
1788.9816360601005	nan	nan	nan	nan
1791.9866444073457	nan	nan	nan	nan
1794.991652754591	nan	nan	nan	nan
1797.9966611018363	nan	nan	nan	nan
1801.0016694490816	nan	nan	nan	nan
1804.0066777963268	nan	nan	nan	nan
1807.0116861435727	nan	nan	nan	nan
1810.0166944908178	nan	nan	nan	nan
1813.0217028380637	nan	nan	nan	nan
1816.0267111853088	nan	nan	nan	nan
1819.0317195325542	nan	nan	nan	nan
1822.0367278797996	nan	nan	nan	nan
1825.0417362270448	nan	nan	nan	nan
1828.0467445742906	nan	nan	nan	nan
1831.0517529215358	nan	nan	nan	nan
1834.0567612687817	nan	nan	nan	nan
1837.0617696160268	nan	nan	nan	nan
1840.0667779632722	nan	nan	nan	nan
1843.0717863105174	nan	nan	nan	nan
1846.0767946577628	nan	nan	nan	nan
1849.081803005008	nan	nan	nan	nan
1852.0868113522538	nan	nan	nan	nan
1855.0918196994992	nan	nan	nan	nan
1858.0968280467448	nan	nan	nan	nan
1861.10183639399	nan	nan	nan	nan
1864.1068447412356	nan	nan	nan	nan
1867.1118530884808	nan	nan	nan	nan
1870.116861435726	nan	nan	nan	nan
1873.1218697829718	nan	nan	nan	nan
1876.126878130217	nan	nan	nan	nan
1879.1318864774628	nan	nan	nan	nan
1882.136894824708	nan	nan	nan	nan
1885.1419031719531	nan	nan	nan	nan
1888.1469115191983	nan	nan	nan	nan
1891.151919866444	nan	nan	nan	nan
1894.1569282136895	nan	nan	nan	nan
1897.161936560935	nan	nan	nan	nan
1900.1669449081808	nan	nan	nan	nan
1903.171953255426	nan	nan	nan	nan
1906.176961602671	nan	nan	nan	nan
1909.1819699499165	nan	nan	nan	nan
1912.1869782971619	nan	nan	nan	nan
1915.191986644407	nan	nan	nan	nan
1918.196994991653	nan	nan	nan	nan
1921.202003338898	nan	nan	nan	nan
1924.207011686144	nan	nan	nan	nan
1927.212020033389	nan	nan	nan	nan
1930.2170283806345	nan	nan	nan	nan
1933.2220367278796	nan	nan	nan	nan
1936.227045075125	nan	nan	nan	nan
1939.2320534223709	nan	nan	nan	nan
1942.237061769616	nan	nan	nan	nan
1945.2420701168614	nan	nan	nan	nan
1948.247078464107	nan	nan	nan	nan
1951.2520868113522	nan	nan	nan	nan
1954.2570951585976	nan	nan	nan	nan
1957.262103505843	nan	nan	nan	nan
1960.2671118530882	nan	nan	nan	nan
1963.272120200334	nan	nan	nan	nan
1966.2771285475792	nan	nan	nan	nan
1969.282136894825	nan	nan	nan	nan
1972.2871452420702	nan	nan	nan	nan
1975.2921535893158	nan	nan	nan	nan
1978.297161936561	nan	nan	nan	nan
1981.3021702838062	nan	nan	nan	nan
1984.3071786310518	nan	nan	nan	nan
1987.3121869782972	nan	nan	nan	nan
1990.3171953255426	nan	nan	nan	nan
1993.3222036727882	nan	nan	nan	nan
1996.3272120200334	nan	nan	nan	nan
1999.3322203672785	nan	nan	nan	nan
2002.3372287145241	nan	nan	nan	nan
2005.3422370617693	nan	nan	nan	nan
2008.3472454090152	nan	nan	nan	nan
2011.3522537562603	nan	nan	nan	nan
2014.3572621035062	nan	nan	nan	nan
2017.3622704507513	nan	nan	nan	nan
2020.3672787979967	nan	nan	nan	nan
2023.372287145242	nan	nan	nan	nan
2026.3772954924873	nan	nan	nan	nan
2029.382303839733	nan	nan	nan	nan
2032.3873121869783	nan	nan	nan	nan
2035.3923205342235	nan	nan	nan	nan
2038.3973288814693	nan	nan	nan	nan
2041.4023372287145	nan	nan	nan	nan
2044.4073455759599	nan	nan	nan	nan
2047.4123539232053	nan	nan	nan	nan
2050.4173622704507	nan	nan	nan	nan
2053.4223706176963	nan	nan	nan	nan
2056.4273789649415	nan	nan	nan	nan
2059.432387312187	nan	nan	nan	nan
2062.4373956594322	nan	nan	nan	nan
2065.442404006678	nan	nan	nan	nan
2068.447412353923	nan	nan	nan	nan
2071.4524207011686	nan	nan	nan	nan
2074.4574290484143	nan	nan	nan	nan
2077.4624373956594	nan	nan	nan	nan
2080.4674457429046	nan	nan	nan	nan
2083.47245409015	nan	nan	nan	nan
2086.4774624373963	nan	nan	nan	nan
2089.4824707846415	nan	nan	nan	nan
2092.4874791318866	nan	nan	nan	nan
2095.492487479132	nan	nan	nan	nan
2098.4974958263774	nan	nan	nan	nan
2101.5025041736226	nan	nan	nan	nan
2104.507512520868	nan	nan	nan	nan
2107.5125208681134	nan	nan	nan	nan
2110.5175292153585	nan	nan	nan	nan
2113.5225375626037	nan	nan	nan	nan
2116.52754590985	nan	nan	nan	nan
2119.5325542570954	nan	nan	nan	nan
2122.5375626043406	nan	nan	nan	nan
2125.5425709515857	nan	nan	nan	nan
2128.5475792988314	nan	nan	nan	nan
2131.552587646077	nan	nan	nan	nan
2134.557595993322	nan	nan	nan	nan
2137.5626043405678	nan	nan	nan	nan
2140.567612687813	nan	nan	nan	nan
2143.5726210350585	nan	nan	nan	nan
2146.5776293823037	nan	nan	nan	nan
2149.5826377295493	nan	nan	nan	nan
2152.5876460767945	nan	nan	nan	nan
2155.59265442404	nan	nan	nan	nan
2158.5976627712853	nan	nan	nan	nan
2161.602671118531	nan	nan	nan	nan
2164.6076794657765	nan	nan	nan	nan
2167.6126878130217	nan	nan	nan	nan
2170.617696160267	nan	nan	nan	nan
2173.6227045075125	nan	nan	nan	nan
2176.627712854758	nan	nan	nan	nan
2179.6327212020033	nan	nan	nan	nan
2182.637729549249	nan	nan	nan	nan
2185.642737896494	nan	nan	nan	nan
2188.6477462437397	nan	nan	nan	nan
2191.652754590985	nan	nan	nan	nan
2194.6577629382305	nan	nan	nan	nan
2197.6627712854756	nan	nan	nan	nan
2200.6677796327217	nan	nan	nan	nan
2203.672787979967	nan	nan	nan	nan
2206.677796327212	nan	nan	nan	nan
2209.6828046744577	nan	nan	nan	nan
2212.687813021703	nan	nan	nan	nan
2215.692821368948	nan	nan	nan	nan
2218.6978297161936	nan	nan	nan	nan
2221.702838063439	nan	nan	nan	nan
2224.707846410684	nan	nan	nan	nan
2227.712854757929	nan	nan	nan	nan
2230.717863105175	nan	nan	nan	nan
2233.722871452421	nan	nan	nan	nan
2236.727879799666	nan	nan	nan	nan
2239.7328881469116	nan	nan	nan	nan
2242.737896494157	nan	nan	nan	nan
2245.7429048414024	nan	nan	nan	nan
2248.7479131886475	nan	nan	nan	nan
2251.752921535893	nan	nan	nan	nan
2254.757929883139	nan	nan	nan	nan
2257.762938230384	nan	nan	nan	nan
2260.767946577629	nan	nan	nan	nan
2263.7729549248747	nan	nan	nan	nan
2266.7779632721204	nan	nan	nan	nan
2269.7829716193655	nan	nan	nan	nan
2272.7879799666107	nan	nan	nan	nan
2275.7929883138563	nan	nan	nan	nan
2278.797996661102	nan	nan	nan	nan
2281.803005008347	nan	nan	nan	nan
2284.8080133555927	nan	nan	nan	nan
2287.8130217028383	nan	nan	nan	nan
2290.8180300500835	nan	nan	nan	nan
2293.8230383973287	nan	nan	nan	nan
2296.8280467445743	nan	nan	nan	nan
2299.83305509182	nan	nan	nan	nan
2302.838063439065	nan	nan	nan	nan
2305.8430717863102	nan	nan	nan	nan
2308.848080133556	nan	nan	nan	nan
2311.853088480802	nan	nan	nan	nan
2314.858096828047	nan	nan	nan	nan
2317.8631051752923	nan	nan	nan	nan
2320.8681135225374	nan	nan	nan	nan
2323.873121869783	nan	nan	nan	nan
2326.8781302170282	nan	nan	nan	nan
2329.883138564274	nan	nan	nan	nan
2332.888146911519	nan	nan	nan	nan
2335.893155258764	nan	nan	nan	nan
2338.8981636060093	nan	nan	nan	nan
2341.9031719532554	nan	nan	nan	nan
2344.908180300501	nan	nan	nan	nan
2347.913188647746	nan	nan	nan	nan
2350.9181969949914	nan	nan	nan	nan
2353.923205342237	nan	nan	nan	nan
2356.9282136894826	nan	nan	nan	nan
2359.933222036728	nan	nan	nan	nan
2362.938230383973	nan	nan	nan	nan
2365.943238731219	nan	nan	nan	nan
2368.948247078464	nan	nan	nan	nan
2371.9532554257094	nan	nan	nan	nan
2374.958263772955	nan	nan	nan	nan
2377.9632721202006	nan	nan	nan	nan
2380.9682804674458	nan	nan	nan	nan
2383.973288814691	nan	nan	nan	nan
2386.9782971619366	nan	nan	nan	nan
2389.983305509182	nan	nan	nan	nan
2392.9883138564273	nan	nan	nan	nan
2395.9933222036725	nan	nan	nan	nan
2398.998330550918	nan	nan	nan	nan
2402.0033388981637	nan	nan	nan	nan
2405.008347245409	nan	nan	nan	nan
2408.013355592654	nan	nan	nan	nan
2411.0183639399	nan	nan	nan	nan
2414.0233722871453	nan	nan	nan	nan
2417.0283806343905	nan	nan	nan	nan
2420.033388981636	nan	nan	nan	nan
2423.038397328882	nan	nan	nan	nan
2426.0434056761273	nan	nan	nan	nan
2429.0484140233725	nan	nan	nan	nan
2432.0534223706177	nan	nan	nan	nan
2435.0584307178633	nan	nan	nan	nan
2438.0634390651085	nan	nan	nan	nan
2441.0684474123536	nan	nan	nan	nan
2444.0734557595993	nan	nan	nan	nan
2447.0784641068444	nan	nan	nan	nan
2450.0834724540896	nan	nan	nan	nan
2453.0884808013357	nan	nan	nan	nan
2456.0934891485813	nan	nan	nan	nan
2459.0984974958265	nan	nan	nan	nan
2462.1035058430716	nan	nan	nan	nan
2465.1085141903172	nan	nan	nan	nan
2468.113522537563	nan	nan	nan	nan
2471.118530884808	nan	nan	nan	nan
2474.123539232053	nan	nan	nan	nan
2477.128547579299	nan	nan	nan	nan
2480.1335559265444	nan	nan	nan	nan
2483.1385642737896	nan	nan	nan	nan
2486.1435726210348	nan	nan	nan	nan
2489.1485809682804	nan	nan	nan	nan
2492.153589315526	nan	nan	nan	nan
2495.158597662771	nan	nan	nan	nan
2498.163606010017	nan	nan	nan	nan
2501.1686143572624	nan	nan	nan	nan
2504.1736227045076	nan	nan	nan	nan
2507.1786310517527	nan	nan	nan	nan
2510.1836393989984	nan	nan	nan	nan
2513.188647746244	nan	nan	nan	nan
2516.193656093489	nan	nan	nan	nan
2519.1986644407343	nan	nan	nan	nan
2522.20367278798	nan	nan	nan	nan
2525.2086811352256	nan	nan	nan	nan
2528.2136894824707	nan	nan	nan	nan
2531.218697829716	nan	nan	nan	nan
2534.2237061769615	nan	nan	nan	nan
2537.2287145242076	nan	nan	nan	nan
2540.2337228714528	nan	nan	nan	nan
2543.238731218698	nan	nan	nan	nan
2546.2437395659435	nan	nan	nan	nan
2549.2487479131887	nan	nan	nan	nan
2552.253756260434	nan	nan	nan	nan
2555.2587646076795	nan	nan	nan	nan
2558.2637729549247	nan	nan	nan	nan
2561.26878130217	nan	nan	nan	nan
2564.273789649415	nan	nan	nan	nan
2567.278797996661	nan	nan	nan	nan
2570.2838063439067	nan	nan	nan	nan
2573.288814691152	nan	nan	nan	nan
2576.293823038397	nan	nan	nan	nan
2579.2988313856426	nan	nan	nan	nan
2582.3038397328883	nan	nan	nan	nan
2585.3088480801334	nan	nan	nan	nan
2588.313856427379	nan	nan	nan	nan
2591.3188647746247	nan	nan	nan	nan
2594.32387312187	nan	nan	nan	nan
2597.328881469115	nan	nan	nan	nan
2600.3338898163606	nan	nan	nan	nan
2603.3388981636062	nan	nan	nan	nan
2606.3439065108514	nan	nan	nan	nan
2609.3489148580966	nan	nan	nan	nan
2612.353923205342	nan	nan	nan	nan
2615.358931552588	nan	nan	nan	nan
2618.363939899833	nan	nan	nan	nan
2621.368948247078	nan	nan	nan	nan
2624.3739565943238	nan	nan	nan	nan
2627.3789649415694	nan	nan	nan	nan
2630.3839732888146	nan	nan	nan	nan
2633.38898163606	nan	nan	nan	nan
2636.393989983306	nan	nan	nan	nan
2639.398998330551	nan	nan	nan	nan
2642.404006677796	nan	nan	nan	nan
2645.4090150250418	nan	nan	nan	nan
2648.414023372288	nan	nan	nan	nan
2651.419031719533	nan	nan	nan	nan
2654.424040066778	nan	nan	nan	nan
2657.4290484140233	nan	nan	nan	nan
2660.434056761269	nan	nan	nan	nan
2663.439065108514	nan	nan	nan	nan
2666.4440734557593	nan	nan	nan	nan
2669.449081803005	nan	nan	nan	nan
2672.45409015025	nan	nan	nan	nan
2675.4590984974952	nan	nan	nan	nan
2678.4641068447413	nan	nan	nan	nan
2681.469115191987	nan	nan	nan	nan
2684.474123539232	nan	nan	nan	nan
2687.4791318864773	nan	nan	nan	nan
2690.484140233723	nan	nan	nan	nan
2693.4891485809685	nan	nan	nan	nan
2696.4941569282137	nan	nan	nan	nan
2699.499165275459	nan	nan	nan	nan
2702.5041736227045	nan	nan	nan	nan
2705.50918196995	nan	nan	nan	nan
2708.5141903171952	nan	nan	nan	nan
2711.5191986644404	nan	nan	nan	nan
2714.524207011686	nan	nan	nan	nan
2717.5292153589317	nan	nan	nan	nan
2720.534223706177	nan	nan	nan	nan
2723.5392320534224	nan	nan	nan	nan
2726.544240400668	nan	nan	nan	nan
2729.549248747913	nan	nan	nan	nan
2732.5542570951584	nan	nan	nan	nan
2735.559265442404	nan	nan	nan	nan
2738.56427378965	nan	nan	nan	nan
2741.5692821368953	nan	nan	nan	nan
2744.5742904841404	nan	nan	nan	nan
2747.5792988313856	nan	nan	nan	nan
2750.584307178631	nan	nan	nan	nan
2753.5893155258764	nan	nan	nan	nan
2756.5943238731215	nan	nan	nan	nan
2759.599332220367	nan	nan	nan	nan
2762.6043405676123	nan	nan	nan	nan
2765.6093489148575	nan	nan	nan	nan
2768.6143572621036	nan	nan	nan	nan
2771.619365609349	nan	nan	nan	nan
2774.6243739565944	nan	nan	nan	nan
2777.6293823038395	nan	nan	nan	nan
2780.634390651085	nan	nan	nan	nan
2783.639398998331	nan	nan	nan	nan
2786.6444073455764	nan	nan	nan	nan
2789.6494156928215	nan	nan	nan	nan
2792.6544240400667	nan	nan	nan	nan
2795.6594323873123	nan	nan	nan	nan
2798.6644407345575	nan	nan	nan	nan
2801.6694490818027	nan	nan	nan	nan
2804.6744574290483	nan	nan	nan	nan
2807.6794657762935	nan	nan	nan	nan
2810.6844741235386	nan	nan	nan	nan
2813.6894824707847	nan	nan	nan	nan
2816.6944908180303	nan	nan	nan	nan
2819.6994991652755	nan	nan	nan	nan
2822.7045075125206	nan	nan	nan	nan
2825.7095158597663	nan	nan	nan	nan
2828.7145242070123	nan	nan	nan	nan
2831.7195325542575	nan	nan	nan	nan
2834.7245409015027	nan	nan	nan	nan
2837.729549248748	nan	nan	nan	nan
2840.7345575959935	nan	nan	nan	nan
2843.7395659432386	nan	nan	nan	nan
2846.744574290484	nan	nan	nan	nan
2849.7495826377294	nan	nan	nan	nan
2852.7545909849746	nan	nan	nan	nan
2855.7595993322198	nan	nan	nan	nan
2858.764607679466	nan	nan	nan	nan
2861.7696160267114	nan	nan	nan	nan
2864.7746243739566	nan	nan	nan	nan
2867.779632721202	nan	nan	nan	nan
2870.7846410684474	nan	nan	nan	nan
2873.7896494156935	nan	nan	nan	nan
2876.7946577629386	nan	nan	nan	nan
2879.799666110184	nan	nan	nan	nan
2882.804674457429	nan	nan	nan	nan
2885.8096828046746	nan	nan	nan	nan
2888.8146911519198	nan	nan	nan	nan
2891.819699499165	nan	nan	nan	nan
2894.8247078464105	nan	nan	nan	nan
2897.8297161936557	nan	nan	nan	nan
2900.834724540901	nan	nan	nan	nan
2903.839732888147	nan	nan	nan	nan
2906.8447412353926	nan	nan	nan	nan
2909.8497495826377	nan	nan	nan	nan
2912.854757929883	nan	nan	nan	nan
2915.8597662771285	nan	nan	nan	nan
2918.8647746243746	nan	nan	nan	nan
2921.8697829716198	nan	nan	nan	nan
2924.874791318865	nan	nan	nan	nan
2927.87979966611	nan	nan	nan	nan
2930.8848080133557	nan	nan	nan	nan
2933.889816360601	nan	nan	nan	nan
2936.8948247078465	nan	nan	nan	nan
2939.8998330550917	nan	nan	nan	nan
2942.904841402337	nan	nan	nan	nan
2945.909849749582	nan	nan	nan	nan
2948.914858096828	nan	nan	nan	nan
2951.9198664440737	nan	nan	nan	nan
2954.924874791319	nan	nan	nan	nan
2957.929883138564	nan	nan	nan	nan
2960.9348914858097	nan	nan	nan	nan
2963.9398998330557	nan	nan	nan	nan
2966.944908180301	nan	nan	nan	nan
2969.949916527546	nan	nan	nan	nan
2972.9549248747912	nan	nan	nan	nan
2975.959933222037	nan	nan	nan	nan
2978.964941569282	nan	nan	nan	nan
2981.9699499165276	nan	nan	nan	nan
2984.974958263773	nan	nan	nan	nan
2987.979966611018	nan	nan	nan	nan
2990.984974958263	nan	nan	nan	nan
2993.989983305509	nan	nan	nan	nan
2996.994991652755	nan	nan	nan	nan
3000.0	nan	nan	nan	nan
