2.000000000000000000e+02	-6.071171401382481278e-03
2.010010010010010149e+02	8.171037606348127442e-04
2.020020020020020013e+02	8.757480924611560705e-03
2.030030030030030161e+02	-5.764756022441361923e-04
2.040040040040040026e+02	1.338794834223392110e-03
2.050050050050050174e+02	3.337583881157314518e-03
2.060060060060060039e+02	-2.804346484859198459e-03
2.070070070070070187e+02	5.559337178955646008e-04
2.080080080080080052e+02	5.356791364124490612e-03
2.090090090090090200e+02	2.740971023115401119e-03
2.100100100100100065e+02	6.997459698986111757e-04
2.110110110110110213e+02	4.340402125148514964e-03
2.120120120120120077e+02	3.294341909399824651e-03
2.130130130130130226e+02	-3.667332112831795917e-04
2.140140140140140090e+02	1.647107555856122934e-03
2.150150150150150239e+02	-3.008185658723430862e-03
2.160160160160160103e+02	-3.226263085265296607e-03
2.170170170170170252e+02	-4.677589958285247387e-03
2.180180180180180116e+02	-3.837651775863791699e-03
2.190190190190190265e+02	-1.904122192466398567e-03
2.200200200200200129e+02	-1.222905573682715307e-03
2.210210210210210278e+02	4.045856694758436347e-04
2.220220220220220142e+02	-6.326573704655868643e-03
2.230230230230230291e+02	3.643070526249569084e-03
2.240240240240240155e+02	2.168789482203841053e-03
2.250250250250250303e+02	-1.470656141619181966e-03
2.260260260260260168e+02	-4.417745295655767929e-03
2.270270270270270316e+02	-2.531753629167981037e-03
2.280280280280280181e+02	-3.143811727469590471e-03
2.290290290290290329e+02	3.271512425341257298e-03
2.300300300300300478e+02	-1.095474120998014052e-03
2.310310310310310342e+02	3.322408278171863800e-03
2.320320320320320207e+02	-4.338652295913488291e-03
2.330330330330330355e+02	1.686851977253821331e-03
2.340340340340340504e+02	2.676246409907327662e-04
2.350350350350350368e+02	3.617962711589072129e-03
2.360360360360360232e+02	4.335970808752759613e-04
2.370370370370370381e+02	-2.433061311578309412e-03
2.380380380380380529e+02	-1.593938225913430471e-04
2.390390390390390394e+02	2.093330159085769748e-03
2.400400400400400258e+02	-6.027386418520302644e-03
2.410410410410410407e+02	-2.328719265881208471e-03
2.420420420420420555e+02	1.232038913613549367e-03
2.430430430430430420e+02	-4.504227687379271095e-03
2.440440440440440568e+02	-3.704863015375695480e-04
2.450450450450450433e+02	-4.214848765825144825e-03
2.460460460460460581e+02	-5.550153243047027327e-03
2.470470470470470445e+02	8.599398740152966545e-04
2.480480480480480594e+02	-5.437759010572131187e-03
2.490490490490490458e+02	-1.232689797637243610e-04
2.500500500500500607e+02	5.278908262381398417e-03
2.510510510510510471e+02	-1.479120221709458952e-03
2.520520520520520620e+02	4.124476987175900236e-03
2.530530530530530484e+02	1.925069878993323613e-03
2.540540540540540633e+02	6.900636341813338841e-03
2.550550550550550497e+02	1.820466522321598484e-03
2.560560560560560361e+02	4.835234676950147734e-03
2.570570570570570794e+02	6.082999319537288948e-04
2.580580580580580659e+02	1.190279812741407411e-03
2.590590590590590523e+02	1.576742999347683066e-03
2.600600600600600956e+02	-1.318518921703990768e-03
2.610610610610610820e+02	4.014499690202275040e-03
2.620620620620620684e+02	6.385652195998710659e-03
2.630630630630630549e+02	4.648179296386703921e-03
2.640640640640640413e+02	-2.227339799872797392e-03
2.650650650650650846e+02	1.388470292903454793e-04
2.660660660660660710e+02	4.082848858617383822e-03
2.670670670670670575e+02	2.803275447208849851e-03
2.680680680680681007e+02	9.629339156974326113e-04
2.690690690690690872e+02	-2.476834965321515238e-03
2.700700700700700736e+02	4.708740588239452261e-03
2.710710710710710600e+02	3.543968161299847382e-03
2.720720720720720465e+02	4.932849704222062176e-03
2.730730730730730897e+02	2.036387422411966696e-03
2.740740740740740762e+02	1.065659061992171430e-03
2.750750750750750626e+02	8.231483493304771974e-04
2.760760760760761059e+02	-9.061345666338021165e-04
2.770770770770770923e+02	5.057071369067901462e-04
2.780780780780780788e+02	-6.853084241486121636e-03
2.790790790790790652e+02	4.239687246973388585e-03
2.800800800800800516e+02	-3.101783775920226825e-03
2.810810810810810949e+02	-3.369114023932347950e-04
2.820820820820820813e+02	4.522604626742593751e-04
2.830830830830831246e+02	-5.699334113292221435e-03
2.840840840840841111e+02	-5.530943327340933843e-03
2.850850850850850975e+02	-1.347116690861998884e-03
2.860860860860860839e+02	5.868122333460375119e-04
2.870870870870870704e+02	-2.924125153059066798e-03
2.880880880880881136e+02	-4.955081268663911987e-05
2.890890890890891001e+02	-5.092252501185947147e-03
2.900900900900900865e+02	-3.209478142834910116e-03
2.910910910910911298e+02	-7.834966591152847659e-03
2.920920920920921162e+02	-2.148248684640251781e-03
2.930930930930931027e+02	7.668830808171412782e-04
2.940940940940940891e+02	1.662948630861623171e-03
2.950950950950950755e+02	-3.303358878951079833e-04
2.960960960960961188e+02	-1.672619735852265161e-03
2.970970970970971052e+02	-5.109703307856568524e-03
2.980980980980980917e+02	-1.038271210762733553e-03
2.990990990990991349e+02	-1.642539426967707435e-03
3.001001001001001214e+02	-3.355057280014090718e-06
3.011011011011011078e+02	4.172819055151927650e-03
3.021021021021020942e+02	-5.921854977203636853e-04
3.031031031031030807e+02	-9.720687813263696828e-04
3.041041041041041240e+02	3.418830118104321551e-04
3.051051051051051104e+02	7.443250873902845701e-04
3.061061061061060968e+02	1.253856862221847546e-03
3.071071071071071401e+02	4.260875219597752214e-03
3.081081081081081265e+02	-9.825735103558549260e-03
3.091091091091091130e+02	-1.485343335410948661e-03
3.101101101101100994e+02	5.353324891323842441e-03
3.111111111111110858e+02	-1.082549855567313188e-02
3.121121121121121291e+02	-2.690001204711801354e-03
3.131131131131131156e+02	4.678627883223982972e-03
3.141141141141141588e+02	-6.204824748196061048e-05
3.151151151151151453e+02	-1.014005853646620867e-02
3.161161161161161317e+02	-3.597679727838310783e-03
3.171171171171171181e+02	-1.980429552203095446e-03
3.181181181181181046e+02	-9.816236908438909919e-03
3.191191191191191479e+02	-7.408480746653843194e-03
3.201201201201201343e+02	-8.529815743280402124e-03
3.211211211211211207e+02	-6.096421182929022062e-03
3.221221221221221640e+02	-1.108287311071646034e-02
3.231231231231231504e+02	-7.844626338766310519e-03
3.241241241241241369e+02	8.599390869351577430e-04
3.251251251251251233e+02	1.465804150624416390e-03
3.261261261261261097e+02	4.508290300981874707e-03
3.271271271271271530e+02	2.550624127421518249e-03
3.281281281281281395e+02	4.256794548521402070e-04
3.291291291291291827e+02	-2.107873504313823899e-03
3.301301301301301692e+02	-4.133585879296379148e-03
3.311311311311311556e+02	-3.279211728813570016e-03
3.321321321321321420e+02	-6.351904290803648753e-03
3.331331331331331285e+02	-3.190296125152453956e-03
3.341341341341341149e+02	1.246998768249519261e-04
3.351351351351351582e+02	1.163747583854812459e-02
3.361361361361361446e+02	-6.195869726053351238e-04
3.371371371371371879e+02	3.373313234984547625e-03
3.381381381381381743e+02	-1.848115255236492532e-02
3.391391391391391608e+02	-1.338683522824665392e-02
3.401401401401401472e+02	-5.466837921877352666e-03
3.411411411411411336e+02	6.973790277579829458e-03
3.421421421421421201e+02	-3.548648035233193700e-03
3.431431431431431633e+02	9.265219373821655807e-03
3.441441441441441498e+02	-5.519947731647543206e-04
3.451451451451451931e+02	-4.158265423344074604e-03
3.461461461461461795e+02	1.672975030101831340e-03
3.471471471471471659e+02	-1.894620765317183830e-03
3.481481481481481524e+02	1.122793126857387844e-02
3.491491491491491388e+02	5.798061655188200755e-03
3.501501501501501252e+02	-4.348094883576432770e-03
3.511511511511511685e+02	1.961796119942572393e-03
3.521521521521521549e+02	-7.018086639566713594e-03
3.531531531531531982e+02	1.541366422733613916e-03
3.541541541541541847e+02	7.979411593512233340e-04
3.551551551551551711e+02	4.093859326847302735e-03
3.561561561561561575e+02	1.362115494759702939e-03
3.571571571571571440e+02	3.105732410167066047e-03
3.581581581581581304e+02	5.409926157279197276e-03
3.591591591591591737e+02	1.584403931202321269e-03
3.601601601601601601e+02	3.436946315137827911e-03
3.611611611611612034e+02	6.399334448540515072e-03
3.621621621621621898e+02	-1.268788584882546769e-02
3.631631631631631763e+02	-4.885840636801251288e-03
3.641641641641641627e+02	-1.062654982231806336e-02
3.651651651651651491e+02	-1.194170678078302142e-02
3.661661661661661924e+02	-1.242645661380440206e-02
3.671671671671671788e+02	-1.194227801153424987e-02
3.681681681681682221e+02	-3.966822612321120947e-03
3.691691691691692085e+02	-1.459723142636628820e-02
3.701701701701701950e+02	-1.138824392140777922e-02
3.711711711711711814e+02	-1.100028006464998445e-02
3.721721721721721678e+02	-1.571763585183872519e-02
3.731731731731731543e+02	-2.132235043859982172e-03
3.741741741741741976e+02	-1.111927020801262590e-03
3.751751751751751840e+02	-8.950149927494269880e-03
3.761761761761762273e+02	-9.476465385723168572e-03
3.771771771771772137e+02	2.710610605801327087e-03
3.781781781781782001e+02	3.487546894263475993e-03
3.791791791791791866e+02	8.305054194861268696e-03
3.801801801801801730e+02	3.874600671858630975e-03
3.811811811811811594e+02	-4.353832349956008804e-03
3.821821821821822027e+02	-7.638273378050343745e-03
3.831831831831831892e+02	-4.591486249703182268e-03
3.841841841841842324e+02	-1.675797421165720492e-03
3.851851851851852189e+02	-5.076823565864139673e-03
3.861861861861862053e+02	-1.852842805407566972e-03
3.871871871871871917e+02	-1.327145822352204449e-02
3.881881881881881782e+02	-5.603911481701055394e-03
3.891891891891891646e+02	-1.638785584343548790e-02
3.901901901901902079e+02	-1.227857562431569280e-02
3.911911911911911943e+02	-5.490489738447316623e-03
3.921921921921922376e+02	-6.917004710446374941e-04
3.931931931931932240e+02	-1.314838316971494656e-02
3.941941941941942105e+02	-6.128714056162191601e-03
3.951951951951951969e+02	-2.594049778913947411e-03
3.961961961961961833e+02	-5.009073963578305425e-04
3.971971971971972266e+02	-1.156156683719849598e-03
3.981981981981982130e+02	1.094552563895262887e-03
3.991991991991992563e+02	-4.972296391289430725e-03
4.002002002002002428e+02	-3.131675579141012487e-03
4.012012012012012292e+02	1.791812825424982537e-03
4.022022022022022156e+02	3.004314532841389183e-03
4.032032032032032021e+02	-3.759540117653893156e-03
4.042042042042041885e+02	6.155671777126168684e-03
4.052052052052052318e+02	-5.569724599869011958e-03
4.062062062062062182e+02	4.788098484867249829e-03
4.072072072072072615e+02	-9.992283058267905499e-03
4.082082082082082479e+02	-1.460711393849050896e-02
4.092092092092092344e+02	8.236735642053736369e-04
4.102102102102102208e+02	4.132735432739840717e-03
4.112112112112112072e+02	7.181692635989665383e-03
4.122122122122121937e+02	-4.719485005165393113e-03
4.132132132132132369e+02	-9.131316230534734096e-03
4.142142142142142234e+02	-7.076989148904118745e-03
4.152152152152152667e+02	-1.519697196465305891e-02
4.162162162162162531e+02	-2.655529061659943867e-03
4.172172172172172395e+02	-3.957088015921315580e-03
4.182182182182182260e+02	-7.208351068078768312e-03
4.192192192192192124e+02	-3.619714368968686392e-05
4.202202202202201988e+02	3.745552630521092018e-03
4.212212212212212421e+02	4.909336384381205939e-03
4.222222222222222285e+02	9.646522111386831438e-03
4.232232232232232718e+02	2.306265773512588234e-03
4.242242242242242583e+02	-4.158386755526681175e-03
4.252252252252252447e+02	-6.516987893346785563e-03
4.262262262262262311e+02	-9.505985407599895024e-04
4.272272272272272176e+02	-3.785747575431735144e-03
4.282282282282282608e+02	7.089636348581672062e-03
4.292292292292292473e+02	7.119405294290616706e-03
4.302302302302302905e+02	-1.165152788824729956e-03
4.312312312312312770e+02	1.269138061653768846e-03
4.322322322322322634e+02	-1.688759769697123058e-03
4.332332332332332498e+02	-2.800369374391042075e-03
4.342342342342342363e+02	-5.511877038990113317e-03
4.352352352352352227e+02	-3.394934635922718623e-03
4.362362362362362660e+02	4.452173219914313780e-04
4.372372372372372524e+02	3.064789839799132200e-03
4.382382382382382957e+02	5.251567508348624000e-03
4.392392392392392821e+02	4.294011027367037811e-03
4.402402402402402686e+02	-1.121140386619775761e-02
4.412412412412412550e+02	-3.360494062329217636e-03
4.422422422422422414e+02	-4.144849496494738481e-03
4.432432432432432279e+02	-7.856917319927377713e-03
4.442442442442442712e+02	-1.093643433324980804e-02
4.452452452452452576e+02	-7.329721979888263392e-03
4.462462462462463009e+02	-7.071269041031726446e-03
4.472472472472472873e+02	-2.207685774656344829e-02
4.482482482482482737e+02	-9.294456439518924279e-03
4.492492492492492602e+02	-4.037174400641495601e-04
4.502502502502502466e+02	2.698799710641076356e-03
4.512512512512512330e+02	1.943356526210693758e-03
4.522522522522522763e+02	3.944000272824097972e-03
4.532532532532532628e+02	-9.280184692441464326e-04
4.542542542542543060e+02	-5.877750252111126408e-03
4.552552552552552925e+02	-9.253163423958012807e-03
4.562562562562562789e+02	-1.136554950036586589e-02
4.572572572572572653e+02	-5.387710715302277895e-03
4.582582582582583086e+02	-8.218770953931166939e-03
4.592592592592592950e+02	-9.003254505687455916e-03
4.602602602602602815e+02	-1.028068658286418740e-04
4.612612612612612679e+02	-2.754037299979749352e-03
4.622622622622623112e+02	-6.364012409697637415e-03
4.632632632632632976e+02	-1.415053046736305595e-02
4.642642642642642841e+02	-3.827946504996460921e-03
4.652652652652652705e+02	-6.321569472996333913e-03
4.662662662662663138e+02	-7.650872624384767381e-03
4.672672672672673002e+02	-4.364543430236482099e-03
4.682682682682682866e+02	-1.207696861241477557e-02
4.692692692692692731e+02	-2.091649593541437119e-02
4.702702702702703164e+02	-1.402288694486158657e-02
4.712712712712713028e+02	-1.869865160837960033e-02
4.722722722722722892e+02	-5.203298015886785241e-03
4.732732732732732757e+02	-1.399165193227857717e-03
4.742742742742743189e+02	-2.415433335640871683e-03
4.752752752752753054e+02	-6.488480627021066607e-03
4.762762762762762918e+02	-7.470012703030578030e-03
4.772772772772772782e+02	1.355635849914437873e-03
4.782782782782783215e+02	1.035010225714122142e-02
4.792792792792793080e+02	2.758899167186661637e-03
4.802802802802802944e+02	1.315237989876843691e-02
4.812812812812812808e+02	1.086212506572136957e-02
4.822822822822823241e+02	1.746338295016913039e-02
4.832832832832833105e+02	1.345816984174022166e-02
4.842842842842842970e+02	1.164104878962965092e-02
4.852852852852852834e+02	6.259055605724954049e-03
4.862862862862863267e+02	-4.555420680185827062e-03
4.872872872872873131e+02	-8.596336218488011965e-03
4.882882882882882996e+02	1.604904570010168719e-03
4.892892892892893428e+02	9.578399630636171783e-04
4.902902902902903293e+02	5.795545253199614957e-03
4.912912912912913157e+02	3.316512786319504059e-03
4.922922922922923021e+02	4.523100610640760563e-03
4.932932932932933454e+02	1.087149008169591494e-02
4.942942942942943318e+02	5.132167677927233426e-03
4.952952952952953183e+02	1.741661471730742827e-03
4.962962962962963047e+02	1.205258547210680698e-03
4.972972972972973480e+02	3.304418695619758782e-03
4.982982982982983344e+02	1.596750459427559877e-03
4.992992992992993209e+02	-6.481545056661317580e-04
5.003003003003003073e+02	-1.660467880061327738e-03
5.013013013013013506e+02	1.048145930656607932e-04
5.023023023023023370e+02	-7.059551925454597351e-03
5.033033033033033234e+02	-3.846591598602177057e-04
5.043043043043043099e+02	-1.186734704390901129e-03
5.053053053053053532e+02	7.022048800180426611e-03
5.063063063063063396e+02	7.636396975053529393e-03
5.073073073073073260e+02	6.505732050840149980e-03
5.083083083083083125e+02	-1.278637290039549498e-02
5.093093093093093557e+02	-4.569241733588970747e-03
5.103103103103103422e+02	-7.529933273692281451e-03
5.113113113113113286e+02	-4.538774795925600361e-03
5.123123123123123150e+02	-4.569887892046960512e-03
5.133133133133133015e+02	-6.332760502394398864e-04
5.143143143143142879e+02	-2.464091182828752856e-03
5.153153153153152743e+02	-4.012579628522307609e-03
5.163163163163162608e+02	-8.371710787741517504e-04
5.173173173173173609e+02	-1.038024776505775282e-03
5.183183183183183473e+02	4.315236225453099620e-04
5.193193193193193338e+02	1.009989152055356786e-03
5.203203203203203202e+02	1.059344377880780050e-02
5.213213213213214203e+02	9.123799694509823061e-03
5.223223223223224068e+02	5.531200393019962067e-03
5.233233233233233932e+02	8.829670294417415327e-03
5.243243243243243796e+02	-2.695802179106422149e-03
5.253253253253253661e+02	2.573911604753785802e-04
5.263263263263263525e+02	7.545444832979751257e-03
5.273273273273273389e+02	1.035939159482346730e-02
5.283283283283283254e+02	5.000771193552468533e-03
5.293293293293293118e+02	4.551834112737492347e-03
5.303303303303302982e+02	8.333738200247273881e-03
5.313313313313312847e+02	4.512874119380701557e-03
5.323323323323323848e+02	4.187629282539602829e-03
5.333333333333333712e+02	-1.763978063888670968e-04
5.343343343343343577e+02	1.121125463730948332e-02
5.353353353353353441e+02	6.486950173373777148e-03
5.363363363363364442e+02	5.841604605647813175e-04
5.373373373373374307e+02	-5.150231788152241294e-03
5.383383383383384171e+02	-3.030054428779959362e-03
5.393393393393394035e+02	-4.065353100047462351e-03
5.403403403403403900e+02	-6.053775189983732694e-03
5.413413413413413764e+02	-8.872382100003036506e-04
5.423423423423423628e+02	3.221202633989867815e-03
5.433433433433433493e+02	-1.490040829673911372e-03
5.443443443443443357e+02	-1.823286788775026982e-03
5.453453453453453221e+02	-4.699226356083965189e-03
5.463463463463463086e+02	-1.304000311753535785e-03
5.473473473473472950e+02	-4.272794088295214787e-03
5.483483483483483951e+02	3.076579332919721597e-03
5.493493493493493816e+02	-1.065652059067666172e-03
5.503503503503503680e+02	-6.756231250620175349e-03
5.513513513513513544e+02	-9.755573118778806258e-03
5.523523523523524545e+02	-6.236104640475382058e-03
5.533533533533534410e+02	-3.471059715169933120e-03
5.543543543543544274e+02	-5.237025679694320979e-03
5.553553553553554138e+02	-1.464320620389917681e-03
5.563563563563564003e+02	-3.336652914097689750e-03
5.573573573573573867e+02	-1.129845005841255585e-02
5.583583583583583732e+02	-2.374273862236054786e-03
5.593593593593593596e+02	-8.765301633225856814e-03
5.603603603603603460e+02	-1.622945709050824335e-03
5.613613613613613325e+02	7.161914358890236265e-07
5.623623623623623189e+02	-3.469311804919617600e-03
5.633633633633634190e+02	-3.588239561250274566e-03
5.643643643643644054e+02	-8.815691340092541434e-03
5.653653653653653919e+02	-1.396034400328739766e-02
5.663663663663663783e+02	-1.671688185237837562e-02
5.673673673673674784e+02	-1.020784864969735695e-02
5.683683683683684649e+02	-8.939179194641804632e-03
5.693693693693694513e+02	-1.399716612163797759e-02
5.703703703703704377e+02	-6.679831581423795184e-03
5.713713713713714242e+02	-8.997666701223079253e-03
5.723723723723724106e+02	-1.540841212753610474e-02
5.733733733733733970e+02	-6.620231996777494604e-03
5.743743743743743835e+02	-8.939290168812050186e-03
5.753753753753753699e+02	-7.957833123239794332e-03
5.763763763763763563e+02	-1.560854119882779632e-02
5.773773773773773428e+02	-5.806270379306974379e-03
5.783783783783783292e+02	-6.390053282648452092e-03
5.793793793793794293e+02	-3.093706445251774139e-03
5.803803803803804158e+02	-5.756284597652707238e-03
5.813813813813814022e+02	-3.734112690787925928e-03
5.823823823823823886e+02	-2.671719218383883376e-03
5.833833833833834888e+02	-7.565549863084997974e-03
5.843843843843844752e+02	-1.307062807256714060e-03
5.853853853853854616e+02	6.639502672387763774e-03
5.863863863863864481e+02	-9.590885851146844360e-04
5.873873873873874345e+02	-8.230900750298987198e-03
5.883883883883884209e+02	-6.275558118137793476e-03
5.893893893893894074e+02	-8.561477879247627459e-03
5.903903903903903938e+02	-4.303599956327079992e-03
5.913913913913913802e+02	-7.221010764323673725e-03
5.923923923923923667e+02	-1.185798650314342020e-02
5.933933933933933531e+02	-3.577576941500019720e-03
5.943943943943944532e+02	-8.950811678660991477e-03
5.953953953953954397e+02	3.126254231823673291e-03
5.963963963963964261e+02	-1.975677356204873225e-03
5.973973973973974125e+02	-8.139874524695230040e-03
5.983983983983985127e+02	-7.499159822172435201e-03
5.993993993993994991e+02	9.672892158164639580e-04
6.004004004004004855e+02	-2.008860505183128736e-03
6.014014014014014720e+02	-6.372919196722170131e-03
6.024024024024024584e+02	2.549692017098433017e-03
6.034034034034034448e+02	3.159044002681698354e-03
6.044044044044044313e+02	9.111388060891695978e-03
6.054054054054054177e+02	-1.970673019159419320e-03
6.064064064064064041e+02	1.945936627106494010e-03
6.074074074074073906e+02	2.570693656197560028e-04
6.084084084084083770e+02	-1.414184031346611041e-04
6.094094094094093634e+02	-1.054732093912330582e-02
6.104104104104104636e+02	-3.034644030789867587e-03
6.114114114114114500e+02	-7.826313268138589130e-03
6.124124124124124364e+02	5.751884206418134832e-03
6.134134134134134229e+02	-5.092898999011491587e-04
6.144144144144145230e+02	-8.338013823445508850e-04
6.154154154154155094e+02	-9.374154322102281472e-03
6.164164164164164958e+02	-1.224399449187886253e-03
6.174174174174174823e+02	-1.863738680336326321e-03
6.184184184184184687e+02	-7.239713917763198822e-03
6.194194194194194552e+02	-3.795288241909284231e-03
6.204204204204204416e+02	-5.636803806792229504e-03
6.214214214214214280e+02	-1.132850412742148968e-02
6.224224224224224145e+02	-5.103085708963638056e-03
6.234234234234234009e+02	-1.018091602542564242e-02
6.244244244244243873e+02	-1.138210907868087741e-02
6.254254254254254874e+02	-5.900033246650098623e-03
6.264264264264264739e+02	1.679433668130491178e-03
6.274274274274274603e+02	-1.264307887965972904e-02
6.284284284284284468e+02	-1.253275308154547414e-02
6.294294294294295469e+02	-8.311831352540205355e-04
6.304304304304305333e+02	-2.845964038117663412e-03
6.314314314314315197e+02	-4.203587152261413495e-03
6.324324324324325062e+02	-6.128108088429222444e-03
6.334334334334334926e+02	-2.286843730107615200e-03
6.344344344344344790e+02	3.828242214143920841e-03
6.354354354354354655e+02	3.116042624642524628e-03
6.364364364364364519e+02	-3.733834366108765485e-04
6.374374374374374383e+02	-2.280799488944466099e-03
6.384384384384384248e+02	-7.825929813815861620e-04
6.394394394394394112e+02	3.463883786828029880e-04
6.404404404404403977e+02	-6.003369573631075519e-04
6.414414414414414978e+02	-4.968229231784601282e-03
6.424424424424424842e+02	5.786159288585309216e-03
6.434434434434434706e+02	3.054421601022473415e-03
6.444444444444444571e+02	-9.612881409579759201e-03
6.454454454454455572e+02	-1.268396033184389718e-02
6.464464464464465436e+02	-1.124163468718716863e-02
6.474474474474475301e+02	-4.030660677026853995e-03
6.484484484484485165e+02	-3.248455467154482551e-03
6.494494494494495029e+02	-1.185610509858534001e-02
6.504504504504504894e+02	1.990496783521855922e-03
6.514514514514514758e+02	-3.331961994889479865e-03
6.524524524524524622e+02	-8.087486104885667493e-03
6.534534534534534487e+02	-1.314104403966188592e-02
6.544544544544544351e+02	-5.780732671173862379e-03
6.554554554554554215e+02	-6.547561705681556078e-03
6.564564564564565217e+02	-7.771219393624856017e-03
6.574574574574575081e+02	-5.362734916156311482e-03
6.584584584584584945e+02	-1.304731420525466479e-02
6.594594594594594810e+02	-7.262014413160029422e-03
6.604604604604605811e+02	-8.845498373951602572e-03
6.614614614614615675e+02	-5.523489997889975862e-03
6.624624624624625540e+02	-8.806979739661331685e-03
6.634634634634635404e+02	-1.076833622558505225e-02
6.644644644644645268e+02	-1.221705134365201964e-02
6.654654654654655133e+02	-1.746798544344396048e-02
6.664664664664664997e+02	-1.470895938858706939e-02
6.674674674674674861e+02	-4.196927983971308548e-03
6.684684684684684726e+02	-1.226565306376533812e-02
6.694694694694694590e+02	-8.886027955313232501e-03
6.704704704704704454e+02	3.033001995538854058e-03
6.714714714714714319e+02	-5.533411497138982990e-03
6.724724724724725320e+02	-1.037360136923303963e-02
6.734734734734735184e+02	-5.531396211992947124e-04
6.744744744744745049e+02	1.086668905229981261e-02
6.754754754754754913e+02	1.370937293112170149e-02
6.764764764764765914e+02	5.816237879424810894e-03
6.774774774774775778e+02	1.974516669984437991e-04
6.784784784784785643e+02	-3.194227422336244106e-03
6.794794794794795507e+02	5.128681140910499800e-03
6.804804804804805372e+02	-5.208823981510483578e-03
6.814814814814815236e+02	-5.383523213464356735e-03
6.824824824824825100e+02	-4.563171940038858801e-03
6.834834834834834965e+02	-1.044535545226399006e-02
6.844844844844844829e+02	-1.538842503753448318e-02
6.854854854854854693e+02	-1.028490002449922603e-03
6.864864864864864558e+02	-2.947860303460642963e-03
6.874874874874875559e+02	3.957280600775268595e-03
6.884884884884885423e+02	4.522307744376922664e-03
6.894894894894895288e+02	1.744101285794968492e-03
6.904904904904905152e+02	8.320133519805674588e-03
6.914914914914916153e+02	4.764668370068723610e-03
6.924924924924926017e+02	4.099299484306538274e-03
6.934934934934935882e+02	4.705710878003281292e-03
6.944944944944945746e+02	7.881759545150354013e-03
6.954954954954955610e+02	-3.247322998807171922e-03
6.964964964964965475e+02	1.014378251263314476e-02
6.974974974974975339e+02	1.019853342667864302e-02
6.984984984984985203e+02	-6.633114744704378743e-03
6.994994994994995068e+02	-1.219153397336488961e-02
7.005005005005004932e+02	-1.379134682595512407e-03
7.015015015015014797e+02	2.614837854071626853e-03
7.025025025025024661e+02	-2.446245439671758089e-04
7.035035035035035662e+02	-8.215209461254204763e-04
7.045045045045045526e+02	-2.686834718275466806e-03
7.055055055055055391e+02	-3.208138250624660050e-03
7.065065065065065255e+02	-1.359522766811461017e-02
7.075075075075076256e+02	-9.715834933188564199e-03
7.085085085085086121e+02	-4.754980397377763304e-03
7.095095095095095985e+02	-1.897522048615492979e-02
7.105105105105105849e+02	-7.414743007566145308e-03
7.115115115115115714e+02	-4.888204966729566350e-03
7.125125125125125578e+02	-1.246812621699483828e-02
7.135135135135135442e+02	-5.067332254812902462e-03
7.145145145145145307e+02	-2.675882971028249215e-03
7.155155155155155171e+02	-1.443511456033366377e-02
7.165165165165166172e+02	-2.017877416818942594e-03
7.175175175175176037e+02	-5.216472485143066121e-03
7.185185185185185901e+02	-8.645221998406784573e-04
7.195195195195195765e+02	-5.862674690276905090e-03
7.205205205205205630e+02	-9.286646300776916357e-03
7.215215215215215494e+02	5.424883166893489127e-05
7.225225225225225358e+02	-1.452065910974687304e-02
7.235235235235235223e+02	4.068401295525795811e-03
7.245245245245246224e+02	-1.073689433649860706e-02
7.255255255255256088e+02	-1.151372822285443367e-02
7.265265265265265953e+02	-4.526616928534512099e-03
7.275275275275275817e+02	-3.013630988956184954e-03
7.285285285285285681e+02	7.047935241338840260e-05
7.295295295295295546e+02	-6.326888251222964003e-04
7.305305305305305410e+02	6.392578414917303095e-03
7.315315315315315274e+02	-1.672399162920224381e-03
7.325325325325326276e+02	2.044723465897432119e-02
7.335335335335336140e+02	1.983792685896212070e-03
7.345345345345346004e+02	5.689399117098261141e-03
7.355355355355355869e+02	1.092370164997480755e-02
7.365365365365365733e+02	4.216661515722754452e-03
7.375375375375375597e+02	8.913479813684312830e-03
7.385385385385385462e+02	5.808923455534411098e-03
7.395395395395395326e+02	-7.600340404190634655e-03
7.405405405405406327e+02	-2.103052207993615606e-03
7.415415415415416192e+02	1.228531842111047281e-02
7.425425425425426056e+02	-1.535473371311471200e-02
7.435435435435435920e+02	1.510451611280800178e-03
7.445445445445445785e+02	3.700654002403825672e-03
7.455455455455455649e+02	2.895768124964504843e-03
7.465465465465465513e+02	-2.456625409685774496e-03
7.475475475475476514e+02	-2.239068111548754049e-03
7.485485485485486379e+02	4.152770379401619569e-03
7.495495495495496243e+02	2.662669153631943425e-02
7.505505505505506108e+02	1.364847121036041541e-02
7.515515515515515972e+02	1.417084196880524435e-02
7.525525525525525836e+02	1.466033645076025502e-02
7.535535535535535701e+02	1.247726745465238193e-02
7.545545545545545565e+02	4.803589133463596547e-03
7.555555555555556566e+02	1.007518420252853306e-02
7.565565565565566430e+02	5.630578663652600555e-03
7.575575575575576295e+02	3.612143913476527878e-03
7.585585585585586159e+02	-3.738573620528652143e-03
7.595595595595596023e+02	2.214694782279549162e-02
7.605605605605605888e+02	1.406643617197913740e-02
7.615615615615615752e+02	9.750703680588914540e-03
7.625625625625625617e+02	1.231458616226057887e-02
7.635635635635636618e+02	9.162210329942518244e-03
7.645645645645646482e+02	6.405243711080534433e-03
7.655655655655656346e+02	4.797050294374658949e-03
7.665665665665666211e+02	8.680111367438288900e-03
7.675675675675676075e+02	7.611977007701191053e-03
7.685685685685685939e+02	4.379151125856099377e-03
7.695695695695695804e+02	-7.361411507839923322e-04
7.705705705705705668e+02	2.078922000134346935e-03
7.715715715715716669e+02	-1.974603409043761658e-03
7.725725725725726534e+02	5.224340646980877786e-03
7.735735735735736398e+02	1.686231601594356116e-02
7.745745745745746262e+02	1.573845152855023882e-02
7.755755755755756127e+02	3.903074169205904796e-03
7.765765765765765991e+02	4.847718139403598900e-03
7.775775775775775855e+02	5.796234962732736348e-03
7.785785785785786857e+02	4.700493140775417397e-03
7.795795795795796721e+02	-1.258114447854840733e-03
7.805805805805806585e+02	-2.972538114633659382e-04
7.815815815815816450e+02	1.659091559452318797e-03
7.825825825825826314e+02	-5.060886524924730970e-03
7.835835835835836178e+02	-5.256572928013404991e-03
7.845845845845846043e+02	-2.751044035155248736e-03
7.855855855855855907e+02	-1.126694798670530451e-03
7.865865865865866908e+02	1.248362142439340527e-03
7.875875875875876773e+02	6.147150605381732145e-05
7.885885885885886637e+02	-8.079909897565466098e-03
7.895895895895896501e+02	8.596715695872388791e-03
7.905905905905906366e+02	-2.570701498783440654e-03
7.915915915915916230e+02	-1.159931150329363437e-03
7.925925925925926094e+02	-1.747838364850207594e-03
7.935935935935935959e+02	4.312166290974249125e-03
7.945945945945946960e+02	-5.496024828728492476e-03
7.955955955955956824e+02	-8.965475200378161206e-04
7.965965965965966689e+02	-1.413283963977413505e-03
7.975975975975976553e+02	1.033998947384539853e-04
7.985985985985986417e+02	4.199714801400357758e-03
7.995995995995996282e+02	-2.711964211991380914e-03
8.006006006006006146e+02	-9.496125353352733584e-03
8.016016016016016010e+02	-3.856505873213233147e-03
8.026026026026027012e+02	1.505713371532795952e-03
8.036036036036036876e+02	3.890351535842941045e-05
8.046046046046046740e+02	1.157656574799437611e-03
8.056056056056056605e+02	3.331633973067960920e-03
8.066066066066066469e+02	-4.450635274972080139e-04
8.076076076076076333e+02	-5.440212030397019417e-05
8.086086086086086198e+02	-6.569202689482191507e-03
8.096096096096097199e+02	3.079454998617668941e-04
8.106106106106107063e+02	-2.323703334226628024e-03
8.116116116116116928e+02	-2.815669865235736168e-03
8.126126126126126792e+02	-4.750419039962009912e-03
8.136136136136136656e+02	-3.828033678075771747e-04
8.146146146146146521e+02	-2.350682563995675455e-03
8.156156156156156385e+02	-7.504180053530265450e-05
8.166166166166166249e+02	-1.256222688090938636e-02
8.176176176176177250e+02	-1.747277656195923151e-02
8.186186186186187115e+02	-2.464452762885453035e-02
8.196196196196196979e+02	-3.440266592670716307e-03
8.206206206206206843e+02	-1.177621666456735508e-02
8.216216216216216708e+02	-2.040684784391155054e-02
8.226226226226226572e+02	-5.964614193813390711e-03
8.236236236236236437e+02	-1.179515380573648454e-03
8.246246246246246301e+02	-8.059698044992295168e-03
8.256256256256257302e+02	-2.742454939472837444e-02
8.266266266266267166e+02	-1.756797764365453790e-02
8.276276276276277031e+02	-1.284767323339531045e-02
8.286286286286286895e+02	-5.531345344066436812e-03
8.296296296296296759e+02	-2.350824716053861313e-02
8.306306306306306624e+02	-3.883957817043449945e-02
8.316316316316316488e+02	-2.625870075519163432e-02
8.326326326326326353e+02	-1.457211042647799451e-02
8.336336336336337354e+02	-7.689349516957212985e-03
8.346346346346347218e+02	2.183683528472062617e-03
8.356356356356357082e+02	1.916416169285755765e-03
8.366366366366366947e+02	4.666762649124132564e-03
8.376376376376376811e+02	9.668933334941451959e-04
8.386386386386386675e+02	-1.480970357390919991e-04
8.396396396396396540e+02	1.876366268505596634e-03
8.406406406406406404e+02	8.073394463673614491e-03
8.416416416416417405e+02	4.729850224944430123e-03
8.426426426426427270e+02	1.259709484940723778e-03
8.436436436436437134e+02	-4.056591000316523950e-04
8.446446446446446998e+02	6.664478618844114563e-03
8.456456456456456863e+02	4.752070566776870827e-03
8.466466466466466727e+02	1.009880935639650631e-02
8.476476476476476591e+02	1.235385791440443345e-02
8.486486486486487593e+02	3.567382697430344397e-03
8.496496496496497457e+02	8.860377562279145996e-03
8.506506506506507321e+02	8.851521070621180126e-03
8.516516516516517186e+02	4.571894961247326486e-03
8.526526526526527050e+02	5.531406333347447732e-03
8.536536536536536914e+02	4.396405370691800971e-03
8.546546546546546779e+02	6.564249618095678238e-03
8.556556556556556643e+02	1.215828463194601125e-02
8.566566566566567644e+02	-2.942845103880016057e-03
8.576576576576577509e+02	3.923230823672295073e-03
8.586586586586587373e+02	-5.392726025969853468e-03
8.596596596596597237e+02	1.977505704745390579e-03
8.606606606606607102e+02	-3.598757361688075494e-03
8.616616616616616966e+02	3.293009433381983465e-03
8.626626626626626830e+02	7.224590183267877788e-03
8.636636636636636695e+02	2.787384973368168574e-03
8.646646646646647696e+02	8.277995521442096331e-04
8.656656656656657560e+02	9.364372564933966941e-03
8.666666666666667425e+02	1.163722172415474279e-02
8.676676676676677289e+02	4.171736353511120224e-03
8.686686686686687153e+02	-7.600226570092875542e-03
8.696696696696697018e+02	-6.557648642561695815e-03
8.706706706706706882e+02	7.289308181491179275e-03
8.716716716716716746e+02	1.232435598736572255e-02
8.726726726726727748e+02	5.160047362174095473e-03
8.736736736736737612e+02	-4.162605077324020228e-03
8.746746746746747476e+02	5.851994744920598415e-03
8.756756756756757341e+02	4.989330611254423967e-03
8.766766766766767205e+02	1.421491233216953462e-02
8.776776776776777069e+02	8.410271143903556151e-03
8.786786786786786934e+02	5.770576511390847554e-03
8.796796796796797935e+02	3.842649190294784335e-03
8.806806806806807799e+02	1.395588782393092017e-02
8.816816816816817663e+02	9.806622225795726816e-03
8.826826826826827528e+02	7.705713275317214658e-03
8.836836836836837392e+02	-4.061884981069739968e-04
8.846846846846847257e+02	-5.375205107586126727e-03
8.856856856856857121e+02	7.782601611926035987e-03
8.866866866866866985e+02	5.091705907284692009e-03
8.876876876876877986e+02	6.430044662514707368e-03
8.886886886886887851e+02	7.643566052705304606e-03
8.896896896896897715e+02	-4.683539159935911104e-04
8.906906906906907579e+02	-3.203911138138225726e-04
8.916916916916917444e+02	-9.963835527142801511e-04
8.926926926926927308e+02	1.413197555010404106e-03
8.936936936936937173e+02	8.484845050928948532e-04
8.946946946946947037e+02	3.026512953145378245e-04
8.956956956956958038e+02	2.595090795550037722e-03
8.966966966966967902e+02	1.930893809038547893e-03
8.976976976976977767e+02	-5.062620473435698945e-03
8.986986986986987631e+02	-6.210604319503933504e-03
8.996996996996997495e+02	-9.511058866162904607e-03
9.007007007007007360e+02	-5.732174312963965110e-03
9.017017017017017224e+02	-6.074645580694150795e-03
9.027027027027027088e+02	-1.539361020606950115e-03
9.037037037037038090e+02	4.960006021682281715e-04
9.047047047047047954e+02	4.775514124934042079e-03
9.057057057057057818e+02	8.321386315832399790e-04
9.067067067067067683e+02	2.070954789372358128e-03
9.077077077077077547e+02	7.210406908130016432e-03
9.087087087087087411e+02	6.931217189488940097e-03
9.097097097097097276e+02	-1.705984784082182227e-03
9.107107107107108277e+02	6.964247076392730482e-03
9.117117117117118141e+02	4.857025391964612734e-03
9.127127127127128006e+02	5.055691013282735333e-03
9.137137137137137870e+02	-1.243318035901664221e-03
9.147147147147147734e+02	8.319942480580486740e-04
9.157157157157157599e+02	1.706562826879170613e-03
9.167167167167167463e+02	-8.906316793205863031e-03
9.177177177177177327e+02	-4.893688548798876339e-03
9.187187187187188329e+02	-1.163561538257112601e-02
9.197197197197198193e+02	-6.670652377958994836e-03
9.207207207207208057e+02	9.821011914565521556e-03
9.217217217217217922e+02	3.567864510161417903e-03
9.227227227227227786e+02	6.621589816179133600e-03
9.237237237237237650e+02	9.147635766380470684e-03
9.247247247247247515e+02	1.046919988935634659e-03
9.257257257257257379e+02	-8.054851682017857145e-03
9.267267267267268380e+02	-2.429187436775005239e-03
9.277277277277278245e+02	8.959188591119850859e-03
9.287287287287288109e+02	1.195902876036436090e-03
9.297297297297297973e+02	6.635935196077578577e-03
9.307307307307307838e+02	-2.507418846116216994e-03
9.317317317317317702e+02	5.907934125066875361e-03
9.327327327327327566e+02	1.012453434103887870e-02
9.337337337337337431e+02	7.844231533029320021e-04
9.347347347347348432e+02	3.041945140022427573e-03
9.357357357357358296e+02	-6.419840683871051376e-03
9.367367367367368161e+02	-5.664161180704398516e-03
9.377377377377378025e+02	5.903603509614744824e-03
9.387387387387387889e+02	-3.105112937671240282e-03
9.397397397397397754e+02	-1.284467292879398325e-03
9.407407407407407618e+02	-4.245112130615904047e-03
9.417417417417418619e+02	7.157284193751388066e-03
9.427427427427428483e+02	4.617526984017768579e-03
9.437437437437438348e+02	-9.298024211155666522e-04
9.447447447447448212e+02	-2.918980151365603050e-03
9.457457457457458077e+02	-4.837081246844844281e-04
9.467467467467467941e+02	6.911506759516487450e-03
9.477477477477477805e+02	3.421320214994250965e-03
9.487487487487487670e+02	7.545683616991481421e-03
9.497497497497498671e+02	1.035454071449009791e-02
9.507507507507508535e+02	8.674329238006980164e-03
9.517517517517518399e+02	6.959732263667918820e-03
9.527527527527528264e+02	-1.724719738829844518e-03
9.537537537537538128e+02	6.554904702306711337e-03
9.547547547547547993e+02	-3.600478118217232716e-03
9.557557557557557857e+02	5.250725485707761694e-03
9.567567567567567721e+02	-3.610231162202660361e-03
9.577577577577578722e+02	4.554764639691758973e-03
9.587587587587588587e+02	-7.050810696751176956e-03
9.597597597597598451e+02	4.771636462929105746e-03
9.607607607607608315e+02	4.121522774626350553e-04
9.617617617617618180e+02	-1.043919758969336520e-03
9.627627627627628044e+02	-2.307616741603930356e-03
9.637637637637637908e+02	-1.795461215006150402e-03
9.647647647647647773e+02	6.930532919338481743e-03
9.657657657657658774e+02	1.247615432957776757e-02
9.667667667667668638e+02	1.019792761868742667e-02
9.677677677677678503e+02	7.639705979114950682e-03
9.687687687687688367e+02	1.268700558330695602e-02
9.697697697697698231e+02	1.064476112986400755e-02
9.707707707707708096e+02	7.817609484275952342e-03
9.717717717717717960e+02	3.447811307955960490e-03
9.727727727727728961e+02	1.819798216843026683e-03
9.737737737737738826e+02	3.256130478990758607e-04
9.747747747747748690e+02	4.905062077305287135e-03
9.757757757757758554e+02	3.982794654479789379e-03
9.767767767767768419e+02	5.566424646342242252e-03
9.777777777777778283e+02	4.068259976536868147e-03
9.787787787787788147e+02	2.891290110658446301e-03
9.797797797797798012e+02	-5.308069679899217116e-03
9.807807807807809013e+02	1.275053844583098547e-02
9.817817817817818877e+02	9.839610270628709049e-03
9.827827827827828742e+02	6.194405564205583345e-03
9.837837837837838606e+02	4.634152029703740225e-03
9.847847847847848470e+02	5.038944278171754790e-03
9.857857857857858335e+02	9.370880619168960729e-03
9.867867867867868199e+02	1.581664276941349007e-02
9.877877877877878063e+02	1.429083451551510162e-02
9.887887887887889065e+02	9.885758435115157144e-03
9.897897897897898929e+02	8.631256590116317268e-03
9.907907907907908793e+02	5.812287315957008135e-03
9.917917917917918658e+02	6.292639944313891884e-03
9.927927927927928522e+02	6.784068545664016445e-03
9.937937937937938386e+02	5.860285265073010216e-03
9.947947947947948251e+02	7.331905989964857592e-04
9.957957957957958115e+02	4.514247294203297886e-03
9.967967967967969116e+02	2.593631847782800447e-03
9.977977977977978981e+02	4.116497590902821677e-03
9.987987987987988845e+02	3.212791911897576978e-03
9.997997997997998709e+02	4.875220098596753579e-03
1.000800800800800857e+03	1.747742346653757394e-03
1.001801801801801844e+03	1.120227072339052398e-03
1.002802802802802830e+03	2.653054339245396707e-03
1.003803803803803930e+03	1.226338960066619341e-02
1.004804804804804917e+03	1.985625692472737548e-03
1.005805805805805903e+03	5.416725342251292249e-03
1.006806806806806890e+03	-7.062001706259481929e-04
1.007807807807807876e+03	4.561600568804056663e-03
1.008808808808808863e+03	1.728964887882877399e-03
1.009809809809809849e+03	4.099356559296831251e-03
1.010810810810810835e+03	2.447933348046411363e-03
1.011811811811811936e+03	4.579244435831046275e-03
1.012812812812812922e+03	1.485434829206588522e-02
1.013813813813813908e+03	1.383200643795834059e-02
1.014814814814814895e+03	4.714804593443559441e-03
1.015815815815815881e+03	-5.504145871652878566e-03
1.016816816816816868e+03	6.475965984111401938e-03
1.017817817817817854e+03	1.017110359853445542e-02
1.018818818818818841e+03	9.761804064775333328e-03
1.019819819819819941e+03	1.990226776617417398e-02
1.020820820820820927e+03	1.454998376085725117e-02
1.021821821821821914e+03	8.141994657431814229e-05
1.022822822822822900e+03	-6.621374216078503364e-03
1.023823823823823886e+03	-4.649349320187569704e-03
1.024824824824824873e+03	-1.126336139351397526e-03
1.025825825825825859e+03	5.985161990343794078e-03
1.026826826826826846e+03	4.984750435150507239e-03
1.027827827827828060e+03	-4.871514753854446281e-03
1.028828828828829046e+03	-5.484715121216734383e-04
1.029829829829830032e+03	1.223304832963873368e-03
1.030830830830831019e+03	3.685644301982176317e-03
1.031831831831832005e+03	9.433494101738101184e-03
1.032832832832832992e+03	4.435989641568908667e-03
1.033833833833833978e+03	1.025187860659442906e-03
1.034834834834834965e+03	1.548068737427882747e-03
1.035835835835835951e+03	-5.446280046120797243e-04
1.036836836836836937e+03	2.871982315386600003e-03
1.037837837837837924e+03	7.103517207614594084e-03
1.038838838838838910e+03	3.755847057963278800e-03
1.039839839839839897e+03	1.047102294228976702e-02
1.040840840840840883e+03	3.850771252127961316e-04
1.041841841841841870e+03	2.180235339586804842e-03
1.042842842842842856e+03	1.873122905207802880e-03
1.043843843843843842e+03	-1.825025821324127284e-03
1.044844844844844829e+03	4.380154053083588558e-03
1.045845845845845815e+03	2.249340703279172592e-03
1.046846846846846802e+03	-4.280638159633006271e-03
1.047847847847847788e+03	4.554582840952973652e-03
1.048848848848848775e+03	7.256130117081175876e-03
1.049849849849849761e+03	2.600306716905030928e-04
1.050850850850850975e+03	-3.171839272554905810e-03
1.051851851851851961e+03	2.819144721131149577e-03
1.052852852852852948e+03	-3.442799045413836613e-03
1.053853853853853934e+03	-1.110835294674817220e-03
1.054854854854854921e+03	2.151303378487206229e-03
1.055855855855855907e+03	3.958193735350721762e-03
1.056856856856856894e+03	-4.485116778779442773e-03
1.057857857857857880e+03	6.841158066558520809e-03
1.058858858858859094e+03	5.642832176314447820e-03
1.059859859859860080e+03	1.519703432261015463e-03
1.060860860860861067e+03	-2.613555940117307831e-03
1.061861861861862053e+03	-5.009005878014118410e-03
1.062862862862863039e+03	-4.820361607450583327e-03
1.063863863863864026e+03	3.719528346541544316e-03
1.064864864864865012e+03	-1.394803078759721524e-04
1.065865865865865999e+03	5.552213564354617145e-03
1.066866866866866985e+03	1.276293599595329075e-03
1.067867867867867972e+03	4.619992819729855024e-03
1.068868868868868958e+03	4.832386958660283031e-04
1.069869869869869945e+03	-7.235501934521907860e-03
1.070870870870870931e+03	-3.336121571858364533e-03
1.071871871871871917e+03	8.119882983111945726e-04
1.072872872872872904e+03	-7.897383235215273915e-04
1.073873873873873890e+03	-5.407566739485449372e-03
1.074874874874874877e+03	-4.584569266067787738e-03
1.075875875875875863e+03	-1.550980470395369338e-03
1.076876876876876850e+03	-1.247023173408829278e-03
1.077877877877877836e+03	2.582191603302363102e-03
1.078878878878878822e+03	-1.499498255997766972e-03
1.079879879879879809e+03	1.101164512800594918e-03
1.080880880880880795e+03	3.946049141451134527e-04
1.081881881881882009e+03	1.529306711954447461e-03
1.082882882882882996e+03	-1.559506372622865723e-03
1.083883883883883982e+03	-4.098110521210117027e-03
1.084884884884884968e+03	4.871390279843069689e-04
1.085885885885885955e+03	-5.622409928200402043e-03
1.086886886886886941e+03	-6.666702758097416484e-03
1.087887887887887928e+03	-1.546242682540166936e-03
1.088888888888888914e+03	3.033542129923293661e-03
1.089889889889890128e+03	2.550270488166916059e-03
1.090890890890891114e+03	4.429862375686184975e-03
1.091891891891892101e+03	9.309459396985356877e-03
1.092892892892893087e+03	2.695837838929461029e-03
1.093893893893894074e+03	5.288962429751355512e-03
1.094894894894895060e+03	-1.315237299286953752e-04
1.095895895895896047e+03	6.164774910310530983e-04
1.096896896896897033e+03	-7.724564540789737763e-07
1.097897897897898019e+03	1.357408881645621578e-03
1.098898898898899006e+03	1.163397945000115962e-03
1.099899899899899992e+03	6.473079108019223413e-03
1.100900900900900979e+03	-3.446531277155022964e-03
1.101901901901901965e+03	8.049246652927142393e-03
1.102902902902902952e+03	7.503490473892702670e-03
1.103903903903903938e+03	-1.078052137112591943e-02
1.104904904904904924e+03	-4.335911944077256927e-03
1.105905905905905911e+03	-5.150432737882291653e-03
1.106906906906906897e+03	-8.481961673875717481e-04
1.107907907907907884e+03	6.037088864542046809e-03
1.108908908908908870e+03	2.551687218195820318e-03
1.109909909909909857e+03	-5.411077613675928030e-03
1.110910910910910843e+03	-5.038493328277772812e-03
1.111911911911911830e+03	6.946391917443115512e-04
1.112912912912913043e+03	1.085869946643141636e-03
1.113913913913914030e+03	5.597668342731258392e-03
1.114914914914915016e+03	1.150842100155368818e-03
1.115915915915916003e+03	3.148852129614520233e-03
1.116916916916916989e+03	-5.819297768460905337e-03
1.117917917917917976e+03	2.984420782566278053e-03
1.118918918918918962e+03	8.203643312383875758e-03
1.119919919919919948e+03	-3.022201421950949408e-03
1.120920920920921162e+03	2.260287861134745689e-03
1.121921921921922149e+03	2.045968765117812428e-03
1.122922922922923135e+03	-1.492498985030427539e-03
1.123923923923924121e+03	-3.332077334459450065e-04
1.124924924924925108e+03	2.152440781209797628e-03
1.125925925925926094e+03	8.984323303405652387e-04
1.126926926926927081e+03	6.140408401715815104e-03
1.127927927927928067e+03	1.260159906578295699e-02
1.128928928928929054e+03	1.490454748891104422e-02
1.129929929929930040e+03	8.493337870056013456e-03
1.130930930930931027e+03	-6.557816244254001739e-03
1.131931931931932013e+03	3.464663521599297162e-04
1.132932932932932999e+03	1.710727284873620347e-03
1.133933933933933986e+03	4.001987747561054978e-03
1.134934934934934972e+03	1.796850581941428649e-03
1.135935935935935959e+03	3.102312205748470643e-03
1.136936936936936945e+03	1.620512962061947961e-04
1.137937937937937932e+03	-1.332317094396920712e-02
1.138938938938938918e+03	-3.968972395819449564e-03
1.139939939939939904e+03	-2.192202071599897752e-03
1.140940940940940891e+03	-9.823362297555764296e-04
1.141941941941941877e+03	4.869829974684962079e-03
1.142942942942942864e+03	-6.438214174744856869e-03
1.143943943943944078e+03	1.155958382014682807e-03
1.144944944944945064e+03	5.117673179727165109e-03
1.145945945945946050e+03	-1.550024926272041813e-03
1.146946946946947037e+03	8.817016502923049562e-04
1.147947947947948023e+03	6.213528239017105867e-03
1.148948948948949010e+03	-6.676859520469450790e-03
1.149949949949949996e+03	1.133850928459156568e-02
1.150950950950950983e+03	3.160469713206047991e-03
1.151951951951952196e+03	5.813571613845684369e-03
1.152952952952953183e+03	2.314790713603382712e-03
1.153953953953954169e+03	1.785556574479207469e-03
1.154954954954955156e+03	6.527829284160459669e-03
1.155955955955956142e+03	1.866833102233255576e-02
1.156956956956957129e+03	3.418878451322326061e-03
1.157957957957958115e+03	3.340619214462380547e-03
1.158958958958959101e+03	9.751611987177662838e-03
1.159959959959960088e+03	9.439173902970057154e-04
1.160960960960961074e+03	5.546233209238747228e-03
1.161961961961962061e+03	9.897239236940410384e-03
1.162962962962963047e+03	-1.629151448102689626e-03
1.163963963963964034e+03	-6.384968039402973486e-03
1.164964964964965020e+03	-8.124834630403778707e-03
1.165965965965966006e+03	4.573703330780333823e-03
1.166966966966966993e+03	-4.449953911907252382e-03
1.167967967967967979e+03	-4.040602935823560046e-03
1.168968968968968966e+03	-1.317733242225227041e-03
1.169969969969969952e+03	-1.864118963468302647e-03
1.170970970970970939e+03	-2.786201596462033712e-03
1.171971971971971925e+03	2.845437002046064846e-03
1.172972972972972912e+03	2.256824755700049243e-04
1.173973973973973898e+03	-8.058512230987521091e-03
1.174974974974975112e+03	6.612522942339741847e-03
1.175975975975976098e+03	-4.104790738201221159e-03
1.176976976976977085e+03	1.908119410718639875e-03
1.177977977977978071e+03	9.622023220923505565e-03
1.178978978978979058e+03	-2.377892090758533007e-03
1.179979979979980044e+03	-4.253625355504027719e-03
1.180980980980981030e+03	2.903561796435415480e-04
1.181981981981982017e+03	-6.031712875896518347e-03
1.182982982982983231e+03	-1.428563741441507204e-02
1.183983983983984217e+03	-3.565455165201652198e-03
1.184984984984985203e+03	-4.918624780532179167e-04
1.185985985985986190e+03	8.684015804243102460e-03
1.186986986986987176e+03	9.880069552341834600e-04
1.187987987987988163e+03	1.657236224441332572e-03
1.188988988988989149e+03	4.105972568129638220e-03
1.189989989989990136e+03	-6.982437770581219685e-03
1.190990990990991122e+03	-4.994425380410729212e-03
1.191991991991992109e+03	-1.126279675020603211e-03
1.192992992992993095e+03	4.232170194428951397e-04
1.193993993993994081e+03	6.011769322645606553e-03
1.194994994994995068e+03	4.753311033936944915e-03
1.195995995995996054e+03	-9.713643015027747379e-03
1.196996996996997041e+03	-3.578176389443494566e-03
1.197997997997998027e+03	-6.055534708379469236e-03
1.198998998998999014e+03	-1.887798242306837782e-03
1.200000000000000000e+03	-2.818152579658893568e-04
1.200000000000000000e+03	2.718468847414861299e-03
1.203005008347245393e+03	6.266748007826448627e-03
1.206010016694490787e+03	-5.820516430883519374e-03
1.209015025041736180e+03	-4.236529733511682980e-03
1.212020033388981574e+03	-8.408554839082762414e-04
1.215025041736226967e+03	3.882819637655575938e-03
1.218030050083472361e+03	3.912868693443370335e-03
1.221035058430717754e+03	-6.648381043097032969e-03
1.224040066777963375e+03	-2.726866272246776003e-03
1.227045075125208768e+03	4.218749496587183637e-03
1.230050083472454162e+03	6.757094508948404202e-03
1.233055091819699555e+03	4.090432639578313670e-03
1.236060100166944949e+03	7.650260874100674527e-03
1.239065108514190342e+03	9.608105434430049691e-03
1.242070116861435736e+03	2.673221187971309455e-03
1.245075125208681129e+03	4.550506723101725368e-03
1.248080133555926523e+03	-1.438100428836908574e-03
1.251085141903171916e+03	-3.660456881834890132e-03
1.254090150250417310e+03	-3.294888654562843321e-03
1.257095158597662703e+03	-4.648540767254820058e-03
1.260100166944908096e+03	-2.907970063632608036e-03
1.263105175292153490e+03	1.891714931935878797e-03
1.266110183639399111e+03	-2.792275017055868532e-04
1.269115191986644504e+03	-2.615388207098502150e-03
1.272120200333889898e+03	-2.900824464545647156e-04
1.275125208681135291e+03	2.569347381875363399e-03
1.278130217028380684e+03	-8.954158488072847585e-04
1.281135225375626078e+03	1.005444791113863524e-03
1.284140233722871471e+03	1.544376515429878981e-03
1.287145242070116865e+03	2.662977331517490075e-03
1.290150250417362258e+03	6.364257404324112286e-03
1.293155258764607652e+03	1.063121611216069282e-02
1.296160267111853045e+03	7.309603814253161011e-03
1.299165275459098439e+03	-2.628925401522625750e-03
1.302170283806343832e+03	3.551368616615229422e-03
1.305175292153589226e+03	1.221021658111303906e-02
1.308180300500834619e+03	-4.256617271552911100e-03
1.311185308848080240e+03	-3.816601937734032980e-03
1.314190317195325633e+03	-3.603636586020030584e-03
1.317195325542571027e+03	-7.261654893099376770e-03
1.320200333889816420e+03	-5.891893173087471916e-03
1.323205342237061814e+03	-2.251225059802798058e-03
1.326210350584307207e+03	-1.102561279399949794e-04
1.329215358931552601e+03	-7.980477837236630428e-03
1.332220367278797994e+03	7.981859732265336044e-03
1.335225375626043387e+03	1.034277251521153670e-02
1.338230383973288781e+03	3.099017020858268155e-03
1.341235392320534174e+03	3.924323949300536143e-03
1.344240400667779568e+03	4.386323287291297654e-03
1.347245409015024961e+03	-3.727505062213199750e-03
1.350250417362270355e+03	7.608028966053224148e-04
1.353255425709515748e+03	-3.667321960352244205e-03
1.356260434056761369e+03	6.937875549772628062e-03
1.359265442404006762e+03	6.570849736184743509e-03
1.362270450751252156e+03	7.165597309837625287e-03
1.365275459098497549e+03	3.040630582608950562e-03
1.368280467445742943e+03	9.525005306934566322e-04
1.371285475792988336e+03	-3.475547642230763200e-03
1.374290484140233730e+03	2.803932980076083957e-03
1.377295492487479123e+03	3.370459409004240327e-03
1.380300500834724517e+03	-2.282715825582203560e-03
1.383305509181969910e+03	-2.034978079809541575e-03
1.386310517529215304e+03	-2.562397564155104689e-03
1.389315525876460697e+03	3.478904040209091809e-03
1.392320534223706090e+03	6.564953004295495599e-05
1.395325542570951711e+03	1.078750300317316436e-03
1.398330550918196877e+03	-7.253760122197304080e-03
1.401335559265442498e+03	-4.536984609805947907e-03
1.404340567612687892e+03	1.510025053233166482e-03
1.407345575959933285e+03	9.350559982210240807e-05
1.410350584307178679e+03	3.594802283522214627e-03
1.413355592654424072e+03	-5.961982680328934466e-04
1.416360601001669465e+03	-5.530332415945192134e-03
1.419365609348914859e+03	1.879028892916550630e-03
1.422370617696160252e+03	3.262868366593619758e-04
1.425375626043405646e+03	-3.598746529098472390e-03
1.428380634390651039e+03	5.317653313289425962e-03
1.431385642737896433e+03	4.295447571759340374e-03
1.434390651085141826e+03	6.945374847722422459e-03
1.437395659432387220e+03	6.404668143015100276e-03
1.440400667779632840e+03	6.273999482020285387e-03
1.443405676126878006e+03	7.761883371739218204e-03
1.446410684474123627e+03	1.062640787855967037e-02
1.449415692821369021e+03	1.240980276951875530e-02
1.452420701168614414e+03	5.059464063480787963e-03
1.455425709515859808e+03	1.016159489256207148e-03
1.458430717863105201e+03	7.117830275281370953e-03
1.461435726210350595e+03	5.323804628765220134e-03
1.464440734557595988e+03	5.085842140339051284e-03
1.467445742904841381e+03	1.438502248573419583e-03
1.470450751252086775e+03	-1.398591123738635467e-03
1.473455759599332168e+03	3.511301326938331101e-03
1.476460767946577562e+03	4.216071053552703993e-03
1.479465776293822955e+03	9.809631492312957841e-04
1.482470784641068349e+03	-1.045224318182603074e-03
1.485475792988313970e+03	7.324350305735474135e-04
1.488480801335559136e+03	-6.619031674020338721e-03
1.491485809682804756e+03	5.880209185873926450e-03
1.494490818030050150e+03	4.130942398447271999e-03
1.497495826377295543e+03	-2.608543100528577276e-03
1.500500834724540937e+03	-8.852333059035658730e-03
1.503505843071786330e+03	-7.789067797886154929e-03
1.506510851419031724e+03	-1.171430425843111584e-04
1.509515859766277117e+03	2.933465578024706776e-03
1.512520868113522511e+03	-4.021056581398064740e-04
1.515525876460767904e+03	1.399945120149986410e-03
1.518530884808013298e+03	8.064482861744350778e-03
1.521535893155258691e+03	9.815994498295257248e-03
1.524540901502504312e+03	8.273341848877843047e-03
1.527545909849749478e+03	-4.866829258285688660e-04
1.530550918196995099e+03	1.186399548534388792e-03
1.533555926544240265e+03	-7.849454843951166830e-04
1.536560934891485886e+03	-1.939541835523584268e-03
1.539565943238731279e+03	-2.685094162439561867e-04
1.542570951585976673e+03	-6.417038395384042689e-04
1.545575959933222066e+03	2.458631477688265864e-03
1.548580968280467459e+03	9.787386243601588903e-03
1.551585976627712853e+03	3.408110894489058997e-03
1.554590984974958246e+03	3.221036755715335183e-04
1.557595993322203640e+03	1.039666925653359372e-02
1.560601001669449033e+03	-1.299914864307721418e-03
1.563606010016694427e+03	-2.954934671067554162e-03
1.566611018363939820e+03	-2.406738169253879421e-03
1.569616026711185441e+03	2.250962192284210704e-03
1.572621035058430607e+03	1.248772803988939541e-04
1.575626043405676228e+03	2.008256839273748194e-04
1.578631051752921394e+03	2.034577299273337102e-03
1.581636060100167015e+03	2.774431659932157478e-03
1.584641068447412408e+03	1.683094989606337844e-03
1.587646076794657802e+03	1.274586385641235820e-03
1.590651085141903195e+03	3.642894770774119696e-03
1.593656093489148589e+03	1.075341322773109773e-02
1.596661101836393982e+03	-1.010944742067477076e-03
1.599666110183639375e+03	1.853696016964833781e-03
1.602671118530884769e+03	-6.160012563155512974e-03
1.605676126878130162e+03	6.801497604640908620e-03
1.608681135225375556e+03	9.746532354676649187e-04
1.611686143572620949e+03	-7.523993541814213374e-04
1.614691151919866570e+03	9.635713920837143259e-03
1.617696160267111736e+03	-8.276947652636481526e-04
1.620701168614357357e+03	4.089378704860478428e-03
1.623706176961602750e+03	7.371043383969157550e-03
1.626711185308848144e+03	1.921804921731107719e-03
1.629716193656093537e+03	6.800233374917306114e-04
1.632721202003338931e+03	2.936153291327152880e-03
1.635726210350584324e+03	4.741923952451097476e-03
1.638731218697829718e+03	-1.221482782625931806e-03
1.641736227045075111e+03	5.692324625529101081e-03
1.644741235392320505e+03	3.711106856860380866e-03
1.647746243739565898e+03	-2.894817165650791745e-03
1.650751252086811292e+03	1.175634505048844380e-03
1.653756260434056685e+03	-9.207024429382062308e-03
1.656761268781302078e+03	5.197492539316115375e-04
1.659766277128547699e+03	1.032919766854334051e-02
1.662771285475792865e+03	6.965373185131714176e-03
1.665776293823038486e+03	-6.518446760328365161e-03
1.668781302170283880e+03	2.709904452964899922e-03
1.671786310517529273e+03	5.446558836256691280e-03
1.674791318864774667e+03	1.213738830369803443e-02
1.677796327212020060e+03	1.611316421523963788e-02
1.680801335559265453e+03	7.220070516127606239e-03
1.683806343906510847e+03	3.404631669136042559e-03
1.686811352253756240e+03	8.008494724203948228e-03
1.689816360601001634e+03	1.792867580438340259e-03
1.692821368948247027e+03	6.984255402049442327e-03
1.695826377295492421e+03	9.040740619297717943e-04
1.698831385642737814e+03	2.674839083966818777e-03
1.701836393989983208e+03	3.969231540616789330e-03
1.704841402337228828e+03	-1.158589458632175169e-04
1.707846410684473994e+03	1.741165683332212676e-03
1.710851419031719615e+03	-8.903861105865054030e-04
1.713856427378964781e+03	9.074023095639869359e-04
1.716861435726210402e+03	1.176708342235461158e-03
1.719866444073455796e+03	7.973120793231538387e-04
1.722871452420701189e+03	9.018622686867152575e-04
1.725876460767946583e+03	2.248461219932385881e-03
1.728881469115191976e+03	1.434335143738362916e-03
1.731886477462437369e+03	-2.747092561704745674e-03
1.734891485809682763e+03	2.682086336008165060e-03
1.737896494156928156e+03	-3.640812304439828596e-03
1.740901502504173550e+03	-2.782849449560142151e-03
1.743906510851419171e+03	-8.461582669543051688e-03
1.746911519198664337e+03	-2.947403098301383008e-03
1.749916527545909958e+03	7.608100601419890904e-03
1.752921535893155124e+03	-3.910608347652057629e-03
1.755926544240400744e+03	-2.776111370010213818e-03
1.758931552587645911e+03	-6.672533504078757491e-03
1.761936560934891531e+03	3.038052058080747096e-03
1.764941569282136925e+03	-1.316718043378851000e-03
1.767946577629382318e+03	-7.412183023119330375e-03
1.770951585976627712e+03	-1.138319647667596426e-02
1.773956594323873105e+03	-2.961728417340881749e-03
1.776961602671118499e+03	5.128020379557311423e-03
1.779966611018363892e+03	4.648400810494222532e-03
1.782971619365609513e+03	-3.144680950737665202e-03
1.785976627712854679e+03	-3.323387556128014862e-03
1.788981636060100300e+03	-6.530972895494700434e-03
1.791986644407345466e+03	-5.414887601373765628e-04
1.794991652754591087e+03	5.008086120313335818e-03
1.797996661101836253e+03	2.586762005548858510e-03
1.801001669449081874e+03	6.021046783759584960e-04
1.804006677796327040e+03	4.161606783190439571e-03
1.807011686143572661e+03	-6.762756973270891373e-04
1.810016694490818054e+03	2.038483927442934739e-03
1.813021702838063447e+03	-1.036239838875352860e-03
1.816026711185308841e+03	5.947234164534352316e-03
1.819031719532554234e+03	1.287912198076259992e-02
1.822036727879799628e+03	6.628313096011447317e-03
1.825041736227045021e+03	2.315899820104271555e-03
1.828046744574290642e+03	3.917245980641579847e-03
1.831051752921535808e+03	-2.054780636557201022e-03
1.834056761268781429e+03	-5.566174289495602959e-03
1.837061769616026595e+03	5.317723346414253080e-03
1.840066777963272216e+03	9.771217531380211978e-04
1.843071786310517382e+03	1.820854754106315376e-03
1.846076794657763003e+03	-1.998343485670683005e-03
1.849081803005008396e+03	-3.315341801084032737e-03
1.852086811352253790e+03	-4.187942954915259766e-03
1.855091819699499183e+03	-6.891158135579252345e-03
1.858096828046744577e+03	-3.348554305455609705e-03
1.861101836393989970e+03	2.207098620119447331e-03
1.864106844741235363e+03	-1.491010222616371075e-02
1.867111853088480757e+03	-2.112737091072207883e-03
1.870116861435726150e+03	1.017962463888510624e-02
1.873121869782971771e+03	8.278456984076029766e-05
1.876126878130216937e+03	1.401044512562010357e-03
1.879131886477462558e+03	2.406271537302383766e-03
1.882136894824707724e+03	6.376352023900687047e-03
1.885141903171953345e+03	1.245415252813075312e-03
1.888146911519198511e+03	1.304004858144683018e-02
1.891151919866444132e+03	5.521320144458439702e-03
1.894156928213689525e+03	8.097051199405789264e-04
1.897161936560934919e+03	-3.986560196967916039e-03
1.900166944908180312e+03	-5.029091689001870605e-03
1.903171953255425706e+03	5.956912091510000937e-03
1.906176961602671099e+03	8.512290736807700403e-03
1.909181969949916493e+03	4.802610418969873243e-03
1.912186978297161886e+03	3.631025250056181021e-03
1.915191986644407280e+03	1.262072276576042275e-04
1.918196994991652900e+03	-2.698700857957870604e-03
1.921202003338898066e+03	4.356636839264014724e-03
1.924207011686143687e+03	9.295974367981959391e-03
1.927212020033388853e+03	7.212122582632344778e-03
1.930217028380634474e+03	7.501100922717189243e-03
1.933222036727879640e+03	-1.603280613233642581e-03
1.936227045075125261e+03	-1.556540751385116481e-04
1.939232053422370655e+03	5.163557307146569506e-03
1.942237061769616048e+03	9.150987041175836362e-03
1.945242070116861441e+03	3.150974234032322997e-03
1.948247078464106835e+03	5.774993278968880081e-03
1.951252086811352228e+03	8.824421875650020203e-03
1.954257095158597622e+03	6.403833662552619807e-03
1.957262103505843015e+03	3.704155024955440266e-03
1.960267111853088409e+03	-8.657555237606698252e-05
1.963272120200334030e+03	-3.495128897859079743e-03
1.966277128547579196e+03	-1.249071333135481476e-03
1.969282136894824816e+03	3.994883577683184779e-04
1.972287145242069982e+03	-5.402340720054991594e-03
1.975292153589315603e+03	2.465290377959005429e-03
1.978297161936560769e+03	7.352608287576998733e-03
1.981302170283806390e+03	1.423684303846461593e-02
1.984307178631051784e+03	8.518648187641471997e-03
1.987312186978297177e+03	1.086632126959836010e-03
1.990317195325542571e+03	4.319049188635985456e-03
1.993322203672787964e+03	1.116495684757806348e-02
1.996327212020033357e+03	1.190801292723181123e-02
1.999332220367278751e+03	1.799732527562324948e-04
2.002337228714524372e+03	5.156263981876492777e-03
2.005342237061769538e+03	5.903755012899554802e-03
2.008347245409015159e+03	8.336925655418932907e-03
2.011352253756260325e+03	1.610589082932629024e-03
2.014357262103505946e+03	3.284640288720442648e-03
2.017362270450751112e+03	4.855973332718867622e-03
2.020367278797996732e+03	-2.289505324516160310e-03
2.023372287145241899e+03	1.235401381809387179e-03
2.026377295492487519e+03	1.359899797168800505e-03
2.029382303839732913e+03	8.811172883717074272e-03
2.032387312186978306e+03	2.861293428523952430e-03
2.035392320534223700e+03	-6.974012696528279417e-03
2.038397328881469093e+03	2.440006404352878210e-03
2.041402337228714487e+03	3.209930831175656675e-03
2.044407345575959880e+03	-6.656026442377003735e-03
2.047412353923205501e+03	-2.258942583610785461e-03
2.050417362270450667e+03	6.102801825372481878e-03
2.053422370617696288e+03	1.333452418570744633e-02
2.056427378964941454e+03	1.676712547586389334e-03
2.059432387312187075e+03	6.901560131264248762e-03
2.062437395659432241e+03	1.665449757801861896e-03
2.065442404006677862e+03	1.455737326446104440e-03
2.068447412353923028e+03	5.757580038765862038e-03
2.071452420701168649e+03	8.669518839931331707e-04
2.074457429048414269e+03	-8.268197114170703407e-04
2.077462437395659435e+03	-1.333377018920306033e-03
2.080467445742904602e+03	-8.252463357559827045e-03
2.083472454090150222e+03	-3.208654834534723464e-03
2.086477462437395843e+03	-1.501884098117329137e-03
2.089482470784641009e+03	1.248482814337926062e-03
2.092487479131886630e+03	-4.304376505223640704e-05
2.095492487479131796e+03	8.250713674489266319e-03
2.098497495826377417e+03	9.810596292910149681e-04
2.101502504173622583e+03	1.071464609913924323e-02
2.104507512520868204e+03	3.258202534803355220e-03
2.107512520868113370e+03	1.515177145246377356e-03
2.110517529215358991e+03	-5.316070786049091265e-03
2.113522537562604157e+03	-3.915653562358930098e-03
2.116527545909849778e+03	-4.782817228176362541e-04
2.119532554257095398e+03	4.786452539072698006e-03
2.122537562604340565e+03	-1.312196312916403141e-03
2.125542570951585731e+03	2.107245696288507532e-03
2.128547579298831351e+03	-2.525513728713262539e-03
2.131552587646076972e+03	9.140367788135098787e-03
2.134557595993322138e+03	3.441983820656081307e-03
2.137562604340567759e+03	4.270340335915832550e-03
2.140567612687812925e+03	4.012983947277394894e-03
2.143572621035058546e+03	3.381188269588663274e-03
2.146577629382303712e+03	1.612936757323296232e-03
2.149582637729549333e+03	-1.162351524491928457e-03
2.152587646076794499e+03	-4.979324307386458984e-04
2.155592654424040120e+03	-1.575169145467902442e-03
2.158597662771285286e+03	8.367821562076601521e-03
2.161602671118530907e+03	-3.014885464069970954e-03
2.164607679465776528e+03	3.572431324335155782e-04
2.167612687813021694e+03	3.671156417246023394e-03
2.170617696160266860e+03	3.249832455122224654e-04
2.173622704507512481e+03	-1.238590906313397620e-04
2.176627712854758101e+03	-1.682882346771830671e-04
2.179632721202003268e+03	1.941376017867423877e-04
2.182637729549248888e+03	-8.280072161494791364e-04
2.185642737896494054e+03	-6.840497300523720129e-04
2.188647746243739675e+03	6.475562027664636452e-04
2.191652754590984841e+03	3.716902650169328108e-04
2.194657762938230462e+03	3.160361605106769799e-03
2.197662771285475628e+03	1.574314415575788894e-03
2.200667779632721249e+03	1.367132307306561777e-03
2.203672787979966415e+03	7.150301714765742653e-03
2.206677796327212036e+03	1.731229872369843392e-03
2.209682804674457657e+03	-7.143223199221895251e-04
2.212687813021702823e+03	6.905050537425792487e-03
2.215692821368947989e+03	5.949121564139682808e-03
2.218697829716193610e+03	1.270625695398757901e-02
2.221702838063439231e+03	4.380132999276113367e-03
2.224707846410684397e+03	2.581012992658616480e-03
2.227712854757929563e+03	3.673466377259294348e-03
2.230717863105175184e+03	9.931720358580472391e-03
2.233722871452420804e+03	-1.127478498983036214e-03
2.236727879799665970e+03	9.664356327288261411e-03
2.239732888146911591e+03	4.855357860489130720e-03
2.242737896494157212e+03	4.537822057263498146e-03
2.245742904841402378e+03	-2.492974319735163057e-03
2.248747913188647544e+03	1.716467167699798225e-03
2.251752921535893165e+03	4.378528871251315471e-03
2.254757929883138786e+03	-1.846196549398688037e-03
2.257762938230383952e+03	-6.788352546871158702e-03
2.260767946577629118e+03	-7.661293453448540444e-03
2.263772954924874739e+03	8.516526796369936533e-04
2.266777963272120360e+03	3.698673197454287707e-03
2.269782971619365526e+03	-2.015191116381541934e-03
2.272787979966610692e+03	-6.475913962662590076e-03
2.275792988313856313e+03	1.116141589885269111e-02
2.278797996661101934e+03	9.929148934285088150e-04
2.281803005008347100e+03	4.037596346159603652e-03
2.284808013355592720e+03	2.654395638750194596e-03
2.287813021702838341e+03	4.627469441148059429e-03
2.290818030050083507e+03	7.951426449224998499e-03
2.293823038397328673e+03	-6.058634596353697189e-05
2.296828046744574294e+03	4.116491117087865345e-03
2.299833055091819915e+03	3.443430691181802476e-04
2.302838063439065081e+03	9.384971230043222951e-03
2.305843071786310247e+03	1.086145676427613047e-02
2.308848080133555868e+03	1.766844371235643408e-03
2.311853088480801489e+03	2.182426738864761372e-03
2.314858096828046655e+03	2.150711877254436223e-03
2.317863105175291821e+03	-1.135886713611416673e-02
2.320868113522537442e+03	-1.014580160485573437e-02
2.323873121869783063e+03	4.067678328329992236e-04
2.326878130217028229e+03	-1.971492077894460883e-03
2.329883138564273850e+03	3.108367613212175383e-03
2.332888146911519470e+03	-4.037533505395150477e-03
2.335893155258764637e+03	2.207002435968829514e-04
2.338898163606009803e+03	1.534292576501616336e-04
2.341903171953255423e+03	-2.141437237997479738e-03
2.344908180300501044e+03	8.748777775245655114e-03
2.347913188647746210e+03	6.372293857139997228e-03
2.350918196994991376e+03	1.089283129734169506e-02
2.353923205342236997e+03	9.323114528819589214e-03
2.356928213689482618e+03	-3.970581000511010442e-03
2.359933222036727784e+03	1.161621562481285070e-04
2.362938230383972950e+03	-3.234918107983818757e-03
2.365943238731219026e+03	-4.235027359568323616e-03
2.368948247078464192e+03	-2.215845553303647832e-03
2.371953255425709358e+03	-4.943217127538672082e-03
2.374958263772954979e+03	-8.954781133280544786e-03
2.377963272120200600e+03	-4.669142032200092026e-04
2.380968280467445766e+03	-6.696115385471659246e-04
2.383973288814690932e+03	-5.341425367254461556e-03
2.386978297161936553e+03	-1.956982251726745690e-03
2.389983305509182173e+03	-4.134197098723703737e-03
2.392988313856427339e+03	-3.536267215481698513e-03
2.395993322203672506e+03	6.180889640739204490e-04
2.398998330550918126e+03	6.599263206536196743e-04
2.402003338898163747e+03	2.038195166106759014e-03
2.405008347245408913e+03	-8.101781372748253444e-04
2.408013355592654079e+03	-1.129054541152712740e-02
2.411018363939900155e+03	-2.410151613501055647e-03
2.414023372287145321e+03	1.030323490726852906e-02
2.417028380634390487e+03	6.638948792073299729e-03
2.420033388981636108e+03	4.064214814026382780e-03
2.423038397328881729e+03	1.385394560195325406e-02
2.426043405676126895e+03	1.415322347795002975e-02
2.429048414023372061e+03	5.475881829982874247e-03
2.432053422370617682e+03	2.749868098614520993e-03
2.435058430717863303e+03	2.450677930161514716e-03
2.438063439065108469e+03	-6.826638901301281329e-03
2.441068447412353635e+03	6.392732089709805485e-03
2.444073455759599256e+03	-1.941870476238616848e-04
2.447078464106844876e+03	3.580796862947626356e-03
2.450083472454090042e+03	-2.876687604648596984e-03
2.453088480801335663e+03	-7.265275390803292363e-03
2.456093489148581284e+03	1.615707000133775450e-03
2.459098497495826450e+03	-1.373853961242093701e-03
2.462103505843071616e+03	-4.212473733341019419e-03
2.465108514190317237e+03	9.621207003329992208e-03
2.468113522537562858e+03	1.769928460086292021e-03
2.471118530884808024e+03	1.968000770939670198e-04
2.474123539232053190e+03	-4.100693899521527450e-03
2.477128547579298811e+03	-1.023507562725512344e-03
2.480133555926544432e+03	4.042734617091840385e-03
2.483138564273789598e+03	3.674935420291764766e-03
2.486143572621034764e+03	6.759880035463459221e-04
2.489148580968280385e+03	-6.995464059411886718e-03
2.492153589315526006e+03	-1.029511122121152047e-02
2.495158597662771172e+03	-9.105429830531679841e-03
2.498163606010016792e+03	-1.650282709720490154e-02
2.501168614357262413e+03	-9.951585038701641489e-03
2.504173622704507579e+03	3.776374818564561496e-03
2.507178631051752745e+03	4.920340699588824848e-03
2.510183639398998366e+03	-6.964154656780687305e-03
2.513188647746243987e+03	-5.602267839975945754e-03
2.516193656093489153e+03	-1.185475663126323359e-05
2.519198664440734319e+03	5.092241548553531547e-03
2.522203672787979940e+03	7.447353410014815808e-03
2.525208681135225561e+03	5.149727586285011635e-03
2.528213689482470727e+03	5.822184737716564699e-04
2.531218697829715893e+03	2.459912002776481164e-03
2.534223706176961514e+03	5.463377040504089829e-03
2.537228714524207135e+03	7.054878528529940837e-03
2.540233722871452301e+03	7.922817264998990167e-03
2.543238731218697922e+03	-7.118965666703116427e-04
2.546243739565943542e+03	-1.550255168415629482e-03
2.549248747913188708e+03	4.572447043569795658e-03
2.552253756260433875e+03	1.741078763420611953e-03
2.555258764607679495e+03	2.237247297167900030e-03
2.558263772954925116e+03	9.406024099781475859e-04
2.561268781302170282e+03	4.923173881413030542e-03
2.564273789649415448e+03	8.076600234792372796e-03
2.567278797996661069e+03	8.401068162083993179e-03
2.570283806343906690e+03	-1.231315784919167610e-03
2.573288814691151856e+03	8.461031067658055741e-04
2.576293823038397022e+03	-1.776536377833538003e-04
2.579298831385642643e+03	7.363501334826464892e-03
2.582303839732888264e+03	-6.729906584471976368e-04
2.585308848080133430e+03	1.525494064025363292e-02
2.588313856427379051e+03	1.152240893858855544e-02
2.591318864774624672e+03	9.824031904097498685e-03
2.594323873121869838e+03	1.277545160857474979e-02
2.597328881469115004e+03	6.653547567984417418e-03
2.600333889816360625e+03	7.547352769688821586e-03
2.603338898163606245e+03	1.414402184359169964e-02
2.606343906510851411e+03	1.187246282572975917e-02
2.609348914858096578e+03	1.209586683284387051e-02
2.612353923205342198e+03	6.151072667767402621e-03
2.615358931552587819e+03	6.259322801123052768e-03
2.618363939899832985e+03	4.573818435779431965e-03
2.621368948247078151e+03	4.413049165909178591e-04
2.624373956594323772e+03	-4.388089683529105027e-04
2.627378964941569393e+03	1.238454941500335537e-03
2.630383973288814559e+03	7.297137431805487615e-03
2.633388981636060180e+03	1.159203783466436141e-02
2.636393989983305801e+03	1.292789961962556231e-02
2.639398998330550967e+03	1.628301604354758653e-02
2.642404006677796133e+03	1.189084165816371372e-02
2.645409015025041754e+03	8.843356219104935717e-03
2.648414023372287375e+03	4.091426976436328064e-03
2.651419031719532541e+03	5.256146913461821543e-03
2.654424040066777707e+03	-3.092891604148855465e-03
2.657429048414023327e+03	1.402256158467008341e-03
2.660434056761268948e+03	5.729549717049644067e-03
2.663439065108514114e+03	7.489820214742622453e-03
2.666444073455759280e+03	9.979730351730577848e-03
2.669449081803004901e+03	3.866340456876614894e-03
2.672454090150250522e+03	-1.058862898096035298e-03
2.675459098497495688e+03	7.831534076817688733e-03
2.678464106844741309e+03	-6.868677470688337380e-03
2.681469115191986930e+03	8.046786139635216800e-03
2.684474123539232096e+03	1.191694929034553194e-02
2.687479131886477262e+03	1.331600598904820673e-02
2.690484140233722883e+03	9.640857421226913665e-03
2.693489148580968504e+03	6.764131137661775692e-03
2.696494156928213670e+03	1.514806642323763761e-02
2.699499165275458836e+03	1.272235268048379705e-02
2.702504173622704457e+03	6.975098054478575185e-03
2.705509181969950077e+03	6.045674760072920415e-03
2.708514190317195244e+03	5.044585201060965488e-03
2.711519198664440410e+03	8.463474883757506756e-03
2.714524207011686030e+03	6.219247475622869878e-03
2.717529215358931651e+03	1.439303794210769136e-02
2.720534223706176817e+03	1.092054333245950568e-02
2.723539232053422438e+03	7.899520461743105709e-03
2.726544240400668059e+03	6.234964642652647202e-03
2.729549248747913225e+03	1.231205958809419420e-03
2.732554257095158391e+03	3.572635124624732629e-03
2.735559265442404012e+03	1.026604458358745461e-02
2.738564273789649633e+03	5.950576955340096050e-03
2.741569282136894799e+03	2.612636321107446834e-03
2.744574290484139965e+03	1.252559046957984687e-02
2.747579298831385586e+03	8.886971897738609599e-03
2.750584307178631207e+03	7.079274367873920545e-03
2.753589315525876373e+03	1.418257074253056679e-02
2.756594323873121539e+03	1.780522268087738735e-03
2.759599332220367160e+03	3.740754480848388665e-03
2.762604340567612780e+03	2.736491623707411856e-03
2.765609348914857947e+03	-6.102165841795346209e-04
2.768614357262103567e+03	1.328069865250719895e-03
2.771619365609349188e+03	4.732175256714600889e-03
2.774624373956594354e+03	6.934645400795009726e-03
2.777629382303839520e+03	3.003522569241552122e-03
2.780634390651085141e+03	7.906544795758137928e-03
2.783639398998330762e+03	6.994828232512085783e-03
2.786644407345575928e+03	7.280522986581062714e-03
2.789649415692821094e+03	6.386038490545918253e-03
2.792654424040066715e+03	5.777237337721412638e-03
2.795659432387312336e+03	2.879813825620997948e-03
2.798664440734557502e+03	9.383596627032784326e-03
2.801669449081802668e+03	6.479968752361548942e-03
2.804674457429048744e+03	6.047764901835507925e-03
2.807679465776293910e+03	2.855733122715698770e-03
2.810684474123539076e+03	3.565550157374725894e-03
2.813689482470784696e+03	8.512239877194845844e-03
2.816694490818030317e+03	4.884004989897204954e-03
2.819699499165275483e+03	-3.869328727147804646e-03
2.822704507512520649e+03	-2.256282970716228832e-03
2.825709515859766270e+03	8.291680921991364389e-03
2.828714524207011891e+03	7.084152182391638061e-03
2.831719532554257057e+03	6.142491582356386995e-03
2.834724540901502223e+03	1.127779852046498568e-02
2.837729549248747844e+03	9.816974621231652071e-03
2.840734557595993465e+03	9.488405068717131047e-03
2.843739565943238631e+03	-1.325009069918961068e-03
2.846744574290483797e+03	-4.052028561309152857e-03
2.849749582637729873e+03	5.767149903771235861e-03
2.852754590984975039e+03	9.012776667129409561e-04
2.855759599332220205e+03	7.717684866944475239e-03
2.858764607679465826e+03	9.135087040032716793e-03
2.861769616026711446e+03	7.868681441981034003e-03
2.864774624373956613e+03	4.149777872696850875e-03
2.867779632721201779e+03	5.918232793300779934e-03
2.870784641068447399e+03	6.038292706859653067e-03
2.873789649415693020e+03	-3.793744978823398138e-03
2.876794657762938186e+03	-3.675877376175627244e-03
2.879799666110183352e+03	2.903513020505566790e-03
2.882804674457428973e+03	1.103210895344974504e-02
2.885809682804674594e+03	3.919868567663161232e-03
2.888814691151919760e+03	1.933452756679901029e-03
2.891819699499164926e+03	2.383554678028975381e-03
2.894824707846411002e+03	4.962912500890146947e-03
2.897829716193656168e+03	7.365946984197084893e-03
2.900834724540901334e+03	1.613575705416230976e-03
2.903839732888146955e+03	5.715050393205742870e-04
2.906844741235392576e+03	8.230984373280233329e-03
2.909849749582637742e+03	7.273162794027383457e-03
2.912854757929882908e+03	6.772355767322572537e-03
2.915859766277128529e+03	1.410054711574821110e-02
2.918864774624374149e+03	6.998460242598840073e-03
2.921869782971619316e+03	8.584095156626417918e-04
2.924874791318864482e+03	7.267131109026656651e-04
2.927879799666110102e+03	1.026405557270408317e-02
2.930884808013355723e+03	-1.300168117860753692e-03
2.933889816360600889e+03	6.770398962366834181e-03
2.936894824707846510e+03	-2.975677330656138243e-03
2.939899833055092131e+03	-3.590834757196515771e-03
2.942904841402337297e+03	7.509853727302255241e-03
2.945909849749582463e+03	9.006126543359745801e-03
2.948914858096828084e+03	1.462602267001143416e-02
2.951919866444073705e+03	7.124954276006024642e-03
2.954924874791318871e+03	6.408298896349971449e-03
2.957929883138564037e+03	5.136494831144240367e-03
2.960934891485809658e+03	-3.152892262234572619e-03
2.963939899833055279e+03	8.369741059935775079e-03
2.966944908180300445e+03	2.250669169217762479e-03
2.969949916527545611e+03	1.310687377767433704e-03
2.972954924874791232e+03	4.100408903998984875e-03
2.975959933222036852e+03	9.064060434933598337e-03
2.978964941569282018e+03	5.534613623773261201e-03
2.981969949916527639e+03	5.945844300560441595e-03
2.984974958263773260e+03	5.412811078227939762e-03
2.987979966611018426e+03	2.680353209713644790e-03
2.990984974958263592e+03	6.979730574730736922e-03
2.993989983305509213e+03	1.073625834710127333e-02
2.996994991652754834e+03	2.779877905959195726e-03
3.000000000000000000e+03	-2.479771549399685006e-03
