# time (ps)	 sum signal (V)	 MOKE (V)	 B plus signal (V) 	 B minus signal (V)
200.0	nan	nan	0.001303229318772775	nan
201.00100100100101	nan	nan	0.003310707786359335	nan
202.002002002002	nan	nan	-3.4834289155308285e-05	nan
203.00300300300304	nan	nan	0.00045103553670797214	nan
204.00400400400403	nan	nan	-0.0023886872483947497	nan
205.00500500500502	nan	nan	-6.353636783340555e-05	nan
206.006006006006	nan	nan	0.002546602557797442	nan
207.00700700700702	nan	nan	-3.0384923217774418e-05	nan
208.008008008008	nan	nan	-0.0002516843031077354	nan
209.00900900900902	nan	nan	0.002340807495600894	nan
210.01001001001	nan	nan	-0.0011077119536354665	nan
211.011011011011	nan	nan	0.0006072624275326663	nan
212.01201201201198	nan	nan	-0.0011456187783129984	nan
213.01301301301302	nan	nan	-0.0020294246289853032	nan
214.014014014014	nan	nan	-0.0021985447351223764	nan
215.01501501501502	nan	nan	0.00024738561783148316	nan
216.016016016016	nan	nan	0.0006463965059083157	nan
217.01701701701703	nan	nan	-0.0009491837285275501	nan
218.018018018018	nan	nan	-0.0023400383174979403	nan
219.01901901901905	nan	nan	0.002238291067853629	nan
220.02002002002004	nan	nan	-0.000350670973879183	nan
221.02102102102103	nan	nan	-0.0012450646715996688	nan
222.022022022022	nan	nan	-0.0010822386981490448	nan
223.02302302302303	nan	nan	-0.0017570239190789622	nan
224.02402402402402	nan	nan	0.0019175485506322532	nan
225.02502502502503	nan	nan	0.004336466387271282	nan
226.02602602602602	nan	nan	-0.00011985706712011601	nan
227.027027027027	nan	nan	0.0006164699812590269	nan
228.028028028028	nan	nan	0.0011327266644287626	nan
229.02902902902906	nan	nan	0.0014149483318954825	nan
230.03003003003005	nan	nan	-0.0008010890082306432	nan
231.03103103103103	nan	nan	0.0020955681401841897	nan
232.03203203203202	nan	nan	0.00019321269186919898	nan
233.03303303303304	nan	nan	-0.00017617827404378672	nan
234.03403403403408	nan	nan	-0.0013021525792143995	nan
235.03503503503507	nan	nan	-0.0021168990379650116	nan
236.03603603603605	nan	nan	-0.0006684944962852823	nan
237.03703703703704	nan	nan	0.0035363005079381837	nan
238.03803803803808	nan	nan	0.0006609751268844	nan
239.03903903903904	nan	nan	-0.0025438406329758812	nan
240.04004004004003	nan	nan	-0.0018552398098637263	nan
241.04104104104104	nan	nan	-0.0004597819893972996	nan
242.04204204204203	nan	nan	-0.0008870281963409077	nan
243.043043043043	nan	nan	0.00041819387187878865	nan
244.044044044044	nan	nan	0.0016316425685012348	nan
245.04504504504507	nan	nan	0.0008960841170656403	nan
246.04604604604606	nan	nan	-0.0002347993750854982	nan
247.04704704704704	nan	nan	0.0026773561200945095	nan
248.04804804804806	nan	nan	0.0010718038416437925	nan
249.04904904904905	nan	nan	0.00015807002428422368	nan
250.0500500500501	nan	nan	-0.00039010941315048564	nan
251.05105105105108	nan	nan	0.002532944842248073	nan
252.05205205205206	nan	nan	-0.0006089501952700888	nan
253.05305305305305	nan	nan	0.0007684007223452	nan
254.0540540540541	nan	nan	-0.0023371260922553233	nan
255.05505505505505	nan	nan	-0.001342972560453775	nan
256.05605605605604	nan	nan	0.002270521606312949	nan
257.0570570570571	nan	nan	0.0006057290333211715	nan
258.05805805805807	nan	nan	0.0013400603830485275	nan
259.05905905905905	nan	nan	0.0003408457995938592	nan
260.0600600600601	nan	nan	0.0019675798232391267	nan
261.0610610610611	nan	nan	0.00209295887635641	nan
262.06206206206207	nan	nan	0.002000422389242071	nan
263.06306306306305	nan	nan	0.0012756033093734298	nan
264.06406406406404	nan	nan	0.000877055557633431	nan
265.0650650650651	nan	nan	5.125802497238027e-05	nan
266.06606606606607	nan	nan	0.0003032465144262239	nan
267.06706706706706	nan	nan	0.0017125205306532665	nan
268.0680680680681	nan	nan	0.0005197853788092288	nan
269.06906906906903	nan	nan	-1.642009816496537e-05	nan
270.07007007007013	nan	nan	-0.0012765246189805207	nan
271.07107107107106	nan	nan	0.0015889781371652423	nan
272.07207207207205	nan	nan	0.0029848979393425346	nan
273.0730730730731	nan	nan	0.0003862714734975681	nan
274.0740740740741	nan	nan	-0.0007878905586418683	nan
275.07507507507506	nan	nan	-0.0008139807586399206	nan
276.0760760760761	nan	nan	-0.0015120941873480176	nan
277.0770770770771	nan	nan	-0.0005154897052475002	nan
278.0780780780781	nan	nan	-0.0013633864667009221	nan
279.07907907907907	nan	nan	-0.0007751533613515327	nan
280.08008008008005	nan	nan	0.0025780616243922805	nan
281.0810810810811	nan	nan	0.00029143131001144185	nan
282.0820820820821	nan	nan	-0.0004541041234999432	nan
283.0830830830831	nan	nan	0.0015458546052090488	nan
284.0840840840841	nan	nan	-0.0018870094197633441	nan
285.08508508508504	nan	nan	-0.0033125474407387084	nan
286.08608608608614	nan	nan	0.0005464910516859711	nan
287.08708708708707	nan	nan	-0.0002337299495396572	nan
288.0880880880881	nan	nan	0.00015868553217887604	nan
289.0890890890891	nan	nan	0.0005322165119367728	nan
290.0900900900901	nan	nan	-0.002406186933971502	nan
291.09109109109113	nan	nan	-0.0023856184654656998	nan
292.0920920920921	nan	nan	0.0005573866215221601	nan
293.0930930930931	nan	nan	-0.0024034197888151906	nan
294.0940940940941	nan	nan	0.0004983007782179	nan
295.0950950950951	nan	nan	-0.0007220549148970051	nan
296.0960960960961	nan	nan	-0.0021202767970109337	nan
297.0970970970971	nan	nan	-0.002244735660557523	nan
298.0980980980981	nan	nan	-0.000856950155932171	nan
299.09909909909913	nan	nan	-0.0024336519200463813	nan
300.1001001001001	nan	nan	0.0008873355367029628	nan
301.10110110110105	nan	nan	0.003396185849120187	nan
302.10210210210215	nan	nan	0.0023306752503604415	nan
303.1031031031031	nan	nan	-2.0718797270911915e-05	nan
304.1041041041041	nan	nan	-0.0015236030358058844	nan
305.1051051051051	nan	nan	-0.0016664791335668228	nan
306.1061061061061	nan	nan	-0.2825447749547277	nan
307.10710710710714	nan	nan	-0.2038248889278222	nan
308.1081081081081	nan	nan	-0.18155138703965001	nan
309.1091091091091	nan	nan	-0.20399323139862893	nan
310.1101101101101	nan	nan	-0.22948968560930638	nan
311.1111111111111	nan	nan	-0.25354778177888987	nan
312.11211211211213	nan	nan	-0.2745362682475908	nan
313.1131131131131	nan	nan	-0.2681552960638557	nan
314.11411411411416	nan	nan	-0.26147856741434294	nan
315.11511511511515	nan	nan	-0.2425240848308393	nan
316.11611611611613	nan	nan	-0.2303491793170936	nan
317.11711711711706	nan	nan	-0.22465306775968974	nan
318.11811811811816	nan	nan	-0.21857728355799846	nan
319.11911911911915	nan	nan	-0.21728127045711018	nan
320.12012012012013	nan	nan	-0.21145876234908084	nan
321.1211211211211	nan	nan	-0.21334174591673077	nan
322.12212212212216	nan	nan	-0.2224402754182708	nan
323.12312312312315	nan	nan	-0.2380025527205582	nan
324.12412412412414	nan	nan	-0.2524095943522118	nan
325.1251251251251	nan	nan	-0.26612738814979475	nan
326.1261261261261	nan	nan	-0.26418202531321267	nan
327.12712712712715	nan	nan	-0.2589272719010524	nan
328.12812812812814	nan	nan	-0.24766426893819232	nan
329.12912912912924	nan	nan	-0.24280206669688825	nan
330.13013013013017	nan	nan	-0.23539884790608237	nan
331.13113113113116	nan	nan	-0.22953096396056052	nan
332.13213213213214	nan	nan	-0.22248583216742657	nan
333.1331331331331	nan	nan	-0.21604580228275733	nan
334.1341341341342	nan	nan	-0.21533586618939865	nan
335.13513513513516	nan	nan	-0.21504028042839252	nan
336.13613613613614	nan	nan	-0.2279738531685922	nan
337.1371371371372	nan	nan	-0.22839389585380201	nan
338.1381381381382	nan	nan	-0.23961359673882215	nan
339.13913913913916	nan	nan	-0.23517045769610515	nan
340.14014014014015	nan	nan	-0.2430173920652652	nan
341.14114114114113	nan	nan	-0.24431428031180863	nan
342.1421421421421	nan	nan	-0.24147992037517996	nan
343.14314314314316	nan	nan	-0.23727083250949693	nan
344.14414414414415	nan	nan	-0.23078580904761847	nan
345.14514514514514	nan	nan	-0.2305265806269915	nan
346.1461461461461	nan	nan	-0.22544392896281937	nan
347.1471471471471	nan	nan	-0.22428289218639738	nan
348.1481481481481	nan	nan	-0.22265366588904428	nan
349.1491491491491	nan	nan	-0.2230138198002942	nan
350.15015015015007	nan	nan	-0.22769268452029437	nan
351.15115115115117	nan	nan	-0.22883841739805943	nan
352.15215215215215	nan	nan	-0.23061823327553413	nan
353.1531531531532	nan	nan	-0.22750397607773248	nan
354.1541541541542	nan	nan	-0.22687382123005517	nan
355.15515515515517	nan	nan	-0.23039425473195846	nan
356.15615615615616	nan	nan	-0.22686717388928362	nan
357.15715715715714	nan	nan	-0.22687632996923174	nan
358.15815815815813	nan	nan	-0.22586477703904528	nan
359.1591591591592	nan	nan	-0.22274067325717686	nan
360.16016016016016	nan	nan	-0.22194284841277406	nan
361.16116116116126	nan	nan	-0.21631224216184844	nan
362.16216216216225	nan	nan	-0.21924880519517276	nan
363.16316316316323	nan	nan	-0.2275130813891873	nan
364.1641641641642	nan	nan	-0.22964121986415587	nan
365.1651651651652	nan	nan	-0.22631109862647805	nan
366.1661661661662	nan	nan	-0.2225042290585515	nan
367.1671671671672	nan	nan	-0.22966830128971188	nan
368.1681681681682	nan	nan	-0.22685462525879857	nan
369.1691691691692	nan	nan	-0.22281310882487387	nan
370.1701701701702	nan	nan	-0.2254372568631318	nan
371.1711711711712	nan	nan	-0.21943494154167828	nan
372.17217217217217	nan	nan	-0.21492125917149998	nan
373.17317317317315	nan	nan	-0.21735662612430562	nan
374.1741741741742	nan	nan	-0.2136151750181534	nan
375.1751751751752	nan	nan	-0.2153042245550022	nan
376.17617617617617	nan	nan	-0.21605828775860153	nan
377.17717717717716	nan	nan	-0.21148940273903372	nan
378.17817817817814	nan	nan	-0.21774985158385435	nan
379.17917917917913	nan	nan	-0.21319669120984214	nan
380.1801801801801	nan	nan	-0.21556402301336436	nan
381.1811811811811	nan	nan	-0.216302327705113	nan
382.1821821821822	nan	nan	-0.21984916538725124	nan
383.1831831831832	nan	nan	-0.22031699241701685	nan
384.18418418418423	nan	nan	-0.21930102325531953	nan
385.1851851851852	nan	nan	-0.21525475483192216	nan
386.1861861861862	nan	nan	-0.21382734993702004	nan
387.1871871871872	nan	nan	-0.21708923245715867	nan
388.1881881881882	nan	nan	-0.22061157875850224	nan
389.18918918918916	nan	nan	-0.2199218343191637	nan
390.1901901901902	nan	nan	-0.21564484011072105	nan
391.1911911911912	nan	nan	-0.21491131759587256	nan
392.1921921921923	nan	nan	-0.2186163258506758	nan
393.1931931931933	nan	nan	-0.2159050753288008	nan
394.19419419419427	nan	nan	-0.21611129562176543	nan
395.19519519519525	nan	nan	-0.21372901845979353	nan
396.19619619619624	nan	nan	-0.2127187467112961	nan
397.1971971971972	nan	nan	-0.2155869031475315	nan
398.1981981981982	nan	nan	-0.21261335648208274	nan
399.19919919919926	nan	nan	-0.21005521163319646	nan
400.20020020020024	nan	nan	-0.21165098136358185	nan
401.20120120120123	nan	nan	-0.21308139204560503	nan
402.2022022022022	nan	nan	-0.21038326783399736	nan
403.2032032032032	nan	nan	-0.21030841589714072	nan
404.2042042042042	nan	nan	-0.21150534164645543	nan
405.20520520520523	nan	nan	-0.2149501358764152	nan
406.2062062062062	nan	nan	-0.2122285642177038	nan
407.2072072072072	nan	nan	-0.20954349552593887	nan
408.2082082082082	nan	nan	-0.21458354564013812	nan
409.2092092092092	nan	nan	-0.20969935086983207	nan
410.21021021021016	nan	nan	-0.2100724515150172	nan
411.21121121121115	nan	nan	-0.21410842739544822	nan
412.21221221221214	nan	nan	-0.21458695657339255	nan
413.21321321321324	nan	nan	-0.2113423019028008	nan
414.2142142142142	nan	nan	-0.20871544666729142	nan
415.21521521521527	nan	nan	-0.20727604516328402	nan
416.21621621621625	nan	nan	-0.20719090778235943	nan
417.21721721721724	nan	nan	-0.2095282864256766	nan
418.2182182182182	nan	nan	-0.20520775763557358	nan
419.2192192192192	nan	nan	-0.20691544161949088	nan
420.2202202202202	nan	nan	-0.20686044802393633	nan
421.22122122122124	nan	nan	-0.20312520638624654	nan
422.22222222222223	nan	nan	-0.20587583426232398	nan
423.22322322322333	nan	nan	-0.20889772369315754	nan
424.2242242242243	nan	nan	-0.20354465974560831	nan
425.2252252252253	nan	nan	-0.20150507914811774	nan
426.2262262262263	nan	nan	-0.2015521385546395	nan
427.2272272272273	nan	nan	-0.20050699747495138	nan
428.22822822822826	nan	nan	-0.20997301278950192	nan
429.22922922922925	nan	nan	-0.2047770567372125	nan
430.2302302302303	nan	nan	-0.20727837307316477	nan
431.23123123123133	nan	nan	-0.21062607031219913	nan
432.23223223223226	nan	nan	-0.20652028044983017	nan
433.23323323323325	nan	nan	-0.20994873887256663	nan
434.2342342342342	nan	nan	-0.2132512743839471	nan
435.2352352352352	nan	nan	-0.21120833334031966	nan
436.23623623623627	nan	nan	-0.2114782964803619	nan
437.23723723723725	nan	nan	-0.20718994109280206	nan
438.23823823823824	nan	nan	-0.21210438481325092	nan
439.2392392392392	nan	nan	-0.20893838404418316	nan
440.2402402402402	nan	nan	-0.20469190855080405	nan
441.2412412412412	nan	nan	-0.20236168499439922	nan
442.2422422422422	nan	nan	-0.2033454786936953	nan
443.24324324324317	nan	nan	-0.19819236532977275	nan
444.24424424424427	nan	nan	-0.19814302193788996	nan
445.2452452452453	nan	nan	-0.20053316976399072	nan
446.2462462462463	nan	nan	-0.19827629155045037	nan
447.2472472472473	nan	nan	-0.19825122830676017	nan
448.2482482482483	nan	nan	-0.19849046993005798	nan
449.24924924924926	nan	nan	-0.1984211278022177	nan
450.25025025025025	nan	nan	-0.19934537502385602	nan
451.25125125125123	nan	nan	-0.19918864726050892	nan
452.2522522522522	nan	nan	-0.20339598166420036	nan
453.25325325325326	nan	nan	-0.2003929934790706	nan
454.25425425425436	nan	nan	-0.20174398695264278	nan
455.25525525525535	nan	nan	-0.20404761395461682	nan
456.25625625625634	nan	nan	-0.20680124991888899	nan
457.2572572572573	nan	nan	-0.20485986012039825	nan
458.2582582582583	nan	nan	-0.2046246065566112	nan
459.2592592592593	nan	nan	-0.20350906280539433	nan
460.2602602602603	nan	nan	-0.20049899493287182	nan
461.26126126126127	nan	nan	-0.20038557971964238	nan
462.2622622622623	nan	nan	-0.19733562152647688	nan
463.26326326326335	nan	nan	-0.19717207921657104	nan
464.2642642642643	nan	nan	-0.19582936807428386	nan
465.26526526526527	nan	nan	-0.19262484696976778	nan
466.2662662662663	nan	nan	-0.18872455995287946	nan
467.2672672672673	nan	nan	-0.19247862056464346	nan
468.2682682682683	nan	nan	-0.193252648374966	nan
469.2692692692693	nan	nan	-0.19037363549074643	nan
470.27027027027026	nan	nan	-0.19006949373925575	nan
471.27127127127125	nan	nan	-0.19258746633379656	nan
472.27227227227223	nan	nan	-0.18819014837761416	nan
473.2732732732732	nan	nan	-0.19276415205964129	nan
474.2742742742743	nan	nan	-0.19310945717492012	nan
475.2752752752752	nan	nan	-0.19312800830358168	nan
476.2762762762763	nan	nan	-0.19043203417482885	nan
477.27727727727734	nan	nan	-0.1940960796725266	nan
478.2782782782783	nan	nan	-0.1937738408240196	nan
479.2792792792793	nan	nan	-0.19762696413889316	nan
480.2802802802803	nan	nan	-0.19869689998237558	nan
481.2812812812813	nan	nan	-0.19719675577840554	nan
482.2822822822823	nan	nan	-0.19765485900355018	nan
483.2832832832833	nan	nan	-0.19488296187725906	nan
484.28428428428424	nan	nan	-0.19461627686772778	nan
485.2852852852853	nan	nan	-0.19484436016182888	nan
486.2862862862864	nan	nan	-0.19205932049716096	nan
487.28728728728737	nan	nan	-0.1867986836289614	nan
488.28828828828836	nan	nan	-0.18983772485098732	nan
489.28928928928934	nan	nan	-0.18993079416330413	nan
490.29029029029033	nan	nan	-0.18916223121117862	nan
491.2912912912913	nan	nan	-0.19254822236477484	nan
492.2922922922923	nan	nan	-0.18822403200010018	nan
493.2932932932933	nan	nan	-0.18578514507316068	nan
494.29429429429433	nan	nan	-0.18619735619176328	nan
495.2952952952954	nan	nan	-0.18965047610386762	nan
496.2962962962963	nan	nan	-0.1869885923523201	nan
497.29729729729735	nan	nan	-0.18598076113659678	nan
498.29829829829833	nan	nan	-0.18823661482802592	nan
499.2992992992993	nan	nan	-0.19191458771019032	nan
500.3003003003003	nan	nan	-0.19328590366130347	nan
501.3013013013013	nan	nan	-0.19091897794506904	nan
502.3023023023023	nan	nan	-0.19060367298933262	nan
503.30330330330327	nan	nan	-0.1904484995656671	nan
504.30430430430425	nan	nan	-0.18873389320536144	nan
505.30530530530535	nan	nan	-0.18982489105564543	nan
506.30630630630634	nan	nan	-0.1924970929787196	nan
507.3073073073072	nan	nan	-0.19014501984238785	nan
508.3083083083083	nan	nan	-0.19259760152421213	nan
509.30930930930936	nan	nan	-0.19146688919814828	nan
510.31031031031034	nan	nan	-0.18934566840164033	nan
511.31131131131133	nan	nan	-0.1871198301294757	nan
512.3123123123123	nan	nan	-0.19321822474893716	nan
513.3133133133133	nan	nan	-0.19042208790199175	nan
514.3143143143143	nan	nan	-0.18439601119978183	nan
515.3153153153153	nan	nan	-0.18125100788756954	nan
516.3163163163163	nan	nan	-0.1843009636027259	nan
517.3173173173174	nan	nan	-0.18138627747972247	nan
518.3183183183183	nan	nan	-0.18243199238439714	nan
519.3193193193193	nan	nan	-0.1823391607225168	nan
520.3203203203203	nan	nan	-0.1820569406720971	nan
521.3213213213214	nan	nan	-0.1862273860828781	nan
522.3223223223225	nan	nan	-0.1870878661130907	nan
523.3233233233234	nan	nan	-0.19013907764865023	nan
524.3243243243244	nan	nan	-0.18578722668476186	nan
525.3253253253253	nan	nan	-0.1898297879132027	nan
526.3263263263264	nan	nan	-0.19069732855354743	nan
527.3273273273275	nan	nan	-0.18947144418683617	nan
528.3283283283283	nan	nan	-0.1860766484062092	nan
529.3293293293293	nan	nan	-0.18889829990899035	nan
530.3303303303302	nan	nan	-0.1878099843468228	nan
531.3313313313313	nan	nan	-0.1817125779090277	nan
532.3323323323324	nan	nan	-0.19109607465144915	nan
533.3333333333334	nan	nan	-0.1856156787753257	nan
534.3343343343344	nan	nan	-0.18390458862374032	nan
535.3353353353353	nan	nan	-0.18124467487214485	nan
536.3363363363364	nan	nan	-0.1811987559306087	nan
537.3373373373374	nan	nan	-0.18189678094703834	nan
538.3383383383384	nan	nan	-0.18120504003081614	nan
539.3393393393394	nan	nan	-0.18109945862201154	nan
540.3403403403404	nan	nan	-0.1818758748875106	nan
541.3413413413414	nan	nan	-0.18627020539432565	nan
542.3423423423424	nan	nan	-0.1851437602671634	nan
543.3433433433433	nan	nan	-0.18348415551161545	nan
544.3443443443443	nan	nan	-0.18279125553665193	nan
545.3453453453453	nan	nan	-0.1834323906850323	nan
546.3463463463463	nan	nan	-0.18344082242468854	nan
547.3473473473473	nan	nan	-0.17995869411793547	nan
548.3483483483484	nan	nan	-0.181403577692268	nan
549.3493493493494	nan	nan	-0.1838673711448302	nan
550.3503503503504	nan	nan	-0.18339238595072324	nan
551.3513513513514	nan	nan	-0.18163843167022622	nan
552.3523523523523	nan	nan	-0.18276841311645356	nan
553.3533533533534	nan	nan	-0.1830957781165328	nan
554.3543543543545	nan	nan	-0.1830078981588874	nan
555.3553553553554	nan	nan	-0.18471138670526674	nan
556.3563563563564	nan	nan	-0.1875170352260935	nan
557.3573573573573	nan	nan	-0.1862309440179674	nan
558.3583583583584	nan	nan	-0.18265366318840207	nan
559.3593593593595	nan	nan	-0.18287642950503424	nan
560.3603603603603	nan	nan	-0.17895051860435635	nan
561.3613613613613	nan	nan	-0.18080487991946487	nan
562.3623623623622	nan	nan	-0.17963132549191338	nan
563.3633633633634	nan	nan	-0.18055554886810218	nan
564.3643643643644	nan	nan	-0.18145678913642155	nan
565.3653653653654	nan	nan	-0.1808799482210685	nan
566.3663663663664	nan	nan	-0.1806082549593451	nan
567.3673673673675	nan	nan	-0.1789698049953245	nan
568.3683683683685	nan	nan	-0.18027794116813747	nan
569.3693693693695	nan	nan	-0.1806717258371573	nan
570.3703703703704	nan	nan	-0.18408899190309913	nan
571.3713713713714	nan	nan	-0.18028523192784052	nan
572.3723723723724	nan	nan	-0.18431089300840026	nan
573.3733733733734	nan	nan	-0.18274433244246355	nan
574.3743743743744	nan	nan	-0.17976098572265847	nan
575.3753753753754	nan	nan	-0.17923982495090895	nan
576.3763763763764	nan	nan	-0.17914820393779135	nan
577.3773773773773	nan	nan	-0.18035186372736461	nan
578.3783783783783	nan	nan	-0.18143302658421698	nan
579.3793793793794	nan	nan	-0.17384641159860956	nan
580.3803803803804	nan	nan	-0.17670102068592125	nan
581.3813813813814	nan	nan	-0.17626270749546274	nan
582.3823823823824	nan	nan	-0.17802311245734753	nan
583.3833833833835	nan	nan	-0.17667633009238676	nan
584.3843843843844	nan	nan	-0.17835621243072386	nan
585.3853853853855	nan	nan	-0.18052485940538088	nan
586.3863863863866	nan	nan	-0.17627892352956143	nan
587.3873873873874	nan	nan	-0.18043439824804694	nan
588.3883883883884	nan	nan	-0.18278154514297493	nan
589.3893893893893	nan	nan	-0.18361359791504717	nan
590.3903903903904	nan	nan	-0.1800392714253597	nan
591.3913913913915	nan	nan	-0.18243734670294193	nan
592.3923923923924	nan	nan	-0.18001228933346883	nan
593.3933933933934	nan	nan	-0.18301825719898607	nan
594.3943943943945	nan	nan	-0.1810184584368639	nan
595.3953953953954	nan	nan	-0.18389091413037806	nan
596.3963963963964	nan	nan	-0.18329745366786981	nan
597.3973973973974	nan	nan	-0.17980788366850486	nan
598.3983983983985	nan	nan	-0.1830231055154673	nan
599.3993993993995	nan	nan	-0.18295052350693025	nan
600.4004004004005	nan	nan	-0.18374706274730146	nan
601.4014014014015	nan	nan	-0.18335049009410104	nan
602.4024024024025	nan	nan	-0.17627674504874588	nan
603.4034034034034	nan	nan	-0.1766903196231794	nan
604.4044044044044	nan	nan	-0.18016967149494073	nan
605.4054054054054	nan	nan	-0.1790536821505016	nan
606.4064064064064	nan	nan	-0.18025195995198112	nan
607.4074074074074	nan	nan	-0.17934667070931676	nan
608.4084084084084	nan	nan	-0.183611459891369	nan
609.4094094094094	nan	nan	-0.180583990925445	nan
610.4104104104105	nan	nan	-0.17814620335924228	nan
611.4114114114114	nan	nan	-0.18012177016331374	nan
612.4124124124124	nan	nan	-0.17983111417571032	nan
613.4134134134134	nan	nan	-0.18267671072664046	nan
614.4144144144145	nan	nan	-0.1831979230450976	nan
615.4154154154155	nan	nan	-0.1850755209095063	nan
616.4164164164164	nan	nan	-0.18122950557159656	nan
617.4174174174175	nan	nan	-0.1808918198968153	nan
618.4184184184186	nan	nan	-0.18140636328806248	nan
619.4194194194195	nan	nan	-0.17481208706800017	nan
620.4204204204204	nan	nan	-0.17912850153897664	nan
621.4214214214213	nan	nan	-0.17999479921004982	nan
622.4224224224224	nan	nan	-0.1791289460220718	nan
623.4234234234235	nan	nan	-0.18253122331932484	nan
624.4244244244244	nan	nan	-0.17617390544697284	nan
625.4254254254255	nan	nan	-0.17559546344656674	nan
626.4264264264265	nan	nan	-0.17746748910006865	nan
627.4274274274275	nan	nan	-0.1793804672832077	nan
628.4284284284284	nan	nan	-0.17736476232022194	nan
629.4294294294295	nan	nan	-0.17621712283050478	nan
630.4304304304305	nan	nan	-0.17410869303961352	nan
631.4314314314315	nan	nan	-0.17363445507678393	nan
632.4324324324325	nan	nan	-0.17661646082544433	nan
633.4334334334335	nan	nan	-0.1746536708323566	nan
634.4344344344345	nan	nan	-0.17742845934659582	nan
635.4354354354355	nan	nan	-0.1765498312067874	nan
636.4364364364365	nan	nan	-0.17680443037450796	nan
637.4374374374374	nan	nan	-0.17701043487895127	nan
638.4384384384384	nan	nan	-0.18211113686194058	nan
639.4394394394394	nan	nan	-0.1785481439257977	nan
640.4404404404404	nan	nan	-0.17982655427578167	nan
641.4414414414415	nan	nan	-0.18452049136099682	nan
642.4424424424425	nan	nan	-0.1862676187555659	nan
643.4434434434435	nan	nan	-0.18189103206838	nan
644.4444444444445	nan	nan	-0.18210453220906894	nan
645.4454454454457	nan	nan	-0.17850808250295516	nan
646.4464464464465	nan	nan	-0.17936458262140006	nan
647.4474474474475	nan	nan	-0.18019885655507284	nan
648.4484484484484	nan	nan	-0.17593172254173672	nan
649.4494494494495	nan	nan	-0.17391118256981963	nan
650.4504504504506	nan	nan	-0.1724294892977759	nan
651.4514514514515	nan	nan	-0.17377857301554578	nan
652.4524524524525	nan	nan	-0.17344709147064954	nan
653.4534534534533	nan	nan	-0.17050685190810239	nan
654.4544544544544	nan	nan	-0.17149989718645506	nan
655.4554554554555	nan	nan	-0.1779174949994329	nan
656.4564564564565	nan	nan	-0.174247079507946	nan
657.4574574574575	nan	nan	-0.1764800204138694	nan
658.4584584584585	nan	nan	-0.17410057615083738	nan
659.4594594594595	nan	nan	-0.17819206202538973	nan
660.4604604604606	nan	nan	-0.17699581642313492	nan
661.4614614614616	nan	nan	-0.17773843602815548	nan
662.4624624624626	nan	nan	-0.17296168616663124	nan
663.4634634634635	nan	nan	-0.17649466756651416	nan
664.4644644644645	nan	nan	-0.18182560284417365	nan
665.4654654654655	nan	nan	-0.177375921892718	nan
666.4664664664665	nan	nan	-0.17325091503446632	nan
667.4674674674675	nan	nan	-0.17889169201111846	nan
668.4684684684685	nan	nan	-0.17936161448220206	nan
669.4694694694695	nan	nan	-0.1762328129698625	nan
670.4704704704704	nan	nan	-0.17851005627110036	nan
671.4714714714714	nan	nan	-0.17692564442304462	nan
672.4724724724725	nan	nan	-0.17653872532278125	nan
673.4734734734735	nan	nan	-0.17837696645165668	nan
674.4744744744745	nan	nan	-0.17663557076262232	nan
675.4754754754755	nan	nan	-0.1739540380229237	nan
676.4764764764766	nan	nan	-0.17575616008614606	nan
677.4774774774777	nan	nan	-0.17427735914583214	nan
678.4784784784786	nan	nan	-0.1710131876023926	nan
679.4794794794796	nan	nan	-0.17256564283139797	nan
680.4804804804804	nan	nan	-0.17587361379389987	nan
681.4814814814815	nan	nan	-0.17410516514466298	nan
682.4824824824826	nan	nan	-0.17439998397095316	nan
683.4834834834834	nan	nan	-0.1738801942100852	nan
684.4844844844844	nan	nan	-0.17532705728778308	nan
685.4854854854854	nan	nan	-0.17781256136533494	nan
686.4864864864863	nan	nan	-0.17557348784676965	nan
687.4874874874876	nan	nan	-0.17402548497260922	nan
688.4884884884885	nan	nan	-0.17449497256674998	nan
689.4894894894895	nan	nan	-0.17461194409502423	nan
690.4904904904905	nan	nan	-0.17761568807843914	nan
691.4914914914916	nan	nan	-0.17785639655936158	nan
692.4924924924926	nan	nan	-0.17375841006951825	nan
693.4934934934936	nan	nan	-0.16817920658513616	nan
694.4944944944946	nan	nan	-0.16881422856924988	nan
695.4954954954956	nan	nan	-0.17167700144378276	nan
696.4964964964965	nan	nan	-0.17067349821909208	nan
697.4974974974975	nan	nan	-0.17131435389226018	nan
698.4984984984985	nan	nan	-0.1659342356397719	nan
699.4994994994995	nan	nan	-0.16936573502997945	nan
700.5005005005005	nan	nan	-0.1721600167588207	nan
701.5015015015015	nan	nan	-0.17755328261527054	nan
702.5025025025025	nan	nan	-0.17104882064458915	nan
703.5035035035036	nan	nan	-0.1747070745579991	nan
704.5045045045046	nan	nan	-0.17364542703889846	nan
705.5055055055055	nan	nan	-0.17607651779602917	nan
706.5065065065065	nan	nan	-0.17421222034366335	nan
707.5075075075077	nan	nan	-0.17066509771781532	nan
708.5085085085087	nan	nan	-0.17968277806313715	nan
709.5095095095097	nan	nan	-0.1731695014178692	nan
710.5105105105107	nan	nan	-0.1745789124559327	nan
711.5115115115117	nan	nan	-0.17707778154086826	nan
712.5125125125127	nan	nan	-0.1713022775518767	nan
713.5135135135137	nan	nan	-0.17221895625068737	nan
714.5145145145146	nan	nan	-0.16938550789091408	nan
715.5155155155156	nan	nan	-0.16755661577670777	nan
716.5165165165166	nan	nan	-0.16892016386917486	nan
717.5175175175176	nan	nan	-0.16573522801335694	nan
718.5185185185186	nan	nan	-0.1675447024376219	nan
719.5195195195196	nan	nan	-0.16515091395922232	nan
720.5205205205206	nan	nan	-0.16609178339349445	nan
721.5215215215215	nan	nan	-0.16704191133912744	nan
722.5225225225225	nan	nan	-0.16977379505961418	nan
723.5235235235235	nan	nan	-0.167692367810176	nan
724.5245245245246	nan	nan	-0.1718434368844971	nan
725.5255255255256	nan	nan	-0.17367146544402393	nan
726.5265265265266	nan	nan	-0.1710913669975503	nan
727.5275275275276	nan	nan	-0.17530204081992368	nan
728.5285285285286	nan	nan	-0.17380341916720854	nan
729.5295295295296	nan	nan	-0.16870671988768443	nan
730.5305305305305	nan	nan	-0.16741362940359092	nan
731.5315315315315	nan	nan	-0.17186567224360066	nan
732.5325325325326	nan	nan	-0.17177399095933324	nan
733.5335335335336	nan	nan	-0.17158463881456643	nan
734.5345345345346	nan	nan	-0.17182701363944475	nan
735.5355355355356	nan	nan	-0.1694961031469391	nan
736.5365365365366	nan	nan	-0.17158465847181542	nan
737.5375375375376	nan	nan	-0.1713382077425917	nan
738.5385385385385	nan	nan	-0.17291661865503768	nan
739.5395395395395	nan	nan	-0.17312263133846867	nan
740.5405405405405	nan	nan	-0.17358731621739124	nan
741.5415415415415	nan	nan	-0.16742406636100912	nan
742.5425425425425	nan	nan	-0.16729083037830253	nan
743.5435435435435	nan	nan	-0.16555465979185519	nan
744.5445445445445	nan	nan	-0.16964240562313257	nan
745.5455455455455	nan	nan	-0.16713049291578938	nan
746.5465465465464	nan	nan	-0.17291615763564278	nan
747.5475475475477	nan	nan	-0.17261797217171532	nan
748.5485485485486	nan	nan	-0.16928668261730026	nan
749.5495495495496	nan	nan	-0.1675852411293065	nan
750.5505505505506	nan	nan	-0.16647974945183902	nan
751.5515515515516	nan	nan	-0.16919715762921336	nan
752.5525525525526	nan	nan	-0.17214833725321393	nan
753.5535535535536	nan	nan	-0.17217307545769533	nan
754.5545545545546	nan	nan	-0.16942541991529375	nan
755.5555555555557	nan	nan	-0.16730019332348092	nan
756.5565565565566	nan	nan	-0.17104377046011127	nan
757.5575575575576	nan	nan	-0.17424669095301548	nan
758.5585585585586	nan	nan	-0.17197456796561963	nan
759.5595595595596	nan	nan	-0.1651463018577248	nan
760.5605605605606	nan	nan	-0.16724498197219015	nan
761.5615615615616	nan	nan	-0.16911923392481815	nan
762.5625625625626	nan	nan	-0.1672254464320013	nan
763.5635635635637	nan	nan	-0.1645029431571674	nan
764.5645645645646	nan	nan	-0.16517562302792713	nan
765.5655655655656	nan	nan	-0.16856711900551763	nan
766.5665665665666	nan	nan	-0.16459771761344846	nan
767.5675675675676	nan	nan	-0.16646954555350588	nan
768.5685685685686	nan	nan	-0.16421217405820965	nan
769.5695695695696	nan	nan	-0.16534270053202993	nan
770.5705705705706	nan	nan	-0.1685971001840156	nan
771.5715715715718	nan	nan	-0.16817102539408432	nan
772.5725725725728	nan	nan	-0.1654155782703608	nan
773.5735735735738	nan	nan	-0.170094325445961	nan
774.5745745745747	nan	nan	-0.16843415712216672	nan
775.5755755755757	nan	nan	-0.17068464489877033	nan
776.5765765765767	nan	nan	-0.17432516110514512	nan
777.5775775775777	nan	nan	-0.16840277640813614	nan
778.5785785785787	nan	nan	-0.16766182610209196	nan
779.5795795795797	nan	nan	-0.16882766849205866	nan
780.5805805805807	nan	nan	-0.16760092790444545	nan
781.5815815815816	nan	nan	-0.16505027856767082	nan
782.5825825825826	nan	nan	-0.16409262898384977	nan
783.5835835835836	nan	nan	-0.1700221739810924	nan
784.5845845845846	nan	nan	-0.1665562996917124	nan
785.5855855855856	nan	nan	-0.16533006340511208	nan
786.5865865865867	nan	nan	-0.1660476005456561	nan
787.5875875875877	nan	nan	-0.1635810750782632	nan
788.5885885885887	nan	nan	-0.16437082800580408	nan
789.5895895895897	nan	nan	-0.1630801625164544	nan
790.5905905905906	nan	nan	-0.16626199322152996	nan
791.5915915915916	nan	nan	-0.16980076962580387	nan
792.5925925925926	nan	nan	-0.16764721468307459	nan
793.5935935935936	nan	nan	-0.16884545497623238	nan
794.5945945945947	nan	nan	-0.16717625299498795	nan
795.5955955955957	nan	nan	-0.16612126859642276	nan
796.5965965965967	nan	nan	-0.16565568501557412	nan
797.5975975975977	nan	nan	-0.16619910656788162	nan
798.5985985985986	nan	nan	-0.16783825572400177	nan
799.5995995995996	nan	nan	-0.16672102725874674	nan
800.6006006006006	nan	nan	-0.16766895150405836	nan
801.6016016016016	nan	nan	-0.16878309387998808	nan
802.6026026026026	nan	nan	-0.16626257800975192	nan
803.6036036036036	nan	nan	-0.17037718379644762	nan
804.6046046046046	nan	nan	-0.1684202326980841	nan
805.6056056056055	nan	nan	-0.16475741545819092	nan
806.6066066066065	nan	nan	-0.16801658587420817	nan
807.6076076076075	nan	nan	-0.1664831332662013	nan
808.6086086086085	nan	nan	-0.16551462890184337	nan
809.6096096096097	nan	nan	-0.16374195144965328	nan
810.6106106106107	nan	nan	-0.16559088546666664	nan
811.6116116116117	nan	nan	-0.16317089597787798	nan
812.6126126126127	nan	nan	-0.1666972000549501	nan
813.6136136136137	nan	nan	-0.16259196795908454	nan
814.6146146146147	nan	nan	-0.16295511228080212	nan
815.6156156156156	nan	nan	-0.16013981578133427	nan
816.6166166166166	nan	nan	-0.16054775650012465	nan
817.6176176176177	nan	nan	-0.15828682294199736	nan
818.6186186186187	nan	nan	-0.15814488794681197	nan
819.6196196196197	nan	nan	-0.1652469049010713	nan
820.6206206206207	nan	nan	-0.16131968397486912	nan
821.6216216216217	nan	nan	-0.16375788387269488	nan
822.6226226226227	nan	nan	-0.1673700651131181	nan
823.6236236236236	nan	nan	-0.16352728501915953	nan
824.6246246246246	nan	nan	-0.16883685274331972	nan
825.6256256256257	nan	nan	-0.16299714806417662	nan
826.6266266266267	nan	nan	-0.16301827276691724	nan
827.6276276276277	nan	nan	-0.16269330579931549	nan
828.6286286286287	nan	nan	-0.16116165130575197	nan
829.6296296296297	nan	nan	-0.15625120106024787	nan
830.6306306306307	nan	nan	-0.1515371564436218	nan
831.6316316316316	nan	nan	-0.1568645214279973	nan
832.6326326326326	nan	nan	-0.1650196789444318	nan
833.6336336336338	nan	nan	-0.16300575112603286	nan
834.6346346346348	nan	nan	-0.1660181799601006	nan
835.6356356356358	nan	nan	-0.1633148488687473	nan
836.6366366366368	nan	nan	-0.16203769941039659	nan
837.6376376376378	nan	nan	-0.16114772961063697	nan
838.6386386386388	nan	nan	-0.16391745732908175	nan
839.6396396396398	nan	nan	-0.16237685718328182	nan
840.6406406406408	nan	nan	-0.16199219669443232	nan
841.6416416416417	nan	nan	-0.16106957886216175	nan
842.6426426426427	nan	nan	-0.16276174333038676	nan
843.6436436436437	nan	nan	-0.16670138164610365	nan
844.6446446446447	nan	nan	-0.16685507341495343	nan
845.6456456456457	nan	nan	-0.16671816320682187	nan
846.6466466466467	nan	nan	-0.16636822798236733	nan
847.6476476476477	nan	nan	-0.1603963276839516	nan
848.6486486486488	nan	nan	-0.1626826686126257	nan
849.6496496496497	nan	nan	-0.16626881087377837	nan
850.6506506506507	nan	nan	-0.16221590533206048	nan
851.6516516516517	nan	nan	-0.16188826239173748	nan
852.6526526526527	nan	nan	-0.1639817568593388	nan
853.6536536536537	nan	nan	-0.1660350186494318	nan
854.6546546546548	nan	nan	-0.16396016802279575	nan
855.6556556556556	nan	nan	-0.16188526459663377	nan
856.6566566566568	nan	nan	-0.16083921405887688	nan
857.6576576576578	nan	nan	-0.16170484417975445	nan
858.6586586586587	nan	nan	-0.16407449522976025	nan
859.6596596596597	nan	nan	-0.16088600509078385	nan
860.6606606606607	nan	nan	-0.16203362093039095	nan
861.6616616616617	nan	nan	-0.15865017435478934	nan
862.6626626626627	nan	nan	-0.1561761548461208	nan
863.6636636636637	nan	nan	-0.15952165832815293	nan
864.6646646646647	nan	nan	-0.16357829314061295	nan
865.6656656656656	nan	nan	-0.16300340406779423	nan
866.6666666666666	nan	nan	-0.16104221522145462	nan
867.6676676676676	nan	nan	-0.1624199082639407	nan
868.6686686686686	nan	nan	-0.16272527089016406	nan
869.6696696696696	nan	nan	-0.16514062652171688	nan
870.6706706706706	nan	nan	-0.16594370625856802	nan
871.6716716716716	nan	nan	-0.1635713020959673	nan
872.6726726726729	nan	nan	-0.16151729210910737	nan
873.6736736736735	nan	nan	-0.1644671658747866	nan
874.6746746746747	nan	nan	-0.16577559139240872	nan
875.6756756756757	nan	nan	-0.1666815333443544	nan
876.6766766766767	nan	nan	-0.16329801995223153	nan
877.6776776776778	nan	nan	-0.16184195272055557	nan
878.6786786786785	nan	nan	-0.16318523604938792	nan
879.6796796796798	nan	nan	-0.16356620030492136	nan
880.6806806806808	nan	nan	-0.16174122930723356	nan
881.6816816816818	nan	nan	-0.16239208931606705	nan
882.6826826826828	nan	nan	-0.16424707318273413	nan
883.6836836836837	nan	nan	-0.15931983997945628	nan
884.6846846846847	nan	nan	-0.1645260587959388	nan
885.6856856856857	nan	nan	-0.15967017600021727	nan
886.6866866866867	nan	nan	-0.16329129635170186	nan
887.6876876876878	nan	nan	-0.1604741162246828	nan
888.6886886886888	nan	nan	-0.16160118506563453	nan
889.6896896896898	nan	nan	-0.16605714022660528	nan
890.690690690691	nan	nan	-0.16521176597545661	nan
891.6916916916916	nan	nan	-0.1677768410993605	nan
892.6926926926927	nan	nan	-0.16762751257940683	nan
893.6936936936937	nan	nan	-0.16107940220642594	nan
894.6946946946947	nan	nan	-0.16168230382437915	nan
895.6956956956959	nan	nan	-0.16379995977965214	nan
896.6966966966969	nan	nan	-0.16459610152496693	nan
897.6976976976979	nan	nan	-0.16210211926163334	nan
898.6986986986989	nan	nan	-0.16065166808184295	nan
899.6996996996999	nan	nan	-0.1602207905762856	nan
900.7007007007008	nan	nan	-0.15922486396986932	nan
901.7017017017018	nan	nan	-0.16019073638516265	nan
902.7027027027028	nan	nan	-0.15780396251956283	nan
903.7037037037038	nan	nan	-0.15486189548727125	nan
904.7047047047048	nan	nan	-0.1602947279782355	nan
905.7057057057058	nan	nan	-0.15536493042238558	nan
906.7067067067068	nan	nan	-0.1565430359104096	nan
907.7077077077078	nan	nan	-0.15650236476844784	nan
908.7087087087087	nan	nan	-0.15386102838144014	nan
909.7097097097097	nan	nan	-0.15548166421326903	nan
910.7107107107108	nan	nan	-0.15784363375900357	nan
911.7117117117118	nan	nan	-0.1589421027694005	nan
912.7127127127128	nan	nan	-0.1595261823023842	nan
913.7137137137139	nan	nan	-0.15286884409934762	nan
914.7147147147147	nan	nan	-0.1545410153268265	nan
915.7157157157158	nan	nan	-0.15727718767463872	nan
916.7167167167167	nan	nan	-0.159033464212947	nan
917.7177177177177	nan	nan	-0.16069932694464822	nan
918.7187187187188	nan	nan	-0.16287548607096183	nan
919.7197197197198	nan	nan	-0.15739922000572693	nan
920.7207207207208	nan	nan	-0.15632726187609355	nan
921.7217217217218	nan	nan	-0.16007518927399358	nan
922.7227227227228	nan	nan	-0.1582194695444775	nan
923.7237237237238	nan	nan	-0.15977106647784176	nan
924.7247247247248	nan	nan	-0.16187372519297305	nan
925.7257257257257	nan	nan	-0.15962238060379164	nan
926.7267267267267	nan	nan	-0.1566972334504815	nan
927.7277277277277	nan	nan	-0.1601129151080166	nan
928.7287287287287	nan	nan	-0.15901242011442426	nan
929.7297297297297	nan	nan	-0.15757276406878928	nan
930.7307307307307	nan	nan	-0.15705550642727972	nan
931.7317317317317	nan	nan	-0.15480598323085248	nan
932.7327327327326	nan	nan	-0.15692654435495315	nan
933.7337337337336	nan	nan	-0.15469853189664373	nan
934.7347347347348	nan	nan	-0.1560668671670314	nan
935.7357357357358	nan	nan	-0.15728340464830745	nan
936.7367367367369	nan	nan	-0.1568628775179143	nan
937.7377377377376	nan	nan	-0.15794862972919285	nan
938.7387387387388	nan	nan	-0.16039364781951956	nan
939.7397397397398	nan	nan	-0.15894203985865624	nan
940.7407407407408	nan	nan	-0.15764388957812525	nan
941.7417417417419	nan	nan	-0.15770492183624724	nan
942.7427427427428	nan	nan	-0.15469129952964206	nan
943.7437437437438	nan	nan	-0.1518951644047483	nan
944.7447447447448	nan	nan	-0.1558122382002734	nan
945.7457457457458	nan	nan	-0.16098588138954903	nan
946.7467467467468	nan	nan	-0.1563765420967936	nan
947.7477477477478	nan	nan	-0.16043608371614781	nan
948.7487487487488	nan	nan	-0.1612428608764418	nan
949.7497497497501	nan	nan	-0.15842862740553323	nan
950.7507507507507	nan	nan	-0.15674016368708793	nan
951.7517517517518	nan	nan	-0.1578842671325178	nan
952.7527527527528	nan	nan	-0.159591687329757	nan
953.7537537537538	nan	nan	-0.1567410553836328	nan
954.754754754755	nan	nan	-0.15765384451172482	nan
955.7557557557557	nan	nan	-0.1612935742109941	nan
956.7567567567568	nan	nan	-0.16050029973689173	nan
957.757757757758	nan	nan	-0.16429785860380874	nan
958.758758758759	nan	nan	-0.16028705222931583	nan
959.75975975976	nan	nan	-0.16208827819100932	nan
960.760760760761	nan	nan	-0.15945472703885266	nan
961.7617617617619	nan	nan	-0.16076948700527763	nan
962.7627627627629	nan	nan	-0.16005954281174706	nan
963.7637637637639	nan	nan	-0.15741927334209865	nan
964.7647647647649	nan	nan	-0.15900182611593794	nan
965.7657657657659	nan	nan	-0.15987506496237824	nan
966.7667667667669	nan	nan	-0.1579387115061225	nan
967.7677677677679	nan	nan	-0.15699566482989222	nan
968.7687687687688	nan	nan	-0.15431505365663492	nan
969.7697697697698	nan	nan	-0.1525924869371153	nan
970.7707707707708	nan	nan	-0.1523415556277944	nan
971.7717717717718	nan	nan	-0.1552999220437407	nan
972.772772772773	nan	nan	-0.15686067691148065	nan
973.7737737737738	nan	nan	-0.15752074226760857	nan
974.7747747747749	nan	nan	-0.15559675274045132	nan
975.7757757757759	nan	nan	-0.1525725617028741	nan
976.7767767767768	nan	nan	-0.1542524169288362	nan
977.7777777777779	nan	nan	-0.15830110268926628	nan
978.7787787787787	nan	nan	-0.15409643416379165	nan
979.7797797797798	nan	nan	-0.1570385320927694	nan
980.7807807807809	nan	nan	-0.1570218635562221	nan
981.7817817817819	nan	nan	-0.1547611948393646	nan
982.7827827827829	nan	nan	-0.15522216524467644	nan
983.7837837837839	nan	nan	-0.1552543773448707	nan
984.7847847847848	nan	nan	-0.15852462190394942	nan
985.7857857857858	nan	nan	-0.16193003933543643	nan
986.7867867867868	nan	nan	-0.1611144653223912	nan
987.7877877877878	nan	nan	-0.1576171020048683	nan
988.7887887887888	nan	nan	-0.15771086462941175	nan
989.7897897897898	nan	nan	-0.15726018442705264	nan
990.7907907907908	nan	nan	-0.15238653213673356	nan
991.7917917917918	nan	nan	-0.15275839378718908	nan
992.7927927927927	nan	nan	-0.15397337810764078	nan
993.7937937937937	nan	nan	-0.15310396276125296	nan
994.7947947947947	nan	nan	-0.1506911644732914	nan
995.7957957957957	nan	nan	-0.15686294030453582	nan
996.7967967967967	nan	nan	-0.15638951435471124	nan
997.7977977977979	nan	nan	-0.1565166366522282	nan
998.7987987987989	nan	nan	-0.15732298415348311	nan
999.7997997997999	nan	nan	-0.15712119879966954	nan
1000.800800800801	nan	nan	-0.15911606400526057	nan
1001.8018018018016	nan	nan	-0.1550318618969583	nan
1002.8028028028028	nan	nan	-0.1615504909256844	nan
1003.8038038038039	nan	nan	-0.16018555160825593	nan
1004.8048048048049	nan	nan	-0.16083822424372746	nan
1005.8058058058059	nan	nan	-0.1583940865800485	nan
1006.8068068068069	nan	nan	-0.15631308744216021	nan
1007.8078078078079	nan	nan	-0.15728945803914846	nan
1008.8088088088089	nan	nan	-0.15684612799366615	nan
1009.8098098098098	nan	nan	-0.15905268481801418	nan
1010.8108108108108	nan	nan	-0.15612273745324445	nan
1011.8118118118119	nan	nan	-0.1559698335595128	nan
1012.8128128128129	nan	nan	-0.15554552692975884	nan
1013.8138138138141	nan	nan	-0.1589622948707608	nan
1014.8148148148148	nan	nan	-0.15758893066471225	nan
1015.8158158158159	nan	nan	-0.15818898175641594	nan
1016.8168168168169	nan	nan	-0.1609458521666275	nan
1017.8178178178179	nan	nan	-0.15821586564706058	nan
1018.8188188188191	nan	nan	-0.15815693494011115	nan
1019.81981981982	nan	nan	-0.15552573533773967	nan
1020.820820820821	nan	nan	-0.15455920446666377	nan
1021.821821821822	nan	nan	-0.15661336633839526	nan
1022.822822822823	nan	nan	-0.15697557449799696	nan
1023.823823823824	nan	nan	-0.15869036734751715	nan
1024.8248248248249	nan	nan	-0.16057734455863967	nan
1025.8258258258259	nan	nan	-0.15967758426396997	nan
1026.8268268268268	nan	nan	-0.16010971980996375	nan
1027.8278278278278	nan	nan	-0.15779450218282087	nan
1028.828828828829	nan	nan	-0.15825214056316828	nan
1029.82982982983	nan	nan	-0.15722011010151432	nan
1030.830830830831	nan	nan	-0.15585332487848017	nan
1031.8318318318322	nan	nan	-0.15715488377189193	nan
1032.8328328328328	nan	nan	-0.15989243518577975	nan
1033.833833833834	nan	nan	-0.15961036116908628	nan
1034.834834834835	nan	nan	-0.1611932303544663	nan
1035.835835835836	nan	nan	-0.15524859399244867	nan
1036.8368368368372	nan	nan	-0.15256001586926693	nan
1037.8378378378377	nan	nan	-0.1554794025944688	nan
1038.838838838839	nan	nan	-0.15696021300233287	nan
1039.83983983984	nan	nan	-0.15606551388997814	nan
1040.8408408408409	nan	nan	-0.15594290288870583	nan
1041.841841841842	nan	nan	-0.15257997826112746	nan
1042.8428428428426	nan	nan	-0.15454465292679043	nan
1043.8438438438438	nan	nan	-0.15392785042609672	nan
1044.8448448448448	nan	nan	-0.15587502315605437	nan
1045.8458458458458	nan	nan	-0.15233134344088414	nan
1046.846846846847	nan	nan	-0.15501269848126498	nan
1047.8478478478476	nan	nan	-0.15524577868060438	nan
1048.8488488488488	nan	nan	-0.15760250554884017	nan
1049.8498498498498	nan	nan	-0.15584793321624033	nan
1050.850850850851	nan	nan	-0.1541929647304352	nan
1051.851851851852	nan	nan	-0.15560349046714625	nan
1052.852852852853	nan	nan	-0.15626111223364164	nan
1053.853853853854	nan	nan	-0.1555122055822984	nan
1054.854854854855	nan	nan	-0.15474920118362237	nan
1055.855855855856	nan	nan	-0.15727499167789402	nan
1056.856856856857	nan	nan	-0.1536982681364655	nan
1057.8578578578579	nan	nan	-0.1536417937217302	nan
1058.858858858859	nan	nan	-0.1529821742359181	nan
1059.85985985986	nan	nan	-0.1565508602908448	nan
1060.860860860861	nan	nan	-0.1508671103417181	nan
1061.861861861862	nan	nan	-0.15384850248119913	nan
1062.862862862863	nan	nan	-0.15193282787076098	nan
1063.863863863864	nan	nan	-0.15700548451613486	nan
1064.864864864865	nan	nan	-0.15538104291690102	nan
1065.865865865866	nan	nan	-0.15376398197197888	nan
1066.866866866867	nan	nan	-0.1539984397154231	nan
1067.867867867868	nan	nan	-0.15271670748113933	nan
1068.868868868869	nan	nan	-0.15122882802320375	nan
1069.86986986987	nan	nan	-0.15481066278735653	nan
1070.870870870871	nan	nan	-0.15649067284260737	nan
1071.871871871872	nan	nan	-0.1547340914084823	nan
1072.872872872873	nan	nan	-0.15754775371094726	nan
1073.873873873874	nan	nan	-0.15603037278772933	nan
1074.8748748748749	nan	nan	-0.15328941819264108	nan
1075.8758758758759	nan	nan	-0.1566930103607205	nan
1076.8768768768768	nan	nan	-0.15669311240133094	nan
1077.8778778778778	nan	nan	-0.1580605557703548	nan
1078.8788788788788	nan	nan	-0.15446764889923276	nan
1079.8798798798798	nan	nan	-0.15644008674466092	nan
1080.8808808808808	nan	nan	-0.1536987442858633	nan
1081.881881881882	nan	nan	-0.15395594203791693	nan
1082.882882882883	nan	nan	-0.15176598715272008	nan
1083.883883883884	nan	nan	-0.15342986633231093	nan
1084.884884884885	nan	nan	-0.1519260973551793	nan
1085.885885885886	nan	nan	-0.15027601111748376	nan
1086.886886886887	nan	nan	-0.14816244266340434	nan
1087.887887887888	nan	nan	-0.15160727398517432	nan
1088.888888888889	nan	nan	-0.15085195935186105	nan
1089.8898898898901	nan	nan	-0.1507024884944674	nan
1090.8908908908913	nan	nan	-0.15089781299738775	nan
1091.8918918918919	nan	nan	-0.1493907699565521	nan
1092.892892892893	nan	nan	-0.1482009823752424	nan
1093.893893893894	nan	nan	-0.1495239996826222	nan
1094.894894894895	nan	nan	-0.15161496114829315	nan
1095.8958958958963	nan	nan	-0.14731899961316297	nan
1096.8968968968968	nan	nan	-0.15135190122035047	nan
1097.897897897898	nan	nan	-0.15081554367263222	nan
1098.898898898899	nan	nan	-0.1534364678052483	nan
1099.8998998999	nan	nan	-0.1489227536996358	nan
1100.9009009009012	nan	nan	-0.1516505682867709	nan
1101.9019019019017	nan	nan	-0.15279938529455594	nan
1102.902902902903	nan	nan	-0.15161390310711892	nan
1103.903903903904	nan	nan	-0.15226923273668652	nan
1104.904904904905	nan	nan	-0.1545329634345432	nan
1105.9059059059061	nan	nan	-0.15350991344151382	nan
1106.9069069069067	nan	nan	-0.15406103534881704	nan
1107.9079079079079	nan	nan	-0.15478647149718855	nan
1108.9089089089089	nan	nan	-0.15131754961575322	nan
1109.9099099099099	nan	nan	-0.15039566395083281	nan
1110.910910910911	nan	nan	-0.1548753812097525	nan
1111.9119119119116	nan	nan	-0.1541985846971817	nan
1112.912912912913	nan	nan	-0.1547064929971271	nan
1113.913913913914	nan	nan	-0.1543456756758211	nan
1114.914914914915	nan	nan	-0.15328393897056652	nan
1115.915915915916	nan	nan	-0.15129342212312707	nan
1116.916916916917	nan	nan	-0.15028776101468316	nan
1117.917917917918	nan	nan	-0.15192806882308488	nan
1118.918918918919	nan	nan	-0.1515275186407865	nan
1119.91991991992	nan	nan	-0.1527511605953218	nan
1120.9209209209212	nan	nan	-0.1528023684720621	nan
1121.9219219219221	nan	nan	-0.15481888094664223	nan
1122.9229229229231	nan	nan	-0.1547200327084683	nan
1123.9239239239241	nan	nan	-0.15076205194319112	nan
1124.924924924925	nan	nan	-0.14866643685632153	nan
1125.925925925926	nan	nan	-0.14813269418604225	nan
1126.926926926927	nan	nan	-0.14953005275758402	nan
1127.927927927928	nan	nan	-0.14258048358193656	nan
1128.928928928929	nan	nan	-0.14302035909759536	nan
1129.92992992993	nan	nan	-0.1497978374829691	nan
1130.930930930931	nan	nan	-0.1504298026049094	nan
1131.931931931932	nan	nan	-0.14833906656417156	nan
1132.932932932933	nan	nan	-0.14336657536012842	nan
1133.933933933934	nan	nan	-0.14485096223710706	nan
1134.934934934935	nan	nan	-0.1427729740733656	nan
1135.935935935936	nan	nan	-0.14550581137192142	nan
1136.936936936937	nan	nan	-0.15149146710221456	nan
1137.937937937938	nan	nan	-0.15254668707977892	nan
1138.938938938939	nan	nan	-0.14990791538014406	nan
1139.93993993994	nan	nan	-0.15294031598084087	nan
1140.940940940941	nan	nan	-0.1536327038569312	nan
1141.9419419419419	nan	nan	-0.15268441771190933	nan
1142.9429429429429	nan	nan	-0.15044506228564028	nan
1143.943943943944	nan	nan	-0.15343213589915589	nan
1144.944944944945	nan	nan	-0.1550415402877984	nan
1145.945945945946	nan	nan	-0.15241190616227826	nan
1146.946946946947	nan	nan	-0.15415086943961132	nan
1147.947947947948	nan	nan	-0.1528467046444218	nan
1148.948948948949	nan	nan	-0.14890676739466585	nan
1149.94994994995	nan	nan	-0.1491247181410758	nan
1150.950950950951	nan	nan	-0.15389582308516553	nan
1151.9519519519522	nan	nan	-0.1529653860259887	nan
1152.9529529529532	nan	nan	-0.15041141042497638	nan
1153.9539539539542	nan	nan	-0.1477916148215274	nan
1154.9549549549554	nan	nan	-0.15144737797727703	nan
1155.955955955956	nan	nan	-0.15646580814986505	nan
1156.9569569569571	nan	nan	-0.15322165166757204	nan
1157.9579579579581	nan	nan	-0.14842183519237842	nan
1158.958958958959	nan	nan	-0.1483321543910238	nan
1159.9599599599603	nan	nan	-0.15105154788705671	nan
1160.9609609609608	nan	nan	-0.14649209162683258	nan
1161.961961961962	nan	nan	-0.1487438810273738	nan
1162.962962962963	nan	nan	-0.15143629101435915	nan
1163.963963963964	nan	nan	-0.15051515012657404	nan
1164.9649649649652	nan	nan	-0.14942850036346447	nan
1165.9659659659658	nan	nan	-0.15074499548266723	nan
1166.966966966967	nan	nan	-0.14723855800714408	nan
1167.967967967968	nan	nan	-0.14759520555163708	nan
1168.968968968969	nan	nan	-0.1496198900949517	nan
1169.9699699699702	nan	nan	-0.14998484051121846	nan
1170.9709709709707	nan	nan	-0.15282019636344477	nan
1171.971971971972	nan	nan	-0.14960688849322426	nan
1172.972972972973	nan	nan	-0.1497233525146753	nan
1173.973973973974	nan	nan	-0.14979859518702998	nan
1174.974974974975	nan	nan	-0.14922240838715073	nan
1175.975975975976	nan	nan	-0.15426388299334462	nan
1176.976976976977	nan	nan	-0.14795351528167452	nan
1177.977977977978	nan	nan	-0.15118471795576258	nan
1178.978978978979	nan	nan	-0.14925979972643005	nan
1179.97997997998	nan	nan	-0.15046694155258603	nan
1180.980980980981	nan	nan	-0.15102854986351902	nan
1181.981981981982	nan	nan	-0.14965798735307295	nan
1182.9829829829832	nan	nan	-0.14761831561043914	nan
1183.9839839839842	nan	nan	-0.14558177819814047	nan
1184.9849849849852	nan	nan	-0.14684250306641417	nan
1185.9859859859862	nan	nan	-0.15025344962409826	nan
1186.9869869869872	nan	nan	-0.15029320267370955	nan
1187.9879879879882	nan	nan	-0.1522281261861464	nan
1188.9889889889891	nan	nan	-0.15082579913862293	nan
1189.9899899899901	nan	nan	-0.15192872882811032	nan
1190.9909909909911	nan	nan	-0.15073396794291063	nan
1191.991991991992	nan	nan	-0.1527116455295381	nan
1192.992992992993	nan	nan	-0.15113359366298848	nan
1193.993993993994	nan	nan	-0.15350669716644152	nan
1194.994994994995	nan	nan	-0.15326861718433837	nan
1195.995995995996	nan	nan	-0.14983737975822334	nan
1196.996996996997	nan	nan	-0.1494770311800631	nan
1197.997997997998	nan	nan	-0.14928257473399678	nan
1198.998998998999	nan	nan	-0.14572647387110726	nan
1200.0	nan	nan	-0.14490314872035842	nan
1203.0050083472454	nan	nan	-0.14638852352326304	nan
1206.0100166944906	nan	nan	-0.15191594194485036	nan
1209.0150250417362	nan	nan	-0.1517004622952286	nan
1212.0200333889816	nan	nan	-0.1510623513891195	nan
1215.025041736227	nan	nan	-0.15438666829650566	nan
1218.0300500834724	nan	nan	-0.14817745028065196	nan
1221.0350584307178	nan	nan	-0.1486748370506123	nan
1224.0400667779634	nan	nan	-0.1472577280321474	nan
1227.0450751252088	nan	nan	-0.14350091301741005	nan
1230.0500834724542	nan	nan	-0.1455720712118919	nan
1233.0550918196996	nan	nan	-0.1457777390092943	nan
1236.060100166945	nan	nan	-0.14657302422567828	nan
1239.0651085141903	nan	nan	-0.14942031575692194	nan
1242.0701168614357	nan	nan	-0.14819777507629148	nan
1245.0751252086811	nan	nan	-0.1472793920497385	nan
1248.0801335559265	nan	nan	-0.1495538065322294	nan
1251.0851419031721	nan	nan	-0.14538140120295356	nan
1254.0901502504173	nan	nan	-0.14889336072346646	nan
1257.0951585976627	nan	nan	-0.14757479776988586	nan
1260.100166944908	nan	nan	-0.1458401948455456	nan
1263.1051752921533	nan	nan	-0.1520201678241575	nan
1266.110183639399	nan	nan	-0.15310022087976494	nan
1269.1151919866445	nan	nan	-0.1459761469073941	nan
1272.12020033389	nan	nan	-0.14985410715020497	nan
1275.1252086811353	nan	nan	-0.1472915902577858	nan
1278.1302170283807	nan	nan	-0.14458356587728532	nan
1281.135225375626	nan	nan	-0.14888028207215548	nan
1284.1402337228715	nan	nan	-0.14455916263091986	nan
1287.1452420701169	nan	nan	-0.14876552954802744	nan
1290.1502504173623	nan	nan	-0.14661971773716853	nan
1293.1552587646077	nan	nan	-0.14354665530890748	nan
1296.160267111853	nan	nan	-0.14684786770738717	nan
1299.1652754590984	nan	nan	-0.14219865124602288	nan
1302.1702838063438	nan	nan	-0.1491827743434579	nan
1305.1752921535892	nan	nan	-0.14616363584464412	nan
1308.1803005008348	nan	nan	-0.14592035287725397	nan
1311.1853088480802	nan	nan	-0.14392040871944345	nan
1314.1903171953256	nan	nan	-0.1446918410739838	nan
1317.1953255425708	nan	nan	-0.1456198458150337	nan
1320.2003338898164	nan	nan	-0.14616299268117297	nan
1323.2053422370618	nan	nan	-0.14870241834214862	nan
1326.2103505843072	nan	nan	-0.1459037073536538	nan
1329.2153589315526	nan	nan	-0.14556840413920416	nan
1332.220367278798	nan	nan	-0.1463550816980615	nan
1335.2253756260434	nan	nan	-0.1451584836662446	nan
1338.2303839732888	nan	nan	-0.14541302432892034	nan
1341.2353923205342	nan	nan	-0.14622144597163786	nan
1344.2404006677796	nan	nan	-0.1486752750086736	nan
1347.245409015025	nan	nan	-0.14928221114906723	nan
1350.2504173622704	nan	nan	-0.15075172667203854	nan
1353.2554257095157	nan	nan	-0.1470624391441495	nan
1356.2604340567614	nan	nan	-0.14621726421981945	nan
1359.2654424040068	nan	nan	-0.14113289309363136	nan
1362.2704507512524	nan	nan	-0.14728964454303703	nan
1365.2754590984975	nan	nan	-0.1466555375693832	nan
1368.280467445743	nan	nan	-0.14818984267675994	nan
1371.2854757929883	nan	nan	-0.14653418351590902	nan
1374.2904841402335	nan	nan	-0.1469101104883183	nan
1377.2954924874791	nan	nan	-0.14293964593296005	nan
1380.3005008347245	nan	nan	-0.14373413132018822	nan
1383.30550918197	nan	nan	-0.14582082275445485	nan
1386.3105175292155	nan	nan	-0.14880937851029935	nan
1389.3155258764607	nan	nan	-0.14487818633799435	nan
1392.320534223706	nan	nan	-0.1441025366155992	nan
1395.3255425709515	nan	nan	-0.14515062849808874	nan
1398.3305509181966	nan	nan	-0.14652553525990447	nan
1401.3355592654425	nan	nan	-0.1445412511281443	nan
1404.340567612688	nan	nan	-0.1455825188937234	nan
1407.3455759599335	nan	nan	-0.14820560335494104	nan
1410.3505843071787	nan	nan	-0.14695016623597984	nan
1413.355592654424	nan	nan	-0.1431831489848404	nan
1416.3606010016695	nan	nan	-0.14166073388496958	nan
1419.3656093489146	nan	nan	-0.14727020815209613	nan
1422.3706176961603	nan	nan	-0.1444610390202719	nan
1425.3756260434056	nan	nan	-0.14379773522204922	nan
1428.380634390651	nan	nan	-0.14215843187314553	nan
1431.3856427378967	nan	nan	-0.14349680068383985	nan
1434.3906510851418	nan	nan	-0.14233045415110107	nan
1437.3956594323872	nan	nan	-0.14341926079030207	nan
1440.4006677796326	nan	nan	-0.13995705474167772	nan
1443.4056761268778	nan	nan	-0.14374090818677865	nan
1446.4106844741236	nan	nan	-0.1412604583555195	nan
1449.415692821369	nan	nan	-0.13981067597188854	nan
1452.4207011686146	nan	nan	-0.1449125155640237	nan
1455.4257095158598	nan	nan	-0.1423047098217797	nan
1458.4307178631052	nan	nan	-0.14575907013107253	nan
1461.4357262103506	nan	nan	-0.14459202623817843	nan
1464.4407345575958	nan	nan	-0.14693391107341933	nan
1467.4457429048414	nan	nan	-0.14257636435917434	nan
1470.4507512520868	nan	nan	-0.14668171777986141	nan
1473.4557595993322	nan	nan	-0.1448161667625445	nan
1476.4607679465778	nan	nan	-0.14027213924102266	nan
1479.465776293823	nan	nan	-0.1403020557763967	nan
1482.4707846410683	nan	nan	-0.13944896896962944	nan
1485.4757929883137	nan	nan	-0.14182637382169283	nan
1488.480801335559	nan	nan	-0.14604972820808426	nan
1491.4858096828048	nan	nan	-0.14245216739570457	nan
1494.4908180300501	nan	nan	-0.14559533530183477	nan
1497.4958263772958	nan	nan	-0.14171770801385936	nan
1500.500834724541	nan	nan	-0.14130009822581346	nan
1503.5058430717863	nan	nan	-0.14073153106994069	nan
1506.5108514190317	nan	nan	-0.13955139465004973	nan
1509.515859766277	nan	nan	-0.14018285790464813	nan
1512.5208681135225	nan	nan	-0.14070131638304353	nan
1515.525876460768	nan	nan	-0.14037946540693325	nan
1518.5308848080133	nan	nan	-0.1389437888211834	nan
1521.535893155259	nan	nan	-0.1387365860825437	nan
1524.5409015025043	nan	nan	-0.14029124645472438	nan
1527.5459098497495	nan	nan	-0.1422368837233174	nan
1530.5509181969949	nan	nan	-0.14065920785897681	nan
1533.55592654424	nan	nan	-0.14246508864594198	nan
1536.5609348914859	nan	nan	-0.14265565041751252	nan
1539.5659432387313	nan	nan	-0.1396250036310182	nan
1542.570951585977	nan	nan	-0.13633026195737694	nan
1545.575959933222	nan	nan	-0.13995574683743683	nan
1548.5809682804675	nan	nan	-0.1414834768839911	nan
1551.5859766277129	nan	nan	-0.14155669994601874	nan
1554.590984974958	nan	nan	-0.14091691985966653	nan
1557.5959933222036	nan	nan	-0.14176373877639709	nan
1560.601001669449	nan	nan	-0.1422347336641393	nan
1563.6060100166944	nan	nan	-0.1428937055694445	nan
1566.61101836394	nan	nan	-0.14120221140300868	nan
1569.6160267111854	nan	nan	-0.1400136156794301	nan
1572.6210350584306	nan	nan	-0.14073883259433284	nan
1575.626043405676	nan	nan	-0.13900329384471155	nan
1578.6310517529212	nan	nan	-0.14152674492681	nan
1581.636060100167	nan	nan	-0.14206413706641158	nan
1584.6410684474124	nan	nan	-0.14279230818779226	nan
1587.646076794658	nan	nan	-0.14361795429242613	nan
1590.6510851419032	nan	nan	-0.1433008588877222	nan
1593.6560934891486	nan	nan	-0.1398638361503813	nan
1596.661101836394	nan	nan	-0.1407440744983813	nan
1599.6661101836391	nan	nan	-0.14074303219788653	nan
1602.6711185308848	nan	nan	-0.14124387456048193	nan
1605.6761268781302	nan	nan	-0.14242651923433053	nan
1608.6811352253756	nan	nan	-0.1420976622487914	nan
1611.6861435726212	nan	nan	-0.13926901038089978	nan
1614.6911519198666	nan	nan	-0.1379924541277787	nan
1617.6961602671117	nan	nan	-0.1384121926317072	nan
1620.7011686143571	nan	nan	-0.13904817429008653	nan
1623.7061769616028	nan	nan	-0.1405593717721767	nan
1626.7111853088481	nan	nan	-0.13979762234289592	nan
1629.7161936560935	nan	nan	-0.1425020987899011	nan
1632.7212020033392	nan	nan	-0.14523839759257479	nan
1635.7262103505843	nan	nan	-0.14036726936540803	nan
1638.7312186978297	nan	nan	-0.1395148317936911	nan
1641.736227045075	nan	nan	-0.14011113000237557	nan
1644.7412353923203	nan	nan	-0.13712930877871388	nan
1647.746243739566	nan	nan	-0.13609479095845853	nan
1650.7512520868113	nan	nan	-0.13504955595094525	nan
1653.7562604340567	nan	nan	-0.138557430244501	nan
1656.7612687813023	nan	nan	-0.13932865780997222	nan
1659.7662771285477	nan	nan	-0.13934864480374648	nan
1662.7712854757929	nan	nan	-0.1386639284215562	nan
1665.7762938230383	nan	nan	-0.14190716552114888	nan
1668.7813021702839	nan	nan	-0.14101562731605444	nan
1671.7863105175293	nan	nan	-0.14186321430454163	nan
1674.7913188647747	nan	nan	-0.14179849853662782	nan
1677.7963272120203	nan	nan	-0.1412464246076402	nan
1680.8013355592655	nan	nan	-0.13838983940630223	nan
1683.8063439065108	nan	nan	-0.14079553751576793	nan
1686.8113522537562	nan	nan	-0.14070639387863954	nan
1689.8163606010014	nan	nan	-0.13842112014855834	nan
1692.821368948247	nan	nan	-0.14005326502388554	nan
1695.8263772954924	nan	nan	-0.14581327512678108	nan
1698.8313856427378	nan	nan	-0.14244276524033747	nan
1701.8363939899834	nan	nan	-0.14118523780733352	nan
1704.8414023372288	nan	nan	-0.13758093804710075	nan
1707.846410684474	nan	nan	-0.13933910572616065	nan
1710.8514190317194	nan	nan	-0.14096075100313965	nan
1713.8564273789646	nan	nan	-0.1413602072165192	nan
1716.8614357262104	nan	nan	-0.14048169821953335	nan
1719.8664440734558	nan	nan	-0.14135077638405993	nan
1722.8714524207014	nan	nan	-0.1402037132533695	nan
1725.8764607679466	nan	nan	-0.13771786552825477	nan
1728.881469115192	nan	nan	-0.13999422183389548	nan
1731.8864774624374	nan	nan	-0.13882461642847038	nan
1734.8914858096825	nan	nan	-0.13833736940136265	nan
1737.8964941569277	nan	nan	-0.14067216797660173	nan
1740.9015025041735	nan	nan	-0.14407382176173314	nan
1743.9065108514194	nan	nan	-0.1397244981469005	nan
1746.9115191986646	nan	nan	-0.13763669516663873	nan
1749.9165275459102	nan	nan	-0.13844320801970053	nan
1752.9215358931554	nan	nan	-0.13780876816108964	nan
1755.9265442404005	nan	nan	-0.14038051498945514	nan
1758.9315525876457	nan	nan	-0.14253951672400622	nan
1761.9365609348915	nan	nan	-0.1445333531257291	nan
1764.941569282137	nan	nan	-0.13882912014276305	nan
1767.9465776293825	nan	nan	-0.13792603075539261	nan
1770.9515859766277	nan	nan	-0.13564607841806994	nan
1773.9565943238729	nan	nan	-0.13548126795546425	nan
1776.9616026711185	nan	nan	-0.13617378197225688	nan
1779.9666110183637	nan	nan	-0.13904072800021838	nan
1782.9716193656095	nan	nan	-0.14084508162777615	nan
1785.9766277128547	nan	nan	-0.13948747965280645	nan
1788.9816360601005	nan	nan	-0.1387275977215838	nan
1791.9866444073457	nan	nan	-0.1375091508307545	nan
1794.991652754591	nan	nan	-0.1391754320697588	nan
1797.9966611018363	nan	nan	-0.13535617207559997	nan
1801.0016694490816	nan	nan	-0.1357132307458105	nan
1804.0066777963268	nan	nan	-0.13666529359108234	nan
1807.0116861435727	nan	nan	-0.14035858616964567	nan
1810.0166944908178	nan	nan	-0.14083040602222258	nan
1813.0217028380637	nan	nan	-0.1379026272982945	nan
1816.0267111853088	nan	nan	-0.1400384379522968	nan
1819.0317195325542	nan	nan	-0.13843351180516497	nan
1822.0367278797996	nan	nan	-0.13642182373308565	nan
1825.0417362270448	nan	nan	-0.13767219517934948	nan
1828.0467445742906	nan	nan	-0.14195891511389686	nan
1831.0517529215358	nan	nan	-0.14115069654790113	nan
1834.0567612687817	nan	nan	-0.13910357891533065	nan
1837.0617696160268	nan	nan	-0.13657269784272025	nan
1840.0667779632722	nan	nan	-0.13458231015257635	nan
1843.0717863105174	nan	nan	-0.13870533338330698	nan
1846.0767946577628	nan	nan	-0.13889987924549832	nan
1849.081803005008	nan	nan	-0.1421156765482897	nan
1852.0868113522538	nan	nan	-0.1393522977183132	nan
1855.0918196994992	nan	nan	-0.13815687509087088	nan
1858.0968280467448	nan	nan	-0.13677592719260834	nan
1861.10183639399	nan	nan	-0.13665600997024846	nan
1864.1068447412356	nan	nan	-0.13808154652888904	nan
1867.1118530884808	nan	nan	-0.13507588019000502	nan
1870.116861435726	nan	nan	-0.1376898030792656	nan
1873.1218697829718	nan	nan	-0.13678606021235945	nan
1876.126878130217	nan	nan	-0.13521062662217687	nan
1879.1318864774628	nan	nan	-0.1393701484159686	nan
1882.136894824708	nan	nan	-0.13722367131012175	nan
1885.1419031719531	nan	nan	-0.13522302908181644	nan
1888.1469115191983	nan	nan	-0.13457873496245476	nan
1891.151919866444	nan	nan	-0.1343996132458138	nan
1894.1569282136895	nan	nan	-0.13689461848934428	nan
1897.161936560935	nan	nan	-0.1366350694664914	nan
1900.1669449081808	nan	nan	-0.13397829439617148	nan
1903.171953255426	nan	nan	-0.1341702817820969	nan
1906.176961602671	nan	nan	-0.1349463675729545	nan
1909.1819699499165	nan	nan	-0.13496439692102613	nan
1912.1869782971619	nan	nan	-0.13755481225245642	nan
1915.191986644407	nan	nan	-0.1356505157256346	nan
1918.196994991653	nan	nan	-0.13402651373929678	nan
1921.202003338898	nan	nan	-0.13688627090793923	nan
1924.207011686144	nan	nan	-0.13649404584771296	nan
1927.212020033389	nan	nan	-0.13361395449464658	nan
1930.2170283806345	nan	nan	-0.136492809806791	nan
1933.2220367278796	nan	nan	-0.13406742041864123	nan
1936.227045075125	nan	nan	-0.13492146484176865	nan
1939.2320534223709	nan	nan	-0.13615179970436592	nan
1942.237061769616	nan	nan	-0.13659884449170917	nan
1945.2420701168614	nan	nan	-0.1358162369210673	nan
1948.247078464107	nan	nan	-0.13659945584376593	nan
1951.2520868113522	nan	nan	-0.13745441833383393	nan
1954.2570951585976	nan	nan	-0.13367214070058814	nan
1957.262103505843	nan	nan	-0.1355037179761855	nan
1960.2671118530882	nan	nan	-0.1354141931423096	nan
1963.272120200334	nan	nan	-0.13746402159276644	nan
1966.2771285475792	nan	nan	-0.1364844034900898	nan
1969.282136894825	nan	nan	-0.13674221680179832	nan
1972.2871452420702	nan	nan	-0.13800894198072974	nan
1975.2921535893158	nan	nan	-0.1358063976978391	nan
1978.297161936561	nan	nan	-0.13722001466116282	nan
1981.3021702838062	nan	nan	-0.13925273448547879	nan
1984.3071786310518	nan	nan	-0.13423041282804715	nan
1987.3121869782972	nan	nan	-0.13633811767687226	nan
1990.3171953255426	nan	nan	-0.13548695954472284	nan
1993.3222036727882	nan	nan	-0.13829062010716997	nan
1996.3272120200334	nan	nan	-0.13392117973581272	nan
1999.3322203672785	nan	nan	-0.13506924524715225	nan
2002.3372287145241	nan	nan	-0.1354815218130244	nan
2005.3422370617693	nan	nan	-0.13383776141458098	nan
2008.3472454090152	nan	nan	-0.13597547267697507	nan
2011.3522537562603	nan	nan	-0.13562605823676463	nan
2014.3572621035062	nan	nan	-0.13365649813184421	nan
2017.3622704507513	nan	nan	-0.13646114215991922	nan
2020.3672787979967	nan	nan	-0.13623296912721192	nan
2023.372287145242	nan	nan	-0.13428706629158624	nan
2026.3772954924873	nan	nan	-0.1349489512564784	nan
2029.382303839733	nan	nan	-0.13533545633322785	nan
2032.3873121869783	nan	nan	-0.13305330164868215	nan
2035.3923205342235	nan	nan	-0.13635543487033755	nan
2038.3973288814693	nan	nan	-0.13577687448441936	nan
2041.4023372287145	nan	nan	-0.13874397953992273	nan
2044.4073455759599	nan	nan	-0.13527492550394699	nan
2047.4123539232053	nan	nan	-0.13485552274261203	nan
2050.4173622704507	nan	nan	-0.1363989968484956	nan
2053.4223706176963	nan	nan	-0.13416035847275948	nan
2056.4273789649415	nan	nan	-0.13611652817779593	nan
2059.432387312187	nan	nan	-0.13604737237820877	nan
2062.4373956594322	nan	nan	-0.13479326453688534	nan
2065.442404006678	nan	nan	-0.13948395537250097	nan
2068.447412353923	nan	nan	-0.12941035903822745	nan
2071.4524207011686	nan	nan	-0.13229975384620588	nan
2074.4574290484143	nan	nan	-0.13318616722366022	nan
2077.4624373956594	nan	nan	-0.13406870007169064	nan
2080.4674457429046	nan	nan	-0.1384582523034115	nan
2083.47245409015	nan	nan	-0.13674424924155157	nan
2086.4774624373963	nan	nan	-0.13316921705960555	nan
2089.4824707846415	nan	nan	-0.13439774358798648	nan
2092.4874791318866	nan	nan	-0.13328231587373762	nan
2095.492487479132	nan	nan	-0.1315962847885958	nan
2098.4974958263774	nan	nan	-0.13042374809406995	nan
2101.5025041736226	nan	nan	-0.13419536943076843	nan
2104.507512520868	nan	nan	-0.137297969400617	nan
2107.5125208681134	nan	nan	-0.13823872482521793	nan
2110.5175292153585	nan	nan	-0.13385139776071917	nan
2113.5225375626037	nan	nan	-0.1340855692613228	nan
2116.52754590985	nan	nan	-0.13174859985729	nan
2119.5325542570954	nan	nan	-0.13194851228727156	nan
2122.5375626043406	nan	nan	-0.13207921953648577	nan
2125.5425709515857	nan	nan	-0.13209278669267532	nan
2128.5475792988314	nan	nan	-0.13401759336380237	nan
2131.552587646077	nan	nan	-0.13525410470162189	nan
2134.557595993322	nan	nan	-0.13595127698479445	nan
2137.5626043405678	nan	nan	-0.13274488871727474	nan
2140.567612687813	nan	nan	-0.13072889353950823	nan
2143.5726210350585	nan	nan	-0.13260895033691114	nan
2146.5776293823037	nan	nan	-0.13384408145574378	nan
2149.5826377295493	nan	nan	-0.1343162394810573	nan
2152.5876460767945	nan	nan	-0.13365655770554966	nan
2155.59265442404	nan	nan	-0.135848491548815	nan
2158.5976627712853	nan	nan	-0.13324041316325017	nan
2161.602671118531	nan	nan	-0.1338873654181593	nan
2164.6076794657765	nan	nan	-0.13353648300187182	nan
2167.6126878130217	nan	nan	-0.13242905525310403	nan
2170.617696160267	nan	nan	-0.13543069600640467	nan
2173.6227045075125	nan	nan	-0.13597559109979734	nan
2176.627712854758	nan	nan	-0.1319780227833574	nan
2179.6327212020033	nan	nan	-0.13333060383806783	nan
2182.637729549249	nan	nan	-0.1310535873436186	nan
2185.642737896494	nan	nan	-0.1306440164175151	nan
2188.6477462437397	nan	nan	-0.13152810389045994	nan
2191.652754590985	nan	nan	-0.12954517062862866	nan
2194.6577629382305	nan	nan	-0.13036361363397786	nan
2197.6627712854756	nan	nan	-0.13283425289671263	nan
2200.6677796327217	nan	nan	-0.12981653393631287	nan
2203.672787979967	nan	nan	-0.1324726581560054	nan
2206.677796327212	nan	nan	-0.13317951227555094	nan
2209.6828046744577	nan	nan	-0.13464470623330885	nan
2212.687813021703	nan	nan	-0.13312183976208125	nan
2215.692821368948	nan	nan	-0.13349532502562847	nan
2218.6978297161936	nan	nan	-0.13235766099787893	nan
2221.702838063439	nan	nan	-0.1357754161986272	nan
2224.707846410684	nan	nan	-0.13535645851111217	nan
2227.712854757929	nan	nan	-0.1329758554424385	nan
2230.717863105175	nan	nan	-0.13387637242533898	nan
2233.722871452421	nan	nan	-0.1307293183620606	nan
2236.727879799666	nan	nan	-0.13468901186378918	nan
2239.7328881469116	nan	nan	-0.12716124678290436	nan
2242.737896494157	nan	nan	-0.13008968785018615	nan
2245.7429048414024	nan	nan	-0.13159498897463334	nan
2248.7479131886475	nan	nan	-0.13016477831412673	nan
2251.752921535893	nan	nan	-0.13233654766667174	nan
2254.757929883139	nan	nan	-0.13206020752084716	nan
2257.762938230384	nan	nan	-0.13210545029639323	nan
2260.767946577629	nan	nan	-0.1315366091163656	nan
2263.7729549248747	nan	nan	-0.1338544560635369	nan
2266.7779632721204	nan	nan	-0.1321563109313348	nan
2269.7829716193655	nan	nan	-0.13443535224788572	nan
2272.7879799666107	nan	nan	-0.1313284730126737	nan
2275.7929883138563	nan	nan	-0.13215176020454428	nan
2278.797996661102	nan	nan	-0.13025815241863348	nan
2281.803005008347	nan	nan	-0.1326643900677818	nan
2284.8080133555927	nan	nan	-0.13224430700024023	nan
2287.8130217028383	nan	nan	-0.13401864124707136	nan
2290.8180300500835	nan	nan	-0.13060713227380824	nan
2293.8230383973287	nan	nan	-0.13266790354355312	nan
2296.8280467445743	nan	nan	-0.13334550123219574	nan
2299.83305509182	nan	nan	-0.1356555662519381	nan
2302.838063439065	nan	nan	-0.13731062168183827	nan
2305.8430717863102	nan	nan	-0.1310174570858127	nan
2308.848080133556	nan	nan	-0.13351412965847537	nan
2311.853088480802	nan	nan	-0.13315309421500493	nan
2314.858096828047	nan	nan	-0.1299846061269006	nan
2317.8631051752923	nan	nan	-0.13004965850536582	nan
2320.8681135225374	nan	nan	-0.12847656822022613	nan
2323.873121869783	nan	nan	-0.12887229318704385	nan
2326.8781302170282	nan	nan	-0.13126465742227908	nan
2329.883138564274	nan	nan	-0.13268900873008316	nan
2332.888146911519	nan	nan	-0.13017819062438662	nan
2335.893155258764	nan	nan	-0.12870257168116167	nan
2338.8981636060093	nan	nan	-0.13025493920526865	nan
2341.9031719532554	nan	nan	-0.13269242597415493	nan
2344.908180300501	nan	nan	-0.13042572405643144	nan
2347.913188647746	nan	nan	-0.1352262223032869	nan
2350.9181969949914	nan	nan	-0.1344978872424813	nan
2353.923205342237	nan	nan	-0.13376736933265748	nan
2356.9282136894826	nan	nan	-0.13080557293583	nan
2359.933222036728	nan	nan	-0.1335797766494369	nan
2362.938230383973	nan	nan	-0.13047726353479522	nan
2365.943238731219	nan	nan	-0.1310795484309353	nan
2368.948247078464	nan	nan	-0.12956375123625388	nan
2371.9532554257094	nan	nan	-0.13265763486805424	nan
2374.958263772955	nan	nan	-0.13160862927212855	nan
2377.9632721202006	nan	nan	-0.13071284089391538	nan
2380.9682804674458	nan	nan	-0.13104749219250855	nan
2383.973288814691	nan	nan	-0.1311107060833301	nan
2386.9782971619366	nan	nan	-0.1280845895638716	nan
2389.983305509182	nan	nan	-0.1309382203118935	nan
2392.9883138564273	nan	nan	-0.12908044733197663	nan
2395.9933222036725	nan	nan	-0.12990243913797797	nan
2398.998330550918	nan	nan	-0.12911969928214168	nan
2402.0033388981637	nan	nan	-0.1315649366857254	nan
2405.008347245409	nan	nan	-0.1312206699962601	nan
2408.013355592654	nan	nan	-0.1319330568998559	nan
2411.0183639399	nan	nan	-0.12875120281021918	nan
2414.0233722871453	nan	nan	-0.12788049974818158	nan
2417.0283806343905	nan	nan	-0.13079065629306993	nan
2420.033388981636	nan	nan	-0.12928814071241312	nan
2423.038397328882	nan	nan	-0.1252770021112154	nan
2426.0434056761273	nan	nan	-0.12884276102375153	nan
2429.0484140233725	nan	nan	-0.13277683059212209	nan
2432.0534223706177	nan	nan	-0.12886894660659065	nan
2435.0584307178633	nan	nan	-0.1284695671337734	nan
2438.0634390651085	nan	nan	-0.12712309436250196	nan
2441.0684474123536	nan	nan	-0.12775193678679983	nan
2444.0734557595993	nan	nan	-0.12941718240400718	nan
2447.0784641068444	nan	nan	-0.1295041031422991	nan
2450.0834724540896	nan	nan	-0.1288618723948967	nan
2453.0884808013357	nan	nan	-0.12974685044152004	nan
2456.0934891485813	nan	nan	-0.13310656663650725	nan
2459.0984974958265	nan	nan	-0.1305261451402335	nan
2462.1035058430716	nan	nan	-0.1299277777076994	nan
2465.1085141903172	nan	nan	-0.1289034416824149	nan
2468.113522537563	nan	nan	-0.1271119613179466	nan
2471.118530884808	nan	nan	-0.13042380993234037	nan
2474.123539232053	nan	nan	-0.12709304088905976	nan
2477.128547579299	nan	nan	-0.12962888047202878	nan
2480.1335559265444	nan	nan	-0.1323357168420988	nan
2483.1385642737896	nan	nan	-0.13031235792806867	nan
2486.1435726210348	nan	nan	-0.13143882452105782	nan
2489.1485809682804	nan	nan	-0.12616458489109592	nan
2492.153589315526	nan	nan	-0.12991135034783186	nan
2495.158597662771	nan	nan	-0.12740443553288533	nan
2498.163606010017	nan	nan	-0.12979370918697336	nan
2501.1686143572624	nan	nan	-0.12382915638342722	nan
2504.1736227045076	nan	nan	-0.1260239974600249	nan
2507.1786310517527	nan	nan	-0.12582971341525453	nan
2510.1836393989984	nan	nan	-0.12780529889120898	nan
2513.188647746244	nan	nan	-0.1273513080787699	nan
2516.193656093489	nan	nan	-0.1313767821184779	nan
2519.1986644407343	nan	nan	-0.1290238566097038	nan
2522.20367278798	nan	nan	-0.12898667274549744	nan
2525.2086811352256	nan	nan	-0.1275294360332377	nan
2528.2136894824707	nan	nan	-0.13013864056382718	nan
2531.218697829716	nan	nan	-0.12812938355298897	nan
2534.2237061769615	nan	nan	-0.12463374607255234	nan
2537.2287145242076	nan	nan	-0.12545476322265547	nan
2540.2337228714528	nan	nan	-0.12608682105697028	nan
2543.238731218698	nan	nan	-0.12388393097542089	nan
2546.2437395659435	nan	nan	-0.12484752203097739	nan
2549.2487479131887	nan	nan	-0.128639683682438	nan
2552.253756260434	nan	nan	-0.12714081347283795	nan
2555.2587646076795	nan	nan	-0.12625778781249505	nan
2558.2637729549247	nan	nan	-0.12343958354961193	nan
2561.26878130217	nan	nan	-0.1281077937761477	nan
2564.273789649415	nan	nan	-0.12586087857927925	nan
2567.278797996661	nan	nan	-0.12554074327097994	nan
2570.2838063439067	nan	nan	-0.12445425951641188	nan
2573.288814691152	nan	nan	-0.12591163736422084	nan
2576.293823038397	nan	nan	-0.12778407438744313	nan
2579.2988313856426	nan	nan	-0.12645636768549998	nan
2582.3038397328883	nan	nan	-0.1256939834907499	nan
2585.3088480801334	nan	nan	-0.12478822440882836	nan
2588.313856427379	nan	nan	-0.12605200657301951	nan
2591.3188647746247	nan	nan	-0.12477836756112515	nan
2594.32387312187	nan	nan	-0.12930366613138425	nan
2597.328881469115	nan	nan	-0.13151600115146295	nan
2600.3338898163606	nan	nan	-0.12725280494464408	nan
2603.3388981636062	nan	nan	-0.12541535948947968	nan
2606.3439065108514	nan	nan	-0.1267028272737793	nan
2609.3489148580966	nan	nan	-0.12578742144272642	nan
2612.353923205342	nan	nan	-0.12611587550871214	nan
2615.358931552588	nan	nan	-0.12398846907766452	nan
2618.363939899833	nan	nan	-0.12740863316873535	nan
2621.368948247078	nan	nan	-0.1315376620641408	nan
2624.3739565943238	nan	nan	-0.13030937239563953	nan
2627.3789649415694	nan	nan	-0.12684328749191884	nan
2630.3839732888146	nan	nan	-0.12408553183381305	nan
2633.38898163606	nan	nan	-0.12570618516091422	nan
2636.393989983306	nan	nan	-0.12540093780032582	nan
2639.398998330551	nan	nan	-0.12601275962317937	nan
2642.404006677796	nan	nan	-0.12598618228545672	nan
2645.4090150250418	nan	nan	-0.12172029568598158	nan
2648.414023372288	nan	nan	-0.12811857538948546	nan
2651.419031719533	nan	nan	-0.1265956918446473	nan
2654.424040066778	nan	nan	-0.126333063042308	nan
2657.4290484140233	nan	nan	-0.12621876832768586	nan
2660.434056761269	nan	nan	-0.12592199800988968	nan
2663.439065108514	nan	nan	-0.12618659966853238	nan
2666.4440734557593	nan	nan	-0.12548445610613235	nan
2669.449081803005	nan	nan	-0.12434238309329504	nan
2672.45409015025	nan	nan	-0.1264659414424414	nan
2675.4590984974952	nan	nan	-0.1259895131020496	nan
2678.4641068447413	nan	nan	-0.1255159118273564	nan
2681.469115191987	nan	nan	-0.12721892164691975	nan
2684.474123539232	nan	nan	-0.1249323845043929	nan
2687.4791318864773	nan	nan	-0.12590899108331655	nan
2690.484140233723	nan	nan	-0.12374526642884999	nan
2693.4891485809685	nan	nan	-0.12187361776529777	nan
2696.4941569282137	nan	nan	-0.1238445014633309	nan
2699.499165275459	nan	nan	-0.12342245981589017	nan
2702.5041736227045	nan	nan	-0.12283535706740012	nan
2705.50918196995	nan	nan	-0.1225208888670807	nan
2708.5141903171952	nan	nan	-0.1260790055961064	nan
2711.5191986644404	nan	nan	-0.12377601456804016	nan
2714.524207011686	nan	nan	-0.12218707336865016	nan
2717.5292153589317	nan	nan	-0.12337937583605746	nan
2720.534223706177	nan	nan	-0.12209922684904867	nan
2723.5392320534224	nan	nan	-0.12677901374637046	nan
2726.544240400668	nan	nan	-0.1239478263036492	nan
2729.549248747913	nan	nan	-0.12267658969456556	nan
2732.5542570951584	nan	nan	-0.12208174057498877	nan
2735.559265442404	nan	nan	-0.12325599562839061	nan
2738.56427378965	nan	nan	-0.12086680164529817	nan
2741.5692821368953	nan	nan	-0.12705240227008122	nan
2744.5742904841404	nan	nan	-0.12365115813716626	nan
2747.5792988313856	nan	nan	-0.1219314459957298	nan
2750.584307178631	nan	nan	-0.1220681891931405	nan
2753.5893155258764	nan	nan	-0.12266625134960138	nan
2756.5943238731215	nan	nan	-0.12073496742560545	nan
2759.599332220367	nan	nan	-0.12173524760379018	nan
2762.6043405676123	nan	nan	-0.12307942932119148	nan
2765.6093489148575	nan	nan	-0.12345352102025609	nan
2768.6143572621036	nan	nan	-0.12167798968412671	nan
2771.619365609349	nan	nan	-0.12145440513088097	nan
2774.6243739565944	nan	nan	-0.12167519976128512	nan
2777.6293823038395	nan	nan	-0.12242386035690053	nan
2780.634390651085	nan	nan	-0.12574383393178593	nan
2783.639398998331	nan	nan	-0.1229229635820968	nan
2786.6444073455764	nan	nan	-0.12335223815759251	nan
2789.6494156928215	nan	nan	-0.11908650353500144	nan
2792.6544240400667	nan	nan	-0.12511445680245534	nan
2795.6594323873123	nan	nan	-0.12539851123326268	nan
2798.6644407345575	nan	nan	-0.12580882650830919	nan
2801.6694490818027	nan	nan	-0.12389424553728026	nan
2804.6744574290483	nan	nan	-0.12324228669297752	nan
2807.6794657762935	nan	nan	-0.12386535456545042	nan
2810.6844741235386	nan	nan	-0.12400332093436064	nan
2813.6894824707847	nan	nan	-0.12178225661519809	nan
2816.6944908180303	nan	nan	-0.11873364845634247	nan
2819.6994991652755	nan	nan	-0.11919475874259373	nan
2822.7045075125206	nan	nan	-0.12035429661113364	nan
2825.7095158597663	nan	nan	-0.1198714047257219	nan
2828.7145242070123	nan	nan	-0.12108010475933828	nan
2831.7195325542575	nan	nan	-0.12177190453196685	nan
2834.7245409015027	nan	nan	-0.12022026552002235	nan
2837.729549248748	nan	nan	-0.12214724862275045	nan
2840.7345575959935	nan	nan	-0.12126712626234246	nan
2843.7395659432386	nan	nan	-0.12105050487099647	nan
2846.744574290484	nan	nan	-0.12011224725904646	nan
2849.7495826377294	nan	nan	-0.11921137020674323	nan
2852.7545909849746	nan	nan	-0.11731077896095377	nan
2855.7595993322198	nan	nan	-0.11828604495233123	nan
2858.764607679466	nan	nan	-0.11939966212179381	nan
2861.7696160267114	nan	nan	-0.11761534379672373	nan
2864.7746243739566	nan	nan	-0.11646079751496555	nan
2867.779632721202	nan	nan	-0.12031066420140016	nan
2870.7846410684474	nan	nan	-0.11954632077211466	nan
2873.7896494156935	nan	nan	-0.12015960280138413	nan
2876.7946577629386	nan	nan	-0.1178253551699236	nan
2879.799666110184	nan	nan	-0.11816455011169377	nan
2882.804674457429	nan	nan	-0.11759963120966811	nan
2885.8096828046746	nan	nan	-0.11941167239703547	nan
2888.8146911519198	nan	nan	-0.11760398478930598	nan
2891.819699499165	nan	nan	-0.11915557645139824	nan
2894.8247078464105	nan	nan	-0.11811312962979746	nan
2897.8297161936557	nan	nan	-0.1181308806084315	nan
2900.834724540901	nan	nan	-0.12100598163884838	nan
2903.839732888147	nan	nan	-0.1168819922189681	nan
2906.8447412353926	nan	nan	-0.12009913176949072	nan
2909.8497495826377	nan	nan	-0.12059991159921257	nan
2912.854757929883	nan	nan	-0.1178630297723775	nan
2915.8597662771285	nan	nan	-0.11589846932071375	nan
2918.8647746243746	nan	nan	-0.11652465025263295	nan
2921.8697829716198	nan	nan	-0.11731048167679577	nan
2924.874791318865	nan	nan	-0.12013550323018876	nan
2927.87979966611	nan	nan	-0.12017998031604835	nan
2930.8848080133557	nan	nan	-0.11891127362123038	nan
2933.889816360601	nan	nan	-0.12134582726476698	nan
2936.8948247078465	nan	nan	-0.11884666869687743	nan
2939.8998330550917	nan	nan	-0.11570151852387167	nan
2942.904841402337	nan	nan	-0.11795050383188037	nan
2945.909849749582	nan	nan	-0.11981662301843851	nan
2948.914858096828	nan	nan	-0.1166358770062729	nan
2951.9198664440737	nan	nan	-0.1180893717281247	nan
2954.924874791319	nan	nan	-0.11986883905455811	nan
2957.929883138564	nan	nan	-0.1191674209027612	nan
2960.9348914858097	nan	nan	-0.11754593781767128	nan
2963.9398998330557	nan	nan	-0.11667599653442735	nan
2966.944908180301	nan	nan	-0.11364055206569747	nan
2969.949916527546	nan	nan	-0.11529209343270981	nan
2972.9549248747912	nan	nan	-0.11676208328377374	nan
2975.959933222037	nan	nan	-0.11569681274891808	nan
2978.964941569282	nan	nan	-0.117007173864983	nan
2981.9699499165276	nan	nan	-0.11772344668016654	nan
2984.974958263773	nan	nan	-0.11380693284700835	nan
2987.979966611018	nan	nan	-0.11143306644328144	nan
2990.984974958263	nan	nan	-0.11514986407624617	nan
2993.989983305509	nan	nan	-0.11473091941357892	nan
2996.994991652755	nan	nan	-0.1152023887625522	nan
3000.0	nan	nan	-0.11546062640761773	nan
