1.900000000000000000e+02	-9.460424162914375396e-04
1.910434782608695627e+02	1.716448844001417342e-03
1.920869565217391255e+02	-1.027416963068283505e-03
1.931304347826086882e+02	5.773605793069184772e-04
1.941739130434782510e+02	-3.962376320628123211e-04
1.952173913043478137e+02	-5.027304957749836135e-05
1.962608695652173765e+02	-4.927584432562247350e-04
1.973043478260869676e+02	-9.682785344289019996e-04
1.983478260869565304e+02	-6.582483366882718300e-04
1.993913043478260931e+02	-1.088650217154851860e-03
2.004347826086956559e+02	-2.723042591479262292e-05
2.014782608695652186e+02	9.769853473584172963e-04
2.025217391304347814e+02	2.449323441629842500e-04
2.035652173913043441e+02	4.859957226648781051e-04
2.046086956521739069e+02	1.714998576312854340e-03
2.056521739130434696e+02	1.278636292737001402e-03
2.066956521739130324e+02	-2.346158566080225273e-04
2.077391304347826235e+02	1.369840018950097774e-03
2.087826086956521863e+02	-8.377591112229423957e-06
2.098260869565217490e+02	5.723656305871903469e-04
2.108695652173913118e+02	1.434779287826693211e-03
2.119130434782608745e+02	-9.660234525650683102e-04
2.129565217391304373e+02	1.087203276569216007e-03
2.140000000000000000e+02	-4.645598053485184187e-04
2.150000000000000000e+02	-2.929469748899519521e-04
2.155263157894736707e+02	-2.892413927642721464e-04
2.160526315789473699e+02	-5.052971588604546031e-03
2.165789473684210407e+02	4.415131925856384532e-02
2.171052631578947398e+02	2.653918571657522957e-02
2.176315789473684106e+02	2.683084655599203908e-02
2.181578947368421098e+02	2.165411405179213516e-02
2.186842105263157805e+02	7.623786805860096986e-03
2.192105263157894797e+02	-5.104852462678352229e-03
2.197368421052631504e+02	-1.376879917501746750e-02
2.202631578947368496e+02	-2.367590569909999026e-02
2.207894736842105203e+02	-3.051672846960538227e-02
2.213157894736842195e+02	-2.273115717665525476e-02
2.218421052631578902e+02	-3.266437603476678164e-02
2.223684210526315894e+02	-3.580449363857644840e-02
2.228947368421052602e+02	-2.498806626440900486e-02
2.234210526315789593e+02	-2.533837978399798921e-02
2.239473684210526301e+02	-2.411437205477897500e-02
2.244736842105263008e+02	-2.696475753158531982e-02
2.250000000000000000e+02	-2.011927253386554953e-02
2.270000000000000000e+02	-3.180196456064168092e-02
2.290026431718061701e+02	-4.404978646063546777e-02
2.310052863436123403e+02	-3.332488620028466186e-02
2.330079295154185104e+02	-3.534476461359954691e-02
2.350105726872246805e+02	-3.273721402813477288e-02
2.370132158590308222e+02	-3.483699984927155630e-02
2.390158590308369924e+02	-3.236337210231725325e-02
2.410185022026431625e+02	-3.024311156470613909e-02
2.430211453744493326e+02	-3.286273964749271415e-02
2.450237885462555028e+02	-2.473056305180138664e-02
2.470264317180616729e+02	-3.011903622026441615e-02
2.490290748898678430e+02	-2.967832299486333758e-02
2.510317180616740131e+02	-4.005564419858369252e-02
2.530343612334801833e+02	-2.660089894787616080e-02
2.550370044052863534e+02	-2.448112144951306718e-02
2.570396475770925235e+02	-2.344887517029182328e-02
2.590422907488986652e+02	-2.611329437026281911e-02
2.610449339207048638e+02	-2.494939141727319648e-02
2.630475770925110055e+02	-3.128277829477481287e-02
2.650502202643172041e+02	-2.522800132490330902e-02
2.670528634361233458e+02	-2.598325721779738348e-02
2.690555066079294875e+02	-2.696507079417771388e-02
2.710581497797356860e+02	-2.296158647243406320e-02
2.730607929515418277e+02	-2.104887253779945747e-02
2.750634361233480263e+02	-2.397852449332564875e-02
2.770660792951541680e+02	-2.348673850540498181e-02
2.790687224669603665e+02	-2.679216695208523971e-02
2.810713656387665083e+02	-2.194238481542921601e-02
2.830740088105727068e+02	-2.527393312035281989e-02
2.850766519823788485e+02	-2.301363363636998310e-02
2.870792951541850471e+02	-2.141852498378999867e-02
2.890819383259911888e+02	-2.054483612552100019e-02
2.910845814977973305e+02	-2.263737579684744691e-02
2.930872246696035290e+02	-2.427019268851989681e-02
2.950898678414097276e+02	-2.133022049907656176e-02
2.970925110132158693e+02	-2.216797924854897045e-02
2.990951541850220110e+02	-2.253666417457127896e-02
3.010977973568282096e+02	-2.329884843313197867e-02
3.031004405286343513e+02	-2.383688734108858204e-02
3.051030837004405498e+02	-2.407166863382127417e-02
3.071057268722466915e+02	-2.374198045168349896e-02
3.091083700440528901e+02	-1.840652482282554431e-02
3.111110132158590318e+02	-2.188759757359875005e-02
3.131136563876651735e+02	-2.130846581534327072e-02
3.151162995594713720e+02	-2.092512437037214942e-02
3.171189427312775706e+02	-2.214477304153276288e-02
3.191215859030837123e+02	-2.213720263277140290e-02
3.211242290748898540e+02	-2.044557872911555857e-02
3.231268722466960526e+02	-2.116650409095349045e-02
3.251295154185021943e+02	-1.981358704352630812e-02
3.271321585903083928e+02	-2.134246629224152009e-02
3.291348017621145345e+02	-1.883949990380219194e-02
3.311374449339207331e+02	-1.829050438157534680e-02
3.331400881057268748e+02	-2.029893409327144377e-02
3.351427312775330165e+02	-2.055063111728421335e-02
3.371453744493392151e+02	-2.079266332436357015e-02
3.391480176211454136e+02	-2.009219429029707876e-02
3.411506607929515553e+02	-1.873121807964685942e-02
3.431533039647576970e+02	-2.008236448830603288e-02
3.451559471365638956e+02	-1.939156322762012469e-02
3.471585903083700373e+02	-1.850336963422415798e-02
3.491612334801762358e+02	-2.061943731501594129e-02
3.511638766519823776e+02	-2.081377063168392619e-02
3.531665198237885761e+02	-1.941992461882054849e-02
3.551691629955947178e+02	-1.930648286698056354e-02
3.571718061674008595e+02	-1.978619085570173380e-02
3.591744493392070581e+02	-2.002322680645173339e-02
3.611770925110132566e+02	-1.917918124861721710e-02
3.631797356828193983e+02	-1.690245999166322538e-02
3.651823788546255400e+02	-1.805411395593252769e-02
3.671850220264317386e+02	-1.254865490683885511e-02
3.691876651982378803e+02	-1.681157600845808314e-02
3.711903083700440220e+02	-2.031601372874313610e-02
3.731929515418502206e+02	-1.604342983381604887e-02
3.751955947136564191e+02	-1.720217639437588569e-02
3.771982378854625608e+02	-1.902046040247066389e-02
3.792008810572687025e+02	-1.694725427095460785e-02
3.812035242290749011e+02	-1.721119921199264560e-02
3.832061674008810996e+02	-1.557580418415309073e-02
3.852088105726872413e+02	-1.773022706356195549e-02
3.872114537444933831e+02	-1.566910388204154764e-02
3.892140969162995816e+02	-1.554357688362571245e-02
3.912167400881057233e+02	-1.610981756578413332e-02
3.932193832599118650e+02	-1.500086130974143638e-02
3.952220264317180636e+02	-1.509013249997353569e-02
3.972246696035242621e+02	-1.437790174379979802e-02
3.992273127753304038e+02	-1.620811108375379977e-02
4.012299559471365455e+02	-1.646432170323269134e-02
4.032325991189427441e+02	-1.483118422100568670e-02
4.052352422907489427e+02	-1.395555649078831020e-02
4.072378854625550844e+02	-1.398295150449871058e-02
4.092405286343612261e+02	-1.521034120382291389e-02
4.112431718061674246e+02	-1.699688551001083542e-02
4.132458149779735663e+02	-1.657454248242070521e-02
4.152484581497797080e+02	-1.446684877113446101e-02
4.172511013215859066e+02	-1.318950592238643006e-02
4.192537444933921051e+02	-1.485326026589967562e-02
4.212563876651982469e+02	-1.461380762573436833e-02
4.232590308370043886e+02	-1.553423110130781534e-02
4.252616740088105871e+02	-1.477639655815889651e-02
4.272643171806167857e+02	-1.263889421458889648e-02
4.292669603524229274e+02	-1.350469277556241507e-02
4.312696035242290691e+02	-1.468905933633292069e-02
4.332722466960352676e+02	-1.334307038086985329e-02
4.352748898678414093e+02	-1.238767921623843207e-02
4.372775330396475510e+02	-1.330600778186008006e-02
4.392801762114537496e+02	-1.304593132117209432e-02
4.412828193832599482e+02	-1.289865023378307732e-02
4.432854625550660899e+02	-1.357478767467340010e-02
4.452881057268722316e+02	-1.427525624999743080e-02
4.472907488986784301e+02	-1.279052544716857177e-02
4.492933920704846287e+02	-1.284531334268343428e-02
4.512960352422907704e+02	-1.360201889856491389e-02
4.532986784140969121e+02	-1.528188778438246617e-02
4.553013215859031106e+02	-1.320142982098008490e-02
4.573039647577092524e+02	-1.397440946239524896e-02
4.593066079295153941e+02	-1.562382260112691636e-02
4.613092511013215926e+02	-1.398520762369317647e-02
4.633118942731277912e+02	-1.432955788094643704e-02
4.653145374449339329e+02	-1.348116516858257306e-02
4.673171806167400746e+02	-1.425124623736599358e-02
4.693198237885462731e+02	-1.374075987955233891e-02
4.713224669603524717e+02	-1.312891687698988785e-02
4.733251101321585566e+02	-1.150641389656415457e-02
4.753277533039647551e+02	-1.388691325053834948e-02
4.773303964757709537e+02	-1.264099032162302981e-02
4.793330396475770954e+02	-1.428170175260027805e-02
4.813356828193832371e+02	-1.336514545937480744e-02
4.833383259911894356e+02	-1.192198948984976928e-02
4.853409691629955773e+02	-1.053636079505218884e-02
4.873436123348017759e+02	-1.176133507865184148e-02
4.893462555066079176e+02	-1.181257657608399472e-02
4.913488986784141161e+02	-1.129016596964779393e-02
4.933515418502202579e+02	-1.258926462632762103e-02
4.953541850220264564e+02	-1.071570675649889323e-02
4.973568281938325981e+02	-1.140344686129416210e-02
4.993594713656387967e+02	-1.284837536002402837e-02
5.013621145374449384e+02	-1.041824468236974242e-02
5.033647577092511369e+02	-1.204961148051605577e-02
5.053674008810572786e+02	-1.067364918043029430e-02
5.073700440528634203e+02	-1.085299697609700201e-02
5.093726872246696189e+02	-1.100059993710619452e-02
5.113753303964757606e+02	-1.135349320720053026e-02
5.133779735682819592e+02	-1.050751642636858427e-02
5.153806167400880440e+02	-1.017766560554050556e-02
5.173832599118943563e+02	-1.151479231609087509e-02
5.193859030837004411e+02	-1.094935800137915652e-02
5.213885462555066397e+02	-1.182949615685567266e-02
5.233911894273128382e+02	-9.673785389004565388e-03
5.253938325991189231e+02	-1.132867709383008140e-02
5.273964757709251217e+02	-1.001056499020955629e-02
5.293991189427313202e+02	-1.029626267360361259e-02
5.314017621145374051e+02	-9.908886113778764618e-03
5.334044052863436036e+02	-1.165433828328609964e-02
5.354070484581498022e+02	-1.201915583191028383e-02
5.374096916299558870e+02	-9.087402321993367366e-03
5.394123348017621993e+02	-9.458342833728487081e-03
5.414149779735682841e+02	-9.378740783061851466e-03
5.434176211453744827e+02	-1.229953738445121667e-02
5.454202643171806812e+02	-1.109921671158597620e-02
5.474229074889867661e+02	-1.051702406925913470e-02
5.494255506607929647e+02	-1.207909861477223824e-02
5.514281938325991632e+02	-1.250643830107157038e-02
5.534308370044052481e+02	-1.017605329326054173e-02
5.554334801762114466e+02	-1.028884969907498462e-02
5.574361233480176452e+02	-9.458665481092840693e-03
5.594387665198237301e+02	-9.046152047982407990e-03
5.614414096916300423e+02	-1.339995098685459705e-02
5.634440528634361272e+02	-1.027676527494511896e-02
5.654466960352423257e+02	-1.181982818726455206e-02
5.674493392070485243e+02	-1.030705982885900610e-02
5.694519823788546091e+02	-9.723577462304728095e-03
5.714546255506608077e+02	-9.240645543146044222e-03
5.734572687224670062e+02	-1.063126953423175133e-02
5.754599118942730911e+02	-9.965444991631603605e-03
5.774625550660792896e+02	-1.075164108823599071e-02
5.794651982378854882e+02	-9.729700217569598603e-03
5.814678414096915731e+02	-1.021102111324754744e-02
5.834704845814978853e+02	-9.753387545137975206e-03
5.854731277533039702e+02	-1.066220929353133874e-02
5.874757709251101687e+02	-9.624315374681762653e-03
5.894784140969163673e+02	-1.002490561248834192e-02
5.914810572687224521e+02	-1.100833539338408676e-02
5.934837004405286507e+02	-9.536655955523994782e-03
5.954863436123348492e+02	-8.006324614365085274e-03
5.974889867841409341e+02	-8.519229895739142272e-03
5.994916299559471327e+02	-1.136477193827502633e-02
6.014942731277533312e+02	-8.445426936973591397e-03
6.034969162995594161e+02	-8.911117791099636837e-03
6.054995594713657283e+02	-1.046304152966776382e-02
6.075022026431718132e+02	-9.325887296718685798e-03
6.095048458149780117e+02	-8.989107329559892917e-03
6.115074889867842103e+02	-8.849562614621313966e-03
6.135101321585902951e+02	-8.701958695114770520e-03
6.155127753303964937e+02	-9.912592528771963299e-03
6.175154185022026923e+02	-1.050671030036190098e-02
6.195180616740087771e+02	-8.402402231828082560e-03
6.215207048458149757e+02	-9.777719232271825725e-03
6.235233480176211742e+02	-1.118188063871102325e-02
6.255259911894272591e+02	-8.938510431672815754e-03
6.275286343612335713e+02	-9.578713981748648507e-03
6.295312775330396562e+02	-9.836858135890785143e-03
6.315339207048458547e+02	-9.766279270564972442e-03
6.335365638766520533e+02	-8.744983207291884622e-03
6.355392070484581382e+02	-9.371327406451340075e-03
6.375418502202643367e+02	-8.140874189139318123e-03
6.395444933920705353e+02	-8.622356911304220745e-03
6.415471365638766201e+02	-9.068065858963508113e-03
6.435497797356828187e+02	-9.331527543095557292e-03
6.455524229074890172e+02	-8.595446586939451544e-03
6.475550660792951021e+02	-8.125083141156059022e-03
6.495577092511014143e+02	-1.042904122863447594e-02
6.515603524229074992e+02	-9.875853065275854575e-03
6.535629955947136978e+02	-1.115206971412839240e-02
6.555656387665198963e+02	-8.879211855123834291e-03
6.575682819383259812e+02	-9.721965885432965609e-03
6.595709251101321797e+02	-9.382125126173441326e-03
6.615735682819383783e+02	-8.225151233967855496e-03
6.635762114537444631e+02	-7.729326968540293878e-03
6.655788546255506617e+02	-8.359057210256709211e-03
6.675814977973568602e+02	-8.012125737274066600e-03
6.695841409691629451e+02	-9.559538406580383313e-03
6.715867841409692574e+02	-8.347937750226779724e-03
6.735894273127753422e+02	-8.491350955302828102e-03
6.755920704845815408e+02	-8.230467516211429496e-03
6.775947136563877393e+02	-6.853701567165568220e-03
6.795973568281938242e+02	-9.263365123639250714e-03
6.816000000000000227e+02	-8.762869889961683728e-03
6.836026431718062213e+02	-9.061297857833211858e-03
6.856052863436123062e+02	-9.476068018022257983e-03
6.876079295154185047e+02	-7.974419322338716434e-03
6.896105726872247033e+02	-7.879991558699167911e-03
6.916132158590307881e+02	-7.189190637315959372e-03
6.936158590308371004e+02	-9.196331654645357317e-03
6.956185022026431852e+02	-6.310180145162022462e-03
6.976211453744492701e+02	-7.921082008106764688e-03
6.996237885462555823e+02	-8.414649058826767850e-03
7.016264317180616672e+02	-7.338244759039211536e-03
7.036290748898678657e+02	-7.129086640507023911e-03
7.056317180616740643e+02	-7.954115294452385534e-03
7.076343612334801492e+02	-7.028697290612849306e-03
7.096370044052863477e+02	-9.399527783446165116e-03
7.116396475770925463e+02	-8.380488189006513738e-03
7.136422907488986311e+02	-7.848731702021344986e-03
7.156449339207049434e+02	-6.156938111908991443e-03
7.176475770925110282e+02	-8.284610359588624046e-03
7.196502202643171131e+02	-8.858746758960003159e-03
7.216528634361234253e+02	-7.492292709795731094e-03
7.236555066079295102e+02	-8.365663267027371314e-03
7.256581497797357088e+02	-8.263985312930693244e-03
7.276607929515419073e+02	-8.749655840258972056e-03
7.296634361233479922e+02	-8.264629502961733792e-03
7.316660792951541907e+02	-9.352313564552443975e-03
7.336687224669603893e+02	-9.209384475798259445e-03
7.356713656387664741e+02	-9.221952431039699000e-03
7.376740088105727864e+02	-9.051468420999759373e-03
7.396766519823788713e+02	-8.041936217813776960e-03
7.416792951541850698e+02	-6.900269711024179312e-03
7.436819383259911547e+02	-7.362253875183891530e-03
7.456845814977973532e+02	-8.965098609277490777e-03
7.476872246696035518e+02	-1.051138239251455872e-02
7.496898678414097503e+02	-8.120087668407136722e-03
7.516925110132158352e+02	-6.696107431865880484e-03
7.536951541850220337e+02	-8.169235008553992969e-03
7.556977973568282323e+02	-8.909183062196384534e-03
7.577004405286344308e+02	-8.228857446532126391e-03
7.597030837004405157e+02	-7.847119439007904304e-03
7.617057268722467143e+02	-6.734619129149218945e-03
7.637083700440529128e+02	-7.338082588191482611e-03
7.657110132158589977e+02	-8.755779376825095425e-03
7.677136563876651962e+02	-7.690170263329344953e-03
7.697162995594713948e+02	-7.911413357237499083e-03
7.717189427312775933e+02	-7.057541516342194336e-03
7.737215859030836782e+02	-7.321646761114862338e-03
7.757242290748898768e+02	-7.280234045445846749e-03
7.777268722466960753e+02	-7.939290549079675713e-03
7.797295154185022739e+02	-7.057863099016512161e-03
7.817321585903083587e+02	-9.565661889707916324e-03
7.837348017621145573e+02	-7.304081943755150012e-03
7.857374449339207558e+02	-8.409652963642568618e-03
7.877400881057268407e+02	-7.662615559923461120e-03
7.897427312775330392e+02	-6.162900076927336698e-03
7.917453744493392378e+02	-7.575278671965371760e-03
7.937480176211454364e+02	-7.696938640483300467e-03
7.957506607929515212e+02	-7.603961404983003089e-03
7.977533039647577198e+02	-8.772698692069263657e-03
7.997559471365639183e+02	-6.929919039086521008e-03
8.017585903083701169e+02	-7.845023976904123147e-03
8.037612334801762017e+02	-8.465407570711919877e-03
8.057638766519824003e+02	-6.708031680525407443e-03
8.077665198237885988e+02	-7.489875102539208900e-03
8.097691629955946837e+02	-7.799100230926553703e-03
8.117718061674008823e+02	-7.090252713442385044e-03
8.137744493392070808e+02	-6.035117502331920417e-03
8.157770925110132794e+02	-8.016475941905371744e-03
8.177797356828193642e+02	-7.735934099400251784e-03
8.197823788546255628e+02	-8.762869439115066744e-03
8.217850220264317613e+02	-8.249804210289441581e-03
8.237876651982379599e+02	-7.639894930894499010e-03
8.257903083700440448e+02	-8.627835594036398562e-03
8.277929515418502433e+02	-7.881602949749714343e-03
8.297955947136564419e+02	-8.598347674839672966e-03
8.317982378854625267e+02	-7.581401923587456279e-03
8.338008810572687253e+02	-9.392276433710161285e-03
8.358035242290749238e+02	-7.986665503406492270e-03
8.378061674008811224e+02	-7.634900222019844369e-03
8.398088105726872072e+02	-7.450879760280418145e-03
8.418114537444934058e+02	-8.618972952859576750e-03
8.438140969162996043e+02	-7.636673432563507655e-03
8.458167400881058029e+02	-9.131877127704021019e-03
8.478193832599118878e+02	-8.771732159470777695e-03
8.498220264317180863e+02	-7.805706678805393768e-03
8.518246696035242849e+02	-7.875479771686334091e-03
8.538273127753303697e+02	-8.503758737398964956e-03
8.558299559471365683e+02	-7.815053807818442971e-03
8.578325991189427668e+02	-7.777024758794257031e-03
8.598352422907489654e+02	-5.914746645527933430e-03
8.618378854625550503e+02	-5.362847576239124572e-03
8.638405286343612488e+02	-8.786234083641295683e-03
8.658431718061674474e+02	-9.075961633573544768e-03
8.678458149779735322e+02	-9.629310952649679928e-03
8.698484581497797308e+02	-9.040833424616260411e-03
8.718511013215859293e+02	-6.864819819063746817e-03
8.738537444933921279e+02	-8.003263096204988464e-03
8.758563876651982127e+02	-8.763835928606713427e-03
8.778590308370044113e+02	-7.610084200593817197e-03
8.798616740088106098e+02	-6.307763712505650919e-03
8.818643171806168084e+02	-8.348260198584029138e-03
8.838669603524228933e+02	-6.180625295330024679e-03
8.858696035242290918e+02	-7.680662949209385131e-03
8.878722466960352904e+02	-7.990049242424215187e-03
8.898748898678413752e+02	-8.494573912622645911e-03
8.918775330396475738e+02	-7.223997370929271904e-03
8.938801762114537723e+02	-6.984706501167075102e-03
8.958828193832599709e+02	-9.311224138480784021e-03
8.978854625550660558e+02	-8.019699088494586584e-03
8.998881057268722543e+02	-7.455713861750315301e-03
9.018907488986784529e+02	-8.151832087070692151e-03
9.038933920704846514e+02	-6.835008889458852113e-03
9.058960352422907363e+02	-8.312487904269191125e-03
9.078986784140969348e+02	-7.413173737718563652e-03
9.099013215859031334e+02	-7.715147593450691690e-03
9.119039647577092182e+02	-7.534511834416376952e-03
9.139066079295154168e+02	-7.037721427571949455e-03
9.159092511013216154e+02	-8.414165398233369383e-03
9.179118942731278139e+02	-6.719150215096056540e-03
9.199145374449338988e+02	-7.443950580211457398e-03
9.219171806167400973e+02	-5.990804546425596358e-03
9.239198237885462959e+02	-5.504649374491641170e-03
9.259224669603524944e+02	-8.591096485144413680e-03
9.279251101321585793e+02	-8.212743010192525422e-03
9.299277533039647778e+02	-6.552855257070053403e-03
9.319303964757709764e+02	-7.374661841864730075e-03
9.339330396475770613e+02	-9.655093530475538505e-03
9.359356828193832598e+02	-7.589298407984871112e-03
9.379383259911894584e+02	-7.242688749406625895e-03
9.399409691629956569e+02	-7.686141457596379692e-03
9.419436123348017418e+02	-7.245588923551609176e-03
9.439462555066079403e+02	-7.043359594519198533e-03
9.459488986784141389e+02	-7.632966407250138703e-03
9.479515418502203374e+02	-6.786989714113335521e-03
9.499541850220264223e+02	-7.946219454567252788e-03
9.519568281938326209e+02	-7.716274894479140459e-03
9.539594713656388194e+02	-6.379147621786268249e-03
9.559621145374449043e+02	-6.712543443987179989e-03
9.579647577092511028e+02	-8.247549558808225240e-03
9.599674008810573014e+02	-7.699999685889383390e-03
9.619700440528634999e+02	-7.949442170823545553e-03
9.639726872246695848e+02	-8.291861920682232906e-03
9.659753303964757833e+02	-7.981187852825416887e-03
9.679779735682819819e+02	-6.253137531070688052e-03
9.699806167400881804e+02	-5.571361411450962212e-03
9.719832599118942653e+02	-6.743804336348605162e-03
9.739859030837004639e+02	-6.864175107665651705e-03
9.759885462555066624e+02	-6.336768719625426524e-03
9.779911894273127473e+02	-6.623433949597470720e-03
9.799938325991189458e+02	-8.027756242708721651e-03
9.819964757709251444e+02	-7.430576366903816725e-03
9.839991189427313429e+02	-6.651633717363133851e-03
9.860017621145374278e+02	-7.682275025997517201e-03
9.880044052863436264e+02	-6.124549604420768609e-03
9.900070484581498249e+02	-4.377001923297362332e-03
9.920096916299560235e+02	-6.531907298757686116e-03
9.940123348017621083e+02	-7.601866800547083143e-03
9.960149779735683069e+02	-7.288936066115752829e-03
9.980176211453745054e+02	-6.822923041361293565e-03
1.000020264317180590e+03	-7.030630776198744554e-03
1.002022907488986789e+03	-6.659045479871753166e-03
1.004025550660792987e+03	-6.736069819751664030e-03
1.006028193832599186e+03	-7.029341093196880483e-03
1.008030837004405271e+03	-7.459420275485508130e-03
1.010033480176211469e+03	-6.331773908129520109e-03
1.012036123348017668e+03	-5.683997077710592830e-03
1.014038766519823866e+03	-8.155377302675185375e-03
1.016041409691629951e+03	-5.797276681199945922e-03
1.018044052863436150e+03	-6.708192545306311365e-03
1.020046696035242348e+03	-6.315498673565354652e-03
1.022049339207048433e+03	-7.151645340805176491e-03
1.024051982378854518e+03	-6.542220151863916908e-03
1.026054625550660830e+03	-4.739241037224750999e-03
1.028057268722467143e+03	-6.630523584403589903e-03
1.030059911894273228e+03	-7.682918922090488552e-03
1.032062555066079312e+03	-6.140824055812123608e-03
1.034065198237885397e+03	-7.419618587810357033e-03
1.036067841409691709e+03	-6.302284742766475940e-03
1.038070484581497794e+03	-7.082033988927108337e-03
1.040073127753304107e+03	-7.204982721257009379e-03
1.042075770925110191e+03	-7.496481754021291737e-03
1.044078414096916276e+03	-7.354358393523749253e-03
1.046081057268722361e+03	-6.975037450989959691e-03
1.048083700440528673e+03	-8.246420562131078630e-03
1.050086343612334986e+03	-6.325327768578045337e-03
1.052088986784141071e+03	-8.292184624211242777e-03
1.054091629955947155e+03	-5.964539448506325434e-03
1.056094273127753240e+03	-6.830013544344442147e-03
1.058096916299559552e+03	-8.267530633419586245e-03
1.060099559471365637e+03	-7.457969894091506617e-03
1.062102202643171950e+03	-8.156183639117454282e-03
1.064104845814978034e+03	-5.151273399146482843e-03
1.066107488986784119e+03	-5.935050337370314719e-03
1.068110132158590204e+03	-6.214464522304183683e-03
1.070112775330396516e+03	-4.406168725153524271e-03
1.072115418502202829e+03	-5.858187672503590085e-03
1.074118061674008914e+03	-7.556909142934603932e-03
1.076120704845814998e+03	-6.885123419482427898e-03
1.078123348017621083e+03	-7.612824199337943527e-03
1.080125991189427396e+03	-7.457487096352325047e-03
1.082128634361233480e+03	-9.377451135779018426e-03
1.084131277533039793e+03	-6.595234159040684434e-03
1.086133920704845877e+03	-6.971814729645112348e-03
1.088136563876651962e+03	-6.116169574631366221e-03
1.090139207048458047e+03	-5.958898941465414975e-03
1.092141850220264359e+03	-5.526402740504090041e-03
1.094144493392070672e+03	-6.337734630226668844e-03
1.096147136563876757e+03	-7.601383500936339903e-03
1.098149779735682841e+03	-6.699330017677135665e-03
1.100152422907488926e+03	-7.019673559157795298e-03
1.102155066079295239e+03	-6.480020825740731398e-03
1.104157709251101323e+03	-6.917995078501039570e-03
1.106160352422907636e+03	-5.673522880235827223e-03
1.108162995594713720e+03	-7.274756266774343345e-03
1.110165638766519805e+03	-6.617472602049143289e-03
1.112168281938325890e+03	-7.393676165906401532e-03
1.114170925110132202e+03	-5.972757052256952651e-03
1.116173568281938515e+03	-5.749096284737345228e-03
1.118176211453744600e+03	-5.646611886643035198e-03
1.120178854625550684e+03	-6.702391489046147580e-03
1.122181497797356769e+03	-4.821100428099136040e-03
1.124184140969163082e+03	-6.715283530483631691e-03
1.126186784140969166e+03	-5.917647482142693663e-03
1.128189427312775479e+03	-6.454239192972968837e-03
1.130192070484581564e+03	-6.841132148084757766e-03
1.132194713656387648e+03	-8.443332109120241930e-03
1.134197356828193733e+03	-7.376595651781561562e-03
1.136200000000000045e+03	-6.525945916940198259e-03
1.138202643171806358e+03	-6.005629566756211582e-03
1.140205286343612443e+03	-6.976166064079842785e-03
1.142207929515418527e+03	-6.150331548040824728e-03
1.144210572687224612e+03	-7.052707675163236156e-03
1.146213215859030697e+03	-6.569130564837858191e-03
1.148215859030837009e+03	-4.978855629029313792e-03
1.150218502202643322e+03	-7.374984889859841422e-03
1.152221145374449407e+03	-6.884317747363452415e-03
1.154223788546255491e+03	-6.862403738795127932e-03
1.156226431718061576e+03	-7.193864987970996147e-03
1.158229074889867888e+03	-5.956803721612455652e-03
1.160231718061674201e+03	-6.846127640722008030e-03
1.162234361233480286e+03	-3.731481826560043534e-03
1.164237004405286370e+03	-4.418093165857913882e-03
1.166239647577092455e+03	-5.257302009148036651e-03
1.168242290748898540e+03	-6.183364989134463793e-03
1.170244933920704852e+03	-6.017553123259489559e-03
1.172247577092511165e+03	-5.149178268223661079e-03
1.174250220264317250e+03	-6.284237968134878498e-03
1.176252863436123334e+03	-6.118103648084660326e-03
1.178255506607929419e+03	-5.216533748873144680e-03
1.180258149779735731e+03	-6.893663283050885209e-03
1.182260792951542044e+03	-6.435224629080733491e-03
1.184263436123348129e+03	-7.102498597801929110e-03
1.186266079295154213e+03	-7.344689984332954287e-03
1.188268722466960298e+03	-6.239602255956081325e-03
1.190271365638766383e+03	-7.366605040146276089e-03
1.192274008810572695e+03	-6.043819881750791059e-03
1.194276651982379008e+03	-5.361881371099773072e-03
1.196279295154185093e+03	-5.635977949114892929e-03
1.198281938325991177e+03	-5.314022955069332491e-03
1.200284581497797262e+03	-5.678518553439303521e-03
1.202287224669603575e+03	-6.080397180221642703e-03
1.204289867841409887e+03	-4.900542202483435320e-03
1.206292511013215972e+03	-6.898336445588222274e-03
1.208295154185022056e+03	-6.894307240619114603e-03
1.210297797356828141e+03	-5.816291627211858314e-03
1.212300440528634226e+03	-5.926187175355338184e-03
1.214303083700440538e+03	-7.374178119600502575e-03
1.216305726872246851e+03	-7.900938894222437128e-03
1.218308370044052936e+03	-6.882383056634147622e-03
1.220311013215859020e+03	-6.367545960239797027e-03
1.222313656387665105e+03	-5.300164363058289599e-03
1.224316299559471418e+03	-6.739453001284864860e-03
1.226318942731277730e+03	-5.984358289009309058e-03
1.228321585903083815e+03	-7.135210014552620730e-03
1.230324229074889899e+03	-8.150382580215938949e-03
1.232326872246695984e+03	-6.941360858870001746e-03
1.234329515418502069e+03	-4.141901287720387362e-03
1.236332158590308381e+03	-4.799185684158333368e-03
1.238334801762114694e+03	-5.556375614913225056e-03
1.240337444933920779e+03	-5.645000969597158483e-03
1.242340088105726863e+03	-6.146948260415787194e-03
1.244342731277532948e+03	-5.297586003819321557e-03
1.246345374449339261e+03	-5.820158112390458674e-03
1.248348017621145573e+03	-4.874114493447221155e-03
1.250350660792951658e+03	-6.386882743486440792e-03
1.252353303964757743e+03	-7.170177400116631468e-03
1.254355947136563827e+03	-8.239653285611419492e-03
1.256358590308370140e+03	-7.544985488568948032e-03
1.258361233480176224e+03	-4.451126207955092076e-03
1.260363876651982309e+03	-4.920682974628163772e-03
1.262366519823788622e+03	-6.082008503541033381e-03
1.264369162995594706e+03	-6.431518569327462562e-03
1.266371806167401019e+03	-4.767602327093364671e-03
1.268374449339207104e+03	-4.926646124084178499e-03
1.270377092511013188e+03	-4.743109193883812344e-03
1.272379735682819501e+03	-5.866244229753495368e-03
1.274382378854625586e+03	-5.793087897012614076e-03
1.276385022026431670e+03	-7.305694555702427380e-03
1.278387665198237983e+03	-6.051554133208699934e-03
1.280390308370044067e+03	-7.095086136564667141e-03
1.282392951541850152e+03	-5.605522415925786803e-03
1.284395594713656465e+03	-5.524147494250089725e-03
1.286398237885462549e+03	-5.038797913473893123e-03
1.288400881057268862e+03	-5.037992804837633856e-03
1.290403524229074947e+03	-6.211564129060742276e-03
1.292406167400881031e+03	-5.294202515214342999e-03
1.294408810572687344e+03	-6.381404072046528708e-03
1.296411453744493429e+03	-5.727987297867190471e-03
1.298414096916299513e+03	-5.846101901147560467e-03
1.300416740088105826e+03	-5.558147380141544372e-03
1.302419383259911910e+03	-5.203643349854692943e-03
1.304422026431717995e+03	-5.970178878329315993e-03
1.306424669603524308e+03	-3.410494424502695607e-03
1.308427312775330392e+03	-5.288563215778139745e-03
1.310429955947136705e+03	-3.926620967848114610e-03
1.312432599118942790e+03	-4.350576414528914762e-03
1.314435242290748874e+03	-5.750546608108685412e-03
1.316437885462555187e+03	-7.540472829065130236e-03
1.318440528634361272e+03	-6.373508331305686829e-03
1.320443171806167356e+03	-7.455876045644141414e-03
1.322445814977973669e+03	-5.529142987298630782e-03
1.324448458149779754e+03	-6.232834773797149217e-03
1.326451101321585838e+03	-7.219646439671681577e-03
1.328453744493392151e+03	-7.478757129106878773e-03
1.330456387665198235e+03	-6.562524159434054635e-03
1.332459030837004548e+03	-5.788736965060567105e-03
1.334461674008810633e+03	-6.514020838598382282e-03
1.336464317180616717e+03	-5.721380579187437462e-03
1.338466960352423030e+03	-5.771494938110131520e-03
1.340469603524229115e+03	-5.461626014868990395e-03
1.342472246696035199e+03	-7.053190190954830921e-03
1.344474889867841512e+03	-5.301131454285968811e-03
1.346477533039647597e+03	-4.726673818560388554e-03
1.348480176211453681e+03	-5.164970028912351310e-03
1.350482819383259994e+03	-4.695574254838527986e-03
1.352485462555066078e+03	-4.208935302506619167e-03
1.354488105726872391e+03	-6.098284299759756770e-03
1.356490748898678476e+03	-5.916842624395903319e-03
1.358493392070484560e+03	-6.180787069376450851e-03
1.360496035242290873e+03	-5.282601338897295259e-03
1.362498678414096958e+03	-3.294957702795032941e-03
1.364501321585903042e+03	-3.410816089257297408e-03
1.366503964757709355e+03	-4.656255496586570244e-03
1.368506607929515440e+03	-4.568757185133573082e-03
1.370509251101321524e+03	-6.337090740529885760e-03
1.372511894273127837e+03	-5.170609351559466056e-03
1.374514537444933922e+03	-4.970636024678133300e-03
1.376517180616740234e+03	-5.251661581297620632e-03
1.378519823788546319e+03	-4.991906426594241650e-03
1.380522466960352403e+03	-6.951511789598854678e-03
1.382525110132158716e+03	-5.435359838316352818e-03
1.384527753303964801e+03	-5.544611978973211161e-03
1.386530396475770885e+03	-5.509483338175904729e-03
1.388533039647577198e+03	-5.954387197302955445e-03
1.390535682819383283e+03	-5.175282435533145806e-03
1.392538325991189367e+03	-5.834822042631684566e-03
1.394540969162995680e+03	-5.653702183073630941e-03
1.396543612334801765e+03	-5.771172740081985039e-03
1.398546255506608077e+03	-5.079082819475369895e-03
1.400548898678414162e+03	-6.229772685554727310e-03
1.402551541850220246e+03	-4.737791388634690279e-03
1.404554185022026559e+03	-6.758467678079795211e-03
1.406556828193832644e+03	-6.356910096886593704e-03
1.408559471365638728e+03	-5.897988757622906961e-03
1.410562114537445041e+03	-5.839495410424831376e-03
1.412564757709251126e+03	-5.873818656471017571e-03
1.414567400881057210e+03	-7.531126952440988891e-03
1.416570044052863523e+03	-5.114372777514744270e-03
1.418572687224669608e+03	-6.223649699739894001e-03
1.420575330396475920e+03	-4.928740685830114085e-03
1.422577973568282005e+03	-4.205712997846290310e-03
1.424580616740088090e+03	-6.283109342214235511e-03
1.426583259911894402e+03	-5.650318970674131011e-03
1.428585903083700487e+03	-6.406219490393647020e-03
1.430588546255506571e+03	-5.644517450426675062e-03
1.432591189427312884e+03	-5.351567691134926849e-03
1.434593832599118969e+03	-5.528175562953685160e-03
1.436596475770925053e+03	-4.820939115409558426e-03
1.438599118942731366e+03	-6.183687556131553346e-03
1.440601762114537451e+03	-4.738757891191316615e-03
1.442604405286343763e+03	-4.767280087259196872e-03
1.444607048458149848e+03	-6.042852234209682497e-03
1.446609691629955933e+03	-4.814009724850279795e-03
1.448612334801762245e+03	-4.367655900851566755e-03
1.450614977973568330e+03	-4.393116153833967127e-03
1.452617621145374414e+03	-7.265732330730069639e-03
1.454620264317180727e+03	-5.148372720180106540e-03
1.456622907488986812e+03	-4.483032269577481507e-03
1.458625550660792896e+03	-4.584871173622354253e-03
1.460628193832599209e+03	-4.675431050616919368e-03
1.462630837004405294e+03	-7.393998411278693110e-03
1.464633480176211606e+03	-5.312734122298835501e-03
1.466636123348017691e+03	-4.374102157084139471e-03
1.468638766519823776e+03	-5.056040716296584039e-03
1.470641409691630088e+03	-5.058295670154642695e-03
1.472644052863436173e+03	-5.814357878435918656e-03
1.474646696035242257e+03	-6.480826232082530572e-03
1.476649339207048570e+03	-5.548478749880738151e-03
1.478651982378854655e+03	-7.529031931853611033e-03
1.480654625550660739e+03	-5.202353332595754595e-03
1.482657268722467052e+03	-6.106179636753491721e-03
1.484659911894273137e+03	-5.525113744471553748e-03
1.486662555066079449e+03	-5.413928654839963647e-03
1.488665198237885534e+03	-6.872876848619255581e-03
1.490667841409691619e+03	-6.658562077293715513e-03
1.492670484581497931e+03	-5.725570221334642593e-03
1.494673127753304016e+03	-5.495464265149465136e-03
1.496675770925110101e+03	-6.160644271758055138e-03
1.498678414096916413e+03	-5.743940001443516644e-03
1.500681057268722498e+03	-5.944074035832644723e-03
1.502683700440528582e+03	-5.267937138700903507e-03
1.504686343612334895e+03	-3.581784198791502973e-03
1.506688986784140980e+03	-5.237482315237426342e-03
1.508691629955947064e+03	-6.869009261986707207e-03
1.510694273127753377e+03	-4.012346067992525640e-03
1.512696916299559462e+03	-5.400715036198275656e-03
1.514699559471365774e+03	-5.652413702456696339e-03
1.516702202643171859e+03	-4.287892997766187993e-03
1.518704845814977944e+03	-4.673175184533631329e-03
1.520707488986784256e+03	-6.943293800997134627e-03
1.522710132158590341e+03	-4.361855730118180743e-03
1.524712775330396425e+03	-4.943082195228284612e-03
1.526715418502202738e+03	-3.667509660808941641e-03
1.528718061674008823e+03	-4.772919837662091200e-03
1.530720704845814907e+03	-6.081364686997861937e-03
1.532723348017621220e+03	-5.058940833096861947e-03
1.534725991189427305e+03	-4.557961623831588080e-03
1.536728634361233617e+03	-4.166878305919866424e-03
1.538731277533039702e+03	-3.438531998984940222e-03
1.540733920704845787e+03	-4.255343068453322844e-03
1.542736563876652099e+03	-5.462592623446024462e-03
1.544739207048458184e+03	-6.402190827090345308e-03
1.546741850220264269e+03	-5.789380675352407898e-03
1.548744493392070581e+03	-4.309646388932189716e-03
1.550747136563876666e+03	-3.330408462204327742e-03
1.552749779735682750e+03	-4.028299435014559907e-03
1.554752422907489063e+03	-4.596794788455063792e-03
1.556755066079295148e+03	-5.450345893160677899e-03
1.558757709251101460e+03	-6.111013557472943017e-03
1.560760352422907545e+03	-4.629666785870659509e-03
1.562762995594713630e+03	-4.945821519067064923e-03
1.564765638766519942e+03	-4.505913782883055538e-03
1.566768281938326027e+03	-5.302259221937109454e-03
1.568770925110132112e+03	-7.348557594553125835e-03
1.570773568281938424e+03	-4.020886655594221697e-03
1.572776211453744509e+03	-4.815138708442098445e-03
1.574778854625550593e+03	-4.767924276040788958e-03
1.576781497797356906e+03	-4.561666668610865269e-03
1.578784140969162991e+03	-4.683326654418661431e-03
1.580786784140969303e+03	-5.257785214679375034e-03
1.582789427312775388e+03	-5.420212976538077605e-03
1.584792070484581473e+03	-5.990965960954238931e-03
1.586794713656387785e+03	-5.801950685490839602e-03
1.588797356828193870e+03	-5.352373652195175149e-03
1.590799999999999955e+03	-5.589569041568367633e-03
1.592802643171806267e+03	-6.411859192977360442e-03
1.594805286343612352e+03	-6.021743744330400674e-03
1.596807929515418436e+03	-4.904247550158348165e-03
1.598810572687224749e+03	-4.663023521803652885e-03
1.600813215859030834e+03	-5.025262331788094353e-03
1.602815859030837146e+03	-5.099869119573793505e-03
1.604818502202643231e+03	-5.108249045788137641e-03
1.606821145374449316e+03	-3.838961338176435749e-03
1.608823788546255628e+03	-6.478247913079579305e-03
1.610826431718061713e+03	-3.727453484770969824e-03
1.612829074889867798e+03	-5.077632336851491471e-03
1.614831718061674110e+03	-5.134675388958022044e-03
1.616834361233480195e+03	-6.268929840122808468e-03
1.618837004405286280e+03	-5.912330412556429486e-03
1.620839647577092592e+03	-4.385059639504576209e-03
1.622842290748898677e+03	-4.361533189585766260e-03
1.624844933920704989e+03	-5.740878808639706884e-03
1.626847577092511074e+03	-3.633671464724665210e-03
1.628850220264317159e+03	-4.758901161819509458e-03
1.630852863436123471e+03	-4.704113991477945969e-03
1.632855506607929556e+03	-4.803858846356904092e-03
1.634858149779735641e+03	-4.255504287406277827e-03
1.636860792951541953e+03	-2.773192056272823051e-03
1.638863436123348038e+03	-5.122751891149182266e-03
1.640866079295154123e+03	-3.938222546558975065e-03
1.642868722466960435e+03	-5.063291154591564522e-03
1.644871365638766520e+03	-3.817852200039774293e-03
1.646874008810572832e+03	-3.978668030611790321e-03
1.648876651982378917e+03	-3.959493244623345579e-03
1.650879295154185002e+03	-4.409391284462968290e-03
1.652881938325991314e+03	-3.710695549809193798e-03
1.654884581497797399e+03	-5.237160094545898273e-03
1.656887224669603484e+03	-5.176410939817835746e-03
1.658889867841409796e+03	-5.602299738534278692e-03
1.660892511013215881e+03	-3.889880820979561751e-03
1.662895154185021966e+03	-4.711687919295317814e-03
1.664897797356828278e+03	-4.718454920492587065e-03
1.666900440528634363e+03	-4.318993317003602325e-03
1.668903083700440675e+03	-6.150976441183684043e-03
1.670905726872246760e+03	-4.802246897170856302e-03
1.672908370044052845e+03	-6.885928473471167148e-03
1.674911013215859157e+03	-4.358954739316220177e-03
1.676913656387665242e+03	-4.758094860085141167e-03
1.678916299559471327e+03	-3.363279851279265230e-03
1.680918942731277639e+03	-4.725706391080065558e-03
1.682921585903083724e+03	-4.867347191093893480e-03
1.684924229074889809e+03	-4.695895600411335510e-03
1.686926872246696121e+03	-4.951784319730609049e-03
1.688929515418502206e+03	-4.309646238942832844e-03
1.690932158590308518e+03	-4.949205533117772074e-03
1.692934801762114603e+03	-3.415972738757890124e-03
1.694937444933920688e+03	-6.398323625140536590e-03
1.696940088105727000e+03	-5.010920998171694909e-03
1.698942731277533085e+03	-4.717165648598796793e-03
1.700945374449339170e+03	-4.301912359866674404e-03
1.702948017621145482e+03	-4.175740176964695335e-03
1.704950660792951567e+03	-4.716521470802191932e-03
1.706953303964757652e+03	-5.734916432682523116e-03
1.708955947136563964e+03	-3.237108699873461094e-03
1.710958590308370049e+03	-6.628106755812743049e-03
1.712961233480176361e+03	-4.465467664975396669e-03
1.714963876651982446e+03	-4.978371165929985562e-03
1.716966519823788531e+03	-4.509457628175709068e-03
1.718969162995594843e+03	-3.478010702297938683e-03
1.720971806167400928e+03	-4.657545091233351517e-03
1.722974449339207013e+03	-5.974368151172105082e-03
1.724977092511013325e+03	-5.858187348703988370e-03
1.726979735682819410e+03	-5.789380885770587307e-03
1.728982378854625495e+03	-4.125626469846124973e-03
1.730985022026431807e+03	-4.342680179644843944e-03
1.732987665198237892e+03	-3.960620789860628058e-03
1.734990308370044204e+03	-5.324658302353067404e-03
1.736992951541850289e+03	-4.839631294085841237e-03
1.738995594713656374e+03	-3.313166091228690602e-03
1.740998237885462686e+03	-5.226363815820643174e-03
1.743000881057268771e+03	-5.725893254051541217e-03
1.745003524229074856e+03	-4.766796931832914877e-03
1.747006167400881168e+03	-3.816079751487890144e-03
1.749008810572687253e+03	-5.288079700282810255e-03
1.751011453744493338e+03	-3.961587513650178735e-03
1.753014096916299650e+03	-4.992551814804765779e-03
1.755016740088105735e+03	-3.322189142628927030e-03
1.757019383259912047e+03	-5.063936089863765519e-03
1.759022026431718132e+03	-3.022633723789315639e-03
1.761024669603524217e+03	-4.308034963929704801e-03
1.763027312775330529e+03	-6.154037445506523388e-03
1.765029955947136614e+03	-3.726164514247341884e-03
1.767032599118942699e+03	-4.912143728158976583e-03
1.769035242290749011e+03	-5.235709537991609444e-03
1.771037885462555096e+03	-4.346869723705145891e-03
1.773040528634361181e+03	-6.534325767526423176e-03
1.775043171806167493e+03	-5.626631941213001628e-03
1.777045814977973578e+03	-5.598272026454501407e-03
1.779048458149779890e+03	-5.668527837416939205e-03
1.781051101321585975e+03	-6.091354860286278192e-03
1.783053744493392060e+03	-4.642075368463728993e-03
1.785056387665198372e+03	-4.739080885727528329e-03
1.787059030837004457e+03	-3.456095966299645075e-03
1.789061674008810542e+03	-1.569486581945167113e-03
1.791064317180616854e+03	-4.401495354038298738e-03
1.793066960352422939e+03	-3.480266503824938022e-03
1.795069603524229024e+03	-3.115933027649199320e-03
1.797072246696035336e+03	-4.988039449354433538e-03
1.799074889867841421e+03	-2.400156191768421966e-03
1.801077533039647733e+03	-4.960002155733425969e-03
1.803080176211453818e+03	-4.195239002150198335e-03
1.805082819383259903e+03	-4.124498975695124400e-03
1.807085462555066215e+03	-4.514292522082021322e-03
1.809088105726872300e+03	-2.387748027018544821e-03
1.811090748898678385e+03	-5.247472175608424924e-03
1.813093392070484697e+03	-3.918402563599756791e-03
1.815096035242290782e+03	-3.361024345179440369e-03
1.817098678414096867e+03	-4.461278623683060870e-03
1.819101321585903179e+03	-6.269090436818766654e-03
1.821103964757709264e+03	-4.645297910092606800e-03
1.823106607929515576e+03	-6.363517817936245602e-03
1.825109251101321661e+03	-5.241028156255623030e-03
1.827111894273127746e+03	-4.387476324268132707e-03
1.829114537444934058e+03	-3.972384244703938347e-03
1.831117180616740143e+03	-3.608694384900445248e-03
1.833119823788546228e+03	-3.615783753192923413e-03
1.835122466960352540e+03	-4.921973283579570910e-03
1.837125110132158625e+03	-5.238931762254808375e-03
1.839127753303964710e+03	-4.169294883506183616e-03
1.841130396475771022e+03	-4.033132306663257324e-03
1.843133039647577107e+03	-3.898582088498823116e-03
1.845135682819383419e+03	-5.219273193733239488e-03
1.847138325991189504e+03	-4.322375840890171558e-03
1.849140969162995589e+03	-4.363951333516699962e-03
1.851143612334801901e+03	-4.135456023219396052e-03
1.853146255506607986e+03	-2.933685018385755704e-03
1.855148898678414071e+03	-5.103898469332376724e-03
1.857151541850220383e+03	-4.199911389886954935e-03
1.859154185022026468e+03	-4.493183243334473650e-03
1.861156828193832553e+03	-4.156403738160950254e-03
1.863159471365638865e+03	-4.209578980656084393e-03
1.865162114537444950e+03	-2.613341865157292089e-03
1.867164757709251262e+03	-4.677687203588786272e-03
1.869167400881057347e+03	-1.720634482065096140e-03
1.871170044052863432e+03	-2.627038197798491938e-03
1.873172687224669744e+03	-3.544721966171483774e-03
1.875175330396475829e+03	-5.106315470412349858e-03
1.877177973568281914e+03	-4.900702595102902556e-03
1.879180616740088226e+03	-5.003992065245222928e-03
1.881183259911894311e+03	-5.006248191013607310e-03
1.883185903083700396e+03	-5.316118095234476440e-03
1.885188546255506708e+03	-4.599857233112869884e-03
1.887191189427312793e+03	-4.423087882504864350e-03
1.889193832599119105e+03	-2.617048051686153478e-03
1.891196475770925190e+03	-4.782910456940439939e-03
1.893199118942731275e+03	-4.231816268268703482e-03
1.895201762114537587e+03	-3.967388171562705526e-03
1.897204405286343672e+03	-4.379580387958928109e-03
1.899207048458149757e+03	-5.250534932577108696e-03
1.901209691629956069e+03	-3.825909498090094944e-03
1.903212334801762154e+03	-3.910506572731889049e-03
1.905214977973568239e+03	-4.163171921576938259e-03
1.907217621145374551e+03	-4.688483639762595565e-03
1.909220264317180636e+03	-4.142545439711207630e-03
1.911222907488986948e+03	-6.575898551434642032e-03
1.913225550660793033e+03	-3.419517684403915007e-03
1.915228193832599118e+03	-3.392929476747784303e-03
1.917230837004405430e+03	-3.295924487617042653e-03
1.919233480176211515e+03	-4.399078104666163599e-03
1.921236123348017600e+03	-4.590188539368203133e-03
1.923238766519823912e+03	-3.844923601971997514e-03
1.925241409691629997e+03	-3.970450035378681256e-03
1.927244052863436082e+03	-3.293346547786456333e-03
1.929246696035242394e+03	-2.686820777305421772e-03
1.931249339207048479e+03	-3.818013485644619447e-03
1.933251982378854791e+03	-3.659291650284014850e-03
1.935254625550660876e+03	-3.710856485657208683e-03
1.937257268722466961e+03	-2.948349293592388530e-03
1.939259911894273273e+03	-3.430797767993599891e-03
1.941262555066079358e+03	-2.361481951962428934e-03
1.943265198237885443e+03	-3.138975697017745183e-03
1.945267841409691755e+03	-2.906935731307903371e-03
1.947270484581497840e+03	-3.530059055517122905e-03
1.949273127753303925e+03	-2.885666066651270713e-03
1.951275770925110237e+03	-3.228891029529236487e-03
1.953278414096916322e+03	-3.024083506108364745e-03
1.955281057268722634e+03	-2.678763964342045258e-03
1.957283700440528719e+03	-3.436759226285378190e-03
1.959286343612334804e+03	-5.076988153640613413e-03
1.961288986784141116e+03	-3.718107370036252083e-03
1.963291629955947201e+03	-2.945770724473419956e-03
1.965294273127753286e+03	-2.628972597880764681e-03
1.967296916299559598e+03	-3.541822251807004527e-03
1.969299559471365683e+03	-4.052792597185836745e-03
1.971302202643171768e+03	-3.568087886756567215e-03
1.973304845814978080e+03	-4.865735765609590854e-03
1.975307488986784165e+03	-4.098071599017703501e-03
1.977310132158590477e+03	-6.111336720848960583e-03
1.979312775330396562e+03	-1.483761040122655740e-03
1.981315418502202647e+03	-4.967897624829397188e-03
1.983318061674008959e+03	-3.523774121165458659e-03
1.985320704845815044e+03	-4.533467487757994810e-03
1.987323348017621129e+03	-4.673818572129661078e-03
1.989325991189427441e+03	-3.584845317795538281e-03
1.991328634361233526e+03	-4.662056517046707024e-03
1.993331277533039611e+03	-4.805469364530199142e-03
1.995333920704845923e+03	-3.596770039568764933e-03
1.997336563876652008e+03	-4.783877183931374219e-03
1.999339207048458320e+03	-3.545044039494348563e-03
2.001341850220264405e+03	-3.442077391671559319e-03
2.003344493392070490e+03	-3.104652877002432761e-03
2.005347136563876802e+03	-4.325438295041972650e-03
2.007349779735682887e+03	-3.329440903460047143e-03
2.009352422907488972e+03	-4.596472558550809655e-03
2.011355066079295284e+03	-3.861036834652008080e-03
2.013357709251101369e+03	-3.999938684241708189e-03
2.015360352422907454e+03	-4.278224645090632564e-03
2.017362995594713766e+03	-4.054564639910471051e-03
2.019365638766519851e+03	-3.704571740541549776e-03
2.021368281938326163e+03	-4.345581162573794107e-03
2.023370925110132248e+03	-4.392149767385519418e-03
2.025373568281938333e+03	-4.199266028278339849e-03
2.027376211453744645e+03	-2.304760111097660467e-03
2.029378854625550730e+03	-2.652981678849843962e-03
2.031381497797356815e+03	-4.746332283935351601e-03
2.033384140969163127e+03	-3.859908797863977146e-03
2.035386784140969212e+03	-5.536394066027930556e-03
2.037389427312775297e+03	-3.738088797182338892e-03
2.039392070484581609e+03	-2.366960797031093886e-03
2.041394713656387694e+03	-4.174612760613484810e-03
2.043397356828193779e+03	-3.369403059755080639e-03
2.045400000000000091e+03	-4.693639230180004715e-03
2.047402643171806176e+03	-2.463643831643881101e-03
2.049405286343612715e+03	-4.085341029092205353e-03
2.051407929515418800e+03	-3.577755678368788831e-03
2.053410572687224885e+03	-4.523477148675512580e-03
2.055413215859030970e+03	-4.948561016379723725e-03
2.057415859030837055e+03	-3.942573657340851453e-03
2.059418502202643140e+03	-5.100514579560068776e-03
2.061421145374449225e+03	-3.737766443596859337e-03
2.063423788546255309e+03	-3.967549525611466579e-03
2.065426431718061394e+03	-4.777915246032051269e-03
2.067429074889867934e+03	-3.091439811420691568e-03
2.069431718061674019e+03	-4.903119751206873669e-03
2.071434361233480558e+03	-2.518108665058581795e-03
2.073437004405286643e+03	-2.602544774857396166e-03
2.075439647577092728e+03	-4.140289607604276043e-03
2.077442290748898813e+03	-3.042614516205808910e-03
2.079444933920704898e+03	-3.199724294605009369e-03
2.081447577092510983e+03	-3.770799567452511221e-03
2.083450220264317068e+03	-3.720041105454828349e-03
2.085452863436123152e+03	-1.886929816280446311e-03
2.087455506607929237e+03	-4.621933560260705828e-03
2.089458149779735777e+03	-1.761563534426437193e-03
2.091460792951541862e+03	-3.368920647133210374e-03
2.093463436123348401e+03	-4.086147595536325158e-03
2.095466079295154486e+03	-2.859078081997178718e-03
2.097468722466960571e+03	-4.547487819344905521e-03
2.099471365638766656e+03	-5.133387059084492179e-03
2.101474008810572741e+03	-1.949773354515414985e-03
2.103476651982378826e+03	-3.420484013487499857e-03
2.105479295154184911e+03	-2.609473877912062232e-03
2.107481938325990996e+03	-4.378129757076990210e-03
2.109484581497797080e+03	-4.079862351649280079e-03
2.111487224669603620e+03	-3.341204139006426991e-03
2.113489867841409705e+03	-3.848951498850829329e-03
2.115492511013216244e+03	-2.930300930952312900e-03
2.117495154185022329e+03	-3.167819286205232794e-03
2.119497797356828414e+03	-3.752428770388295618e-03
2.121500440528634499e+03	-5.120012067234227041e-03
2.123503083700440584e+03	-3.526191148169376208e-03
2.125505726872246669e+03	-4.258887806808988805e-03
2.127508370044052754e+03	-4.415676754476528451e-03
2.129511013215858839e+03	-3.276104667566780235e-03
2.131513656387664923e+03	-3.065174458613296148e-03
2.133516299559471463e+03	-2.557748649997150601e-03
2.135518942731277548e+03	-3.023761953195060019e-03
2.137521585903084087e+03	-2.911286650092660168e-03
2.139524229074890172e+03	-3.167497230376782776e-03
2.141526872246696257e+03	-3.380361651377274297e-03
2.143529515418502342e+03	-5.500138058492599555e-03
2.145532158590308427e+03	-3.613689769269979538e-03
2.147534801762114512e+03	-3.777889742441485448e-03
2.149537444933920597e+03	-4.402785269681877729e-03
2.151540088105726682e+03	-3.940479035644475422e-03
2.153542731277532766e+03	-3.300920193604904400e-03
2.155545374449339306e+03	-4.662539894618114231e-03
2.157548017621145391e+03	-3.384712155059719195e-03
2.159550660792951930e+03	-3.491708342434294947e-03
2.161553303964758015e+03	-3.073069938081675161e-03
2.163555947136564100e+03	-3.066464082634245449e-03
2.165558590308370185e+03	-3.483489875306387904e-03
2.167561233480176270e+03	-2.786082736012606385e-03
2.169563876651982355e+03	-4.401173384625032756e-03
2.171566519823788440e+03	-2.556137663211098445e-03
2.173569162995594525e+03	-4.005416661473961901e-03
2.175571806167400609e+03	-3.708116594598419129e-03
2.177574449339207149e+03	-5.052978620277702101e-03
2.179577092511013234e+03	-3.970933525000162542e-03
2.181579735682819774e+03	-4.898123623265417462e-03
2.183582378854625858e+03	-4.647715478712352924e-03
2.185585022026431943e+03	-3.191989105292945914e-03
2.187587665198238028e+03	-2.071272044110140757e-03
2.189590308370044113e+03	-2.617370239808272138e-03
2.191592951541850198e+03	-2.778508972953007937e-03
2.193595594713656283e+03	-4.362821554399045135e-03
2.195598237885462368e+03	-2.092541933654724993e-03
2.197600881057268452e+03	-3.222606631982370771e-03
2.199603524229074992e+03	-3.246132787870494203e-03
2.201606167400881077e+03	-6.287138196653466356e-03
2.203608810572687617e+03	-2.862783773283307000e-03
2.205611453744493701e+03	-1.466196322616253713e-03
2.207614096916299786e+03	-3.713272406974257780e-03
2.209616740088105871e+03	-2.109461867728304550e-03
2.211619383259911956e+03	-1.951385033969134288e-03
2.213622026431718041e+03	-2.744024624972705387e-03
2.215624669603524126e+03	-3.031333817181154112e-03
2.217627312775330211e+03	-4.646586884115635162e-03
2.219629955947136295e+03	-3.476721549360912988e-03
2.221632599118942835e+03	-5.350439785311615452e-03
2.223635242290748920e+03	-4.449514371265452309e-03
2.225637885462555460e+03	-4.506235784449157469e-03
2.227640528634361544e+03	-3.773377717369587412e-03
2.229643171806167629e+03	-3.004747991724040883e-03
2.231645814977973714e+03	-4.122725531769698415e-03
2.233648458149779799e+03	-3.488323877782494031e-03
2.235651101321585884e+03	-3.439820919482153294e-03
2.237653744493391969e+03	-3.219061333431901071e-03
2.239656387665198054e+03	-2.790271527231442950e-03
2.241659030837004138e+03	-2.260287372716038735e-03
2.243661674008810678e+03	-3.310587869632618772e-03
2.245664317180616763e+03	-1.887734432119174063e-03
2.247666960352423303e+03	-1.916579137257311922e-03
2.249669603524229387e+03	-2.741608400239179451e-03
2.251672246696035472e+03	-4.119342036991797441e-03
2.253674889867841557e+03	-3.755329913585735233e-03
2.255677533039647642e+03	-2.595133296180635908e-03
2.257680176211453727e+03	-3.427897171975647327e-03
2.259682819383259812e+03	-4.332528938499226670e-03
2.261685462555065897e+03	-4.888294876530649771e-03
2.263688105726871981e+03	-4.104034091390523081e-03
2.265690748898678521e+03	-3.110614891397893260e-03
2.267693392070484606e+03	-3.537632251533479565e-03
2.269696035242291146e+03	-4.230043756323438944e-03
2.271698678414097230e+03	-4.526216412009755746e-03
2.273701321585903315e+03	-3.815757752285398822e-03
2.275703964757709400e+03	-3.244682656386272627e-03
2.277706607929515485e+03	-3.177809574096616789e-03
2.279709251101321570e+03	-3.963521012063612493e-03
2.281711894273127655e+03	-2.293159422494090403e-03
2.283714537444934194e+03	-2.291386822921749698e-03
2.285717180616740279e+03	-1.968304003853187014e-03
2.287719823788546364e+03	-2.744991970645468092e-03
2.289722466960352449e+03	-3.080643386458205377e-03
2.291725110132158534e+03	-1.468936925800010118e-03
2.293727753303964619e+03	-3.378911421901706347e-03
2.295730396475771158e+03	-4.935024950705789795e-03
2.297733039647577243e+03	-2.486042754648321203e-03
2.299735682819383328e+03	-3.358123843419690176e-03
2.301738325991189413e+03	-3.348294460563683902e-03
2.303740969162995498e+03	-3.307847655227944862e-03
2.305743612334802037e+03	-5.422952319923483519e-03
2.307746255506608122e+03	-4.710076080653936327e-03
2.309748898678414207e+03	-2.535512755434152481e-03
2.311751541850220292e+03	-2.645569714470178725e-03
2.313754185022026377e+03	-3.712306699246812648e-03
2.315756828193832462e+03	-3.805605269936185482e-03
2.317759471365639001e+03	-3.400342717109831794e-03
2.319762114537445086e+03	-3.814951890255444903e-03
2.321764757709251171e+03	-3.069363558323319301e-03
2.323767400881057256e+03	-3.782079557864741204e-03
2.325770044052863341e+03	-3.621746297467226539e-03
2.327772687224669880e+03	-3.701027309079153726e-03
2.329775330396475965e+03	-3.262891529843614698e-03
2.331777973568282050e+03	-4.003322518536972172e-03
2.333780616740088135e+03	-3.748401504527131174e-03
2.335783259911894220e+03	-3.187316923828983298e-03
2.337785903083700305e+03	-2.479758346797778304e-03
2.339788546255506844e+03	-2.830878805686051075e-03
2.341791189427312929e+03	-3.183128068104864976e-03
2.343793832599119014e+03	-2.823788525417277213e-03
2.345796475770925099e+03	-5.010599509322198261e-03
2.347799118942731184e+03	-3.684912486990819889e-03
2.349801762114537723e+03	-2.181006693673282100e-03
2.351804405286343808e+03	-3.017960430382458058e-03
2.353807048458149893e+03	-2.586270335620974477e-03
2.355809691629955978e+03	-3.272236357619634408e-03
2.357812334801762063e+03	-2.888887988661923301e-03
2.359814977973568148e+03	-3.412911223838058141e-03
2.361817621145374687e+03	-3.433053314509291153e-03
2.363820264317180772e+03	-3.929843750086356446e-03
2.365822907488986857e+03	-3.540210279405707570e-03
2.367825550660792942e+03	-2.704868566324738436e-03
2.369828193832599027e+03	-3.001524823343611377e-03
2.371830837004405566e+03	-4.596473257545970019e-03
2.373833480176211651e+03	-2.165054527268512295e-03
2.375836123348017736e+03	-2.288647864917004761e-03
2.377838766519823821e+03	-4.443552566393452023e-03
2.379841409691629906e+03	-3.711662248356417584e-03
2.381844052863435991e+03	-4.181864742625712207e-03
2.383846696035242530e+03	-3.650269163623981374e-03
2.385849339207048615e+03	-3.667994044808107253e-03
2.387851982378854700e+03	-2.810736188190104002e-03
2.389854625550660785e+03	-3.716978898933501110e-03
2.391857268722466870e+03	-3.432408076917900508e-03
2.393859911894273409e+03	-2.955763936367319759e-03
2.395862555066079494e+03	-5.172117713337621937e-05
2.397865198237885579e+03	-3.704571395360721411e-03
2.399867841409691664e+03	-4.312868706890108164e-03
2.401870484581497749e+03	-1.435423036724211687e-03
2.403873127753303834e+03	-2.914511077157913143e-03
2.405875770925110373e+03	-3.946918733111520923e-03
2.407878414096916458e+03	-2.221112549892534198e-03
2.409881057268722543e+03	-3.703906243643654596e-03
2.411883700440528628e+03	-2.761099256500069814e-03
2.413886343612334713e+03	-3.579858774025637853e-03
2.415888986784141252e+03	-4.751830203047525264e-03
2.417891629955947337e+03	-2.791762846453301698e-03
2.419894273127753422e+03	-4.077660623105488526e-03
2.421896916299559507e+03	-4.022952786810464650e-03
2.423899559471365592e+03	-3.279269682877581325e-03
2.425902202643171677e+03	-2.717467570557802279e-03
2.427904845814978216e+03	-2.437545129388770694e-03
2.429907488986784301e+03	-3.302046337628330129e-03
2.431910132158590386e+03	-5.063433362593331225e-03
2.433912775330396471e+03	-3.186066011592710717e-03
2.435915418502202556e+03	-4.092006366513625468e-03
2.437918061674009095e+03	-3.113546357950414990e-03
2.439920704845815180e+03	-4.106611081871712129e-03
2.441923348017621265e+03	-3.297352187691832050e-03
2.443925991189427350e+03	-3.088796143895179182e-03
2.445928634361233435e+03	-2.833054708528753678e-03
2.447931277533039520e+03	-2.961481482142373951e-03
2.449933920704846059e+03	-4.158168007205290465e-03
2.451936563876652144e+03	-3.942165986754691057e-03
2.453939207048458229e+03	-3.784374848156821756e-03
2.455941850220264314e+03	-3.279987978633677834e-03
2.457944493392070399e+03	-4.301056569798883573e-03
2.459947136563876938e+03	-3.829485812110163066e-03
2.461949779735683023e+03	-3.597800639637121871e-03
2.463952422907489108e+03	-3.911567252703272712e-03
2.465955066079295193e+03	-2.363736689583170476e-03
2.467957709251101278e+03	-3.769587678278476378e-03
2.469960352422907363e+03	-3.085778692226003039e-03
2.471962995594713902e+03	-3.611027631674743055e-03
2.473965638766519987e+03	-3.808762350372286130e-03
2.475968281938326072e+03	-3.686073952453611854e-03
2.477970925110132157e+03	-3.526135220520977467e-03
2.479973568281938242e+03	-2.885202846459222932e-03
2.481976211453744781e+03	-4.494447936200883682e-03
2.483978854625550866e+03	-3.179608612118691672e-03
2.485981497797356951e+03	-3.578577584992644056e-03
2.487984140969163036e+03	-2.844497453268879979e-03
2.489986784140969121e+03	-3.458435402860802164e-03
2.491989427312775206e+03	-3.317710364784890419e-03
2.493992070484581745e+03	-3.985810876773229761e-03
2.495994713656387830e+03	-2.609815647805922324e-03
2.497997356828193915e+03	-4.226596041516686789e-03
2.500000000000000000e+03	-2.496871065400822678e-03
