1.900000000000000000e+02	1.379668167236825210e-03
1.910434782608695627e+02	1.068349125495537694e-03
1.920869565217391255e+02	-1.108620769885602990e-04
1.931304347826086882e+02	-3.232425882535139945e-04
1.941739130434782510e+02	1.266388739949164243e-03
1.952173913043478137e+02	1.041439452160365046e-03
1.962608695652173765e+02	-1.604615440349176818e-03
1.973043478260869676e+02	9.267087232726186003e-04
1.983478260869565304e+02	4.189743645243184896e-05
1.993913043478260931e+02	-3.259817514723260248e-04
2.004347826086956559e+02	-4.832534233822906550e-04
2.014782608695652186e+02	-3.129298850158885757e-04
2.025217391304347814e+02	-8.222885661015140934e-04
2.035652173913043441e+02	-8.279281612204144247e-04
2.046086956521739069e+02	-9.851984756518833951e-04
2.056521739130434696e+02	-9.308955837823099794e-04
2.066956521739130324e+02	1.840219242569053637e-04
2.077391304347826235e+02	-1.037085219417355469e-03
2.087826086956521863e+02	-6.369786346526516794e-04
2.098260869565217490e+02	1.732257828893192324e-04
2.108695652173913118e+02	-2.070612288989636415e-04
2.119130434782608745e+02	-4.925989504115716160e-04
2.129565217391304373e+02	-5.568923089144803881e-04
2.140000000000000000e+02	1.661354552648597002e-04
2.150000000000000000e+02	-2.531473921457025279e-04
2.155263157894736707e+02	-1.152783619134500285e-03
2.160526315789473699e+02	-2.431529622387708020e-02
2.165789473684210407e+02	9.079380723531418895e-02
2.171052631578947398e+02	2.483933216466704258e-02
2.176315789473684106e+02	1.898807280639071976e-02
2.181578947368421098e+02	2.197767778671865305e-02
2.186842105263157805e+02	1.620198946677006008e-02
2.192105263157894797e+02	8.933530031571188662e-03
2.197368421052631504e+02	9.831055948574991127e-03
2.202631578947368496e+02	-4.032638462747184169e-03
2.207894736842105203e+02	-7.158419438813698119e-03
2.213157894736842195e+02	1.066901230957684275e-03
2.218421052631578902e+02	-1.178710859078905063e-02
2.223684210526315894e+02	-2.491249529729131634e-02
2.228947368421052602e+02	-7.010005257765197784e-03
2.234210526315789593e+02	-1.208119159442006506e-02
2.239473684210526301e+02	-2.187615300346478636e-02
2.244736842105263008e+02	-3.784837468795963777e-02
2.250000000000000000e+02	-9.013288346234323706e-03
2.270000000000000000e+02	-6.109709335347320719e-02
2.290026431718061701e+02	-1.123074091549773890e-01
2.310052863436123403e+02	-1.007619704523505799e-01
2.330079295154185104e+02	-1.517157572115569175e-01
2.350105726872246805e+02	-1.825750270795799268e-01
2.370132158590308222e+02	-2.241798460405383386e-01
2.390158590308369924e+02	-2.495221277672386717e-01
2.410185022026431625e+02	-2.904703061626235927e-01
2.430211453744493326e+02	-3.211065918078374049e-01
2.450237885462555028e+02	-3.536792861346448325e-01
2.470264317180616729e+02	-3.925176875287080813e-01
2.490290748898678430e+02	-4.210704787224571755e-01
2.510317180616740131e+02	-4.688961081836937050e-01
2.530343612334801833e+02	-4.946869525725287042e-01
2.550370044052863534e+02	-5.271819823729325671e-01
2.570396475770925235e+02	-5.608896081425870372e-01
2.590422907488986652e+02	-5.903892342100680590e-01
2.610449339207048638e+02	-6.260838239591809407e-01
2.630475770925110055e+02	-6.468131816341611273e-01
2.650502202643172041e+02	-6.873733774930210760e-01
2.670528634361233458e+02	-7.209596912074196506e-01
2.690555066079294875e+02	-7.423601645140414096e-01
2.710581497797356860e+02	-7.745654747771275606e-01
2.730607929515418277e+02	-7.927440612010074883e-01
2.750634361233480263e+02	-8.282482922824631055e-01
2.770660792951541680e+02	-8.585865906095918598e-01
2.790687224669603665e+02	-8.645742952105408552e-01
2.810713656387665083e+02	-9.003804538321633633e-01
2.830740088105727068e+02	-9.270186232742982924e-01
2.850766519823788485e+02	-9.656919740869508439e-01
2.870792951541850471e+02	-9.833216419870881575e-01
2.890819383259911888e+02	-9.972029240947349882e-01
2.910845814977973305e+02	-1.031146953143243339e+00
2.930872246696035290e+02	-1.055534985757927924e+00
2.950898678414097276e+02	-1.074833761142452548e+00
2.970925110132158693e+02	-1.092734683684381425e+00
2.990951541850220110e+02	-1.115793010084287662e+00
3.010977973568282096e+02	-1.135005508712100042e+00
3.031004405286343513e+02	-1.151448174786911860e+00
3.051030837004405498e+02	-1.172626751593262018e+00
3.071057268722466915e+02	-1.187067970339405587e+00
3.091083700440528901e+02	-1.204476106975170824e+00
3.111110132158590318e+02	-1.233078013864251421e+00
3.131136563876651735e+02	-1.249821167264477229e+00
3.151162995594713720e+02	-1.270219462445407732e+00
3.171189427312775706e+02	-1.283397802556412781e+00
3.191215859030837123e+02	-1.302846160880878568e+00
3.211242290748898540e+02	-1.307710045713122771e+00
3.231268722466960526e+02	-1.328103340841814362e+00
3.251295154185021943e+02	-1.339740860810068046e+00
3.271321585903083928e+02	-1.354055020128079878e+00
3.291348017621145345e+02	-1.369978125294753379e+00
3.311374449339207331e+02	-1.376139669397055787e+00
3.331400881057268748e+02	-1.386894951419302746e+00
3.351427312775330165e+02	-1.399002581705033332e+00
3.371453744493392151e+02	-1.406320019342010230e+00
3.391480176211454136e+02	-1.417045906862795857e+00
3.411506607929515553e+02	-1.433116477444267733e+00
3.431533039647576970e+02	-1.448166113600984461e+00
3.451559471365638956e+02	-1.454369923439438939e+00
3.471585903083700373e+02	-1.465757132673885632e+00
3.491612334801762358e+02	-1.472470286504532044e+00
3.511638766519823776e+02	-1.480516253942580907e+00
3.531665198237885761e+02	-1.492001277444006124e+00
3.551691629955947178e+02	-1.493269634905899590e+00
3.571718061674008595e+02	-1.511995187175772859e+00
3.591744493392070581e+02	-1.520641485634394829e+00
3.611770925110132566e+02	-1.505680062844393152e+00
3.631797356828193983e+02	-1.505399272690699508e+00
3.651823788546255400e+02	-1.525519944914834003e+00
3.671850220264317386e+02	-1.540628221319712221e+00
3.691876651982378803e+02	-1.535109862159484750e+00
3.711903083700440220e+02	-1.538964052803046823e+00
3.731929515418502206e+02	-1.543972871452174100e+00
3.751955947136564191e+02	-1.554607877351525058e+00
3.771982378854625608e+02	-1.565081023448186004e+00
3.792008810572687025e+02	-1.552668509727378687e+00
3.812035242290749011e+02	-1.555988988373164350e+00
3.832061674008810996e+02	-1.562901325318458046e+00
3.852088105726872413e+02	-1.574401796849775881e+00
3.872114537444933831e+02	-1.565298748820832531e+00
3.892140969162995816e+02	-1.565939582446068901e+00
3.912167400881057233e+02	-1.571437011588572741e+00
3.932193832599118650e+02	-1.569944755922428659e+00
3.952220264317180636e+02	-1.567545274431242586e+00
3.972246696035242621e+02	-1.569329458793534915e+00
3.992273127753304038e+02	-1.576623846010701602e+00
4.012299559471365455e+02	-1.576546199386660962e+00
4.032325991189427441e+02	-1.579130302156725119e+00
4.052352422907489427e+02	-1.566521810140927062e+00
4.072378854625550844e+02	-1.579606258153861464e+00
4.092405286343612261e+02	-1.574724972594886641e+00
4.112431718061674246e+02	-1.581053225151443531e+00
4.132458149779735663e+02	-1.580475142517013598e+00
4.152484581497797080e+02	-1.574199958565090984e+00
4.172511013215859066e+02	-1.573236362921958342e+00
4.192537444933921051e+02	-1.577737208358403809e+00
4.212563876651982469e+02	-1.581066267064372699e+00
4.232590308370043886e+02	-1.572160283050389129e+00
4.252616740088105871e+02	-1.566736889028830237e+00
4.272643171806167857e+02	-1.560167876880328652e+00
4.292669603524229274e+02	-1.559867408701254288e+00
4.312696035242290691e+02	-1.565358306782555164e+00
4.332722466960352676e+02	-1.555530496923688499e+00
4.352748898678414093e+02	-1.552046331389577372e+00
4.372775330396475510e+02	-1.553977043888688403e+00
4.392801762114537496e+02	-1.547614128967102376e+00
4.412828193832599482e+02	-1.547382873573877493e+00
4.432854625550660899e+02	-1.546022122563292189e+00
4.452881057268722316e+02	-1.548201897450118825e+00
4.472907488986784301e+02	-1.539835868770443650e+00
4.492933920704846287e+02	-1.536598244969074489e+00
4.512960352422907704e+02	-1.531077911270726899e+00
4.532986784140969121e+02	-1.532712595699469160e+00
4.553013215859031106e+02	-1.535583028543717976e+00
4.573039647577092524e+02	-1.526967193640345943e+00
4.593066079295153941e+02	-1.527538675841702887e+00
4.613092511013215926e+02	-1.526756915480655064e+00
4.633118942731277912e+02	-1.530996711627233164e+00
4.653145374449339329e+02	-1.529540916485027768e+00
4.673171806167400746e+02	-1.519918506744041498e+00
4.693198237885462731e+02	-1.515516317366055521e+00
4.713224669603524717e+02	-1.514326908718714559e+00
4.733251101321585566e+02	-1.512942743235722975e+00
4.753277533039647551e+02	-1.505489298979926449e+00
4.773303964757709537e+02	-1.505470946469564364e+00
4.793330396475770954e+02	-1.509934921611338909e+00
4.813356828193832371e+02	-1.507694142834634210e+00
4.833383259911894356e+02	-1.496359524829052656e+00
4.853409691629955773e+02	-1.502557725094993746e+00
4.873436123348017759e+02	-1.503573806729047835e+00
4.893462555066079176e+02	-1.496300825389009770e+00
4.913488986784141161e+02	-1.503249378223261434e+00
4.933515418502202579e+02	-1.499000948980177883e+00
4.953541850220264564e+02	-1.494861117054879340e+00
4.973568281938325981e+02	-1.496489040926514580e+00
4.993594713656387967e+02	-1.497591701682928989e+00
5.013621145374449384e+02	-1.497048439654542706e+00
5.033647577092511369e+02	-1.499069051287715171e+00
5.053674008810572786e+02	-1.490931863661958179e+00
5.073700440528634203e+02	-1.489245816723639759e+00
5.093726872246696189e+02	-1.489723196286108386e+00
5.113753303964757606e+02	-1.490246635722370261e+00
5.133779735682819592e+02	-1.487629801299947818e+00
5.153806167400880440e+02	-1.481012659975525114e+00
5.173832599118943563e+02	-1.483981857351597267e+00
5.193859030837004411e+02	-1.488433927654669642e+00
5.213885462555066397e+02	-1.491293920429816122e+00
5.233911894273128382e+02	-1.490549747037705597e+00
5.253938325991189231e+02	-1.486670722202078299e+00
5.273964757709251217e+02	-1.490929663790575121e+00
5.293991189427313202e+02	-1.488203495306236857e+00
5.314017621145374051e+02	-1.490592185259308255e+00
5.334044052863436036e+02	-1.494426176588260491e+00
5.354070484581498022e+02	-1.495275394089323751e+00
5.374096916299558870e+02	-1.494617926839989952e+00
5.394123348017621993e+02	-1.494687236989914236e+00
5.414149779735682841e+02	-1.491759460914655389e+00
5.434176211453744827e+02	-1.489365977892262105e+00
5.454202643171806812e+02	-1.493672863128410189e+00
5.474229074889867661e+02	-1.493224870422674488e+00
5.494255506607929647e+02	-1.486937790396044345e+00
5.514281938325991632e+02	-1.493836043243422562e+00
5.534308370044052481e+02	-1.494923964273192185e+00
5.554334801762114466e+02	-1.490595187217130801e+00
5.574361233480176452e+02	-1.492791483681058740e+00
5.594387665198237301e+02	-1.492097611586897354e+00
5.614414096916300423e+02	-1.494335881946537992e+00
5.634440528634361272e+02	-1.495162001364452653e+00
5.654466960352423257e+02	-1.490303151958950467e+00
5.674493392070485243e+02	-1.492182715681892535e+00
5.694519823788546091e+02	-1.490389426353286639e+00
5.714546255506608077e+02	-1.493464775700121594e+00
5.734572687224670062e+02	-1.480461764931381818e+00
5.754599118942730911e+02	-1.489931300088136457e+00
5.774625550660792896e+02	-1.492085657116676289e+00
5.794651982378854882e+02	-1.496679813877527021e+00
5.814678414096915731e+02	-1.495624571870834973e+00
5.834704845814978853e+02	-1.487932192279882049e+00
5.854731277533039702e+02	-1.486469299370764663e+00
5.874757709251101687e+02	-1.487806231853585626e+00
5.894784140969163673e+02	-1.489791742232910554e+00
5.914810572687224521e+02	-1.491455938087143496e+00
5.934837004405286507e+02	-1.487159164383127230e+00
5.954863436123348492e+02	-1.488438642369074305e+00
5.974889867841409341e+02	-1.491594536888567024e+00
5.994916299559471327e+02	-1.482679602659076279e+00
6.014942731277533312e+02	-1.479323437751969283e+00
6.034969162995594161e+02	-1.479010081497257101e+00
6.054995594713657283e+02	-1.477564858925803026e+00
6.075022026431718132e+02	-1.483195889139225176e+00
6.095048458149780117e+02	-1.473664534941886206e+00
6.115074889867842103e+02	-1.476955986217456829e+00
6.135101321585902951e+02	-1.473591055603429734e+00
6.155127753303964937e+02	-1.466933821518170422e+00
6.175154185022026923e+02	-1.465971844291881876e+00
6.195180616740087771e+02	-1.463064144368888986e+00
6.215207048458149757e+02	-1.468438755446094479e+00
6.235233480176211742e+02	-1.463371509419549188e+00
6.255259911894272591e+02	-1.468045741317853814e+00
6.275286343612335713e+02	-1.470687580149524276e+00
6.295312775330396562e+02	-1.461287664389115282e+00
6.315339207048458547e+02	-1.457101507297231979e+00
6.335365638766520533e+02	-1.467616683730476712e+00
6.355392070484581382e+02	-1.455340544599571739e+00
6.375418502202643367e+02	-1.454775115220404924e+00
6.395444933920705353e+02	-1.459742031823988428e+00
6.415471365638766201e+02	-1.458418484331921672e+00
6.435497797356828187e+02	-1.449447514260326475e+00
6.455524229074890172e+02	-1.450462260189839814e+00
6.475550660792951021e+02	-1.453545737957531170e+00
6.495577092511014143e+02	-1.456824331827747177e+00
6.515603524229074992e+02	-1.455991315788895957e+00
6.535629955947136978e+02	-1.441429809869433587e+00
6.555656387665198963e+02	-1.453274448941208608e+00
6.575682819383259812e+02	-1.450640540922500943e+00
6.595709251101321797e+02	-1.448566525133252458e+00
6.615735682819383783e+02	-1.444704604559473582e+00
6.635762114537444631e+02	-1.441363853833606878e+00
6.655788546255506617e+02	-1.438061157074980390e+00
6.675814977973568602e+02	-1.438206711274525151e+00
6.695841409691629451e+02	-1.435191369796042782e+00
6.715867841409692574e+02	-1.446009517289950086e+00
6.735894273127753422e+02	-1.439820481367028560e+00
6.755920704845815408e+02	-1.437979427837723367e+00
6.775947136563877393e+02	-1.441219184042796586e+00
6.795973568281938242e+02	-1.438617612122373490e+00
6.816000000000000227e+02	-1.428855059124604754e+00
6.836026431718062213e+02	-1.429276151367665948e+00
6.856052863436123062e+02	-1.430013412507105119e+00
6.876079295154185047e+02	-1.438034825707423803e+00
6.896105726872247033e+02	-1.427827559111472855e+00
6.916132158590307881e+02	-1.427596496768999135e+00
6.936158590308371004e+02	-1.419948878774185186e+00
6.956185022026431852e+02	-1.425051446029622415e+00
6.976211453744492701e+02	-1.420039987650904667e+00
6.996237885462555823e+02	-1.409003016792561125e+00
7.016264317180616672e+02	-1.416562291612244007e+00
7.036290748898678657e+02	-1.422688330578015137e+00
7.056317180616740643e+02	-1.421924676980072189e+00
7.076343612334801492e+02	-1.421336785339533559e+00
7.096370044052863477e+02	-1.401838530425716156e+00
7.116396475770925463e+02	-1.403755973460395712e+00
7.136422907488986311e+02	-1.403769971731751998e+00
7.156449339207049434e+02	-1.407456341856202275e+00
7.176475770925110282e+02	-1.408198870083180676e+00
7.196502202643171131e+02	-1.408608771128840420e+00
7.216528634361234253e+02	-1.407423299315030629e+00
7.236555066079295102e+02	-1.408409264963055296e+00
7.256581497797357088e+02	-1.411640547300956117e+00
7.276607929515419073e+02	-1.413591547834812889e+00
7.296634361233479922e+02	-1.399851494644228200e+00
7.316660792951541907e+02	-1.412847129516952460e+00
7.336687224669603893e+02	-1.411723565250870838e+00
7.356713656387664741e+02	-1.405867638190995361e+00
7.376740088105727864e+02	-1.400496392343891561e+00
7.396766519823788713e+02	-1.401480416989026256e+00
7.416792951541850698e+02	-1.404102848745663490e+00
7.436819383259911547e+02	-1.400795930703469860e+00
7.456845814977973532e+02	-1.399355718954664152e+00
7.476872246696035518e+02	-1.390620182123875725e+00
7.496898678414097503e+02	-1.389745668197478468e+00
7.516925110132158352e+02	-1.389257519867414192e+00
7.536951541850220337e+02	-1.392889992149405787e+00
7.556977973568282323e+02	-1.388038598308972471e+00
7.577004405286344308e+02	-1.385949791295593148e+00
7.597030837004405157e+02	-1.388211813407969952e+00
7.617057268722467143e+02	-1.386159765302996449e+00
7.637083700440529128e+02	-1.382681972647400226e+00
7.657110132158589977e+02	-1.385024788206480562e+00
7.677136563876651962e+02	-1.386470534039951463e+00
7.697162995594713948e+02	-1.378610816807837036e+00
7.717189427312775933e+02	-1.373125518556083779e+00
7.737215859030836782e+02	-1.373166072585757735e+00
7.757242290748898768e+02	-1.376503871814311442e+00
7.777268722466960753e+02	-1.378705368007295373e+00
7.797295154185022739e+02	-1.382905434464827277e+00
7.817321585903083587e+02	-1.373872015429550952e+00
7.837348017621145573e+02	-1.367627972510765177e+00
7.857374449339207558e+02	-1.372105190941477648e+00
7.877400881057268407e+02	-1.374334548565161018e+00
7.897427312775330392e+02	-1.377535969363580914e+00
7.917453744493392378e+02	-1.371333842644200995e+00
7.937480176211454364e+02	-1.371673376853105086e+00
7.957506607929515212e+02	-1.370182317291592344e+00
7.977533039647577198e+02	-1.365484310939147905e+00
7.997559471365639183e+02	-1.373913083660392775e+00
8.017585903083701169e+02	-1.370189947122406382e+00
8.037612334801762017e+02	-1.370480164071180784e+00
8.057638766519824003e+02	-1.367855533853319816e+00
8.077665198237885988e+02	-1.362922340294318690e+00
8.097691629955946837e+02	-1.359905579677247456e+00
8.117718061674008823e+02	-1.350247326660462210e+00
8.137744493392070808e+02	-1.354258357533588697e+00
8.157770925110132794e+02	-1.355287709005230656e+00
8.177797356828193642e+02	-1.356197137793089924e+00
8.197823788546255628e+02	-1.354409557954212362e+00
8.217850220264317613e+02	-1.353699003805197254e+00
8.237876651982379599e+02	-1.347378814666011504e+00
8.257903083700440448e+02	-1.344987113725751637e+00
8.277929515418502433e+02	-1.343318619982376116e+00
8.297955947136564419e+02	-1.343225017579003033e+00
8.317982378854625267e+02	-1.342720981996732288e+00
8.338008810572687253e+02	-1.340897487898277785e+00
8.358035242290749238e+02	-1.332086440383658088e+00
8.378061674008811224e+02	-1.339799049055826696e+00
8.398088105726872072e+02	-1.335747138819529223e+00
8.418114537444934058e+02	-1.332587751952095001e+00
8.438140969162996043e+02	-1.339652993587235441e+00
8.458167400881058029e+02	-1.329414356403710640e+00
8.478193832599118878e+02	-1.335272392889102822e+00
8.498220264317180863e+02	-1.328983228789542448e+00
8.518246696035242849e+02	-1.334416620048088031e+00
8.538273127753303697e+02	-1.328497317217567586e+00
8.558299559471365683e+02	-1.326192673766557473e+00
8.578325991189427668e+02	-1.320658014626175270e+00
8.598352422907489654e+02	-1.318070503974782870e+00
8.618378854625550503e+02	-1.321168170219177096e+00
8.638405286343612488e+02	-1.318138045690161686e+00
8.658431718061674474e+02	-1.323856685152460688e+00
8.678458149779735322e+02	-1.322613796846562995e+00
8.698484581497797308e+02	-1.320947988823592656e+00
8.718511013215859293e+02	-1.319333998054102342e+00
8.738537444933921279e+02	-1.317566713937980527e+00
8.758563876651982127e+02	-1.311894602845590452e+00
8.778590308370044113e+02	-1.316056612796178360e+00
8.798616740088106098e+02	-1.315424429595841049e+00
8.818643171806168084e+02	-1.314830678145234133e+00
8.838669603524228933e+02	-1.319811148828370140e+00
8.858696035242290918e+02	-1.308680016276185798e+00
8.878722466960352904e+02	-1.308496598453730453e+00
8.898748898678413752e+02	-1.312634703003962233e+00
8.918775330396475738e+02	-1.310092366185863444e+00
8.938801762114537723e+02	-1.310756954795660345e+00
8.958828193832599709e+02	-1.299774911038361180e+00
8.978854625550660558e+02	-1.300002771030214443e+00
8.998881057268722543e+02	-1.300576600689210327e+00
9.018907488986784529e+02	-1.299419423694264442e+00
9.038933920704846514e+02	-1.302623737852905084e+00
9.058960352422907363e+02	-1.299054890718789768e+00
9.078986784140969348e+02	-1.295624152656782879e+00
9.099013215859031334e+02	-1.293256223977381492e+00
9.119039647577092182e+02	-1.291484153429710791e+00
9.139066079295154168e+02	-1.285195743552448366e+00
9.159092511013216154e+02	-1.288193473013674595e+00
9.179118942731278139e+02	-1.290853284746743324e+00
9.199145374449338988e+02	-1.283992810233809845e+00
9.219171806167400973e+02	-1.278182702673861915e+00
9.239198237885462959e+02	-1.280804696519171504e+00
9.259224669603524944e+02	-1.290051145936371935e+00
9.279251101321585793e+02	-1.279866795948609859e+00
9.299277533039647778e+02	-1.274008191608392959e+00
9.319303964757709764e+02	-1.276475397476354301e+00
9.339330396475770613e+02	-1.274908656794289552e+00
9.359356828193832598e+02	-1.272823881105109134e+00
9.379383259911894584e+02	-1.265089321706291958e+00
9.399409691629956569e+02	-1.277685294820957385e+00
9.419436123348017418e+02	-1.270409064887533024e+00
9.439462555066079403e+02	-1.273600916310763775e+00
9.459488986784141389e+02	-1.273676112152515305e+00
9.479515418502203374e+02	-1.260957544180418610e+00
9.499541850220264223e+02	-1.265370785031057155e+00
9.519568281938326209e+02	-1.267662396149600301e+00
9.539594713656388194e+02	-1.264626937391345241e+00
9.559621145374449043e+02	-1.264064975083269982e+00
9.579647577092511028e+02	-1.258808391677581628e+00
9.599674008810573014e+02	-1.257440150501123011e+00
9.619700440528634999e+02	-1.251545826637990633e+00
9.639726872246695848e+02	-1.243234384655875768e+00
9.659753303964757833e+02	-1.245579810460441639e+00
9.679779735682819819e+02	-1.252707592805669901e+00
9.699806167400881804e+02	-1.238649435036491608e+00
9.719832599118942653e+02	-1.248174931413711608e+00
9.739859030837004639e+02	-1.241459961268563728e+00
9.759885462555066624e+02	-1.240534084390782166e+00
9.779911894273127473e+02	-1.237959867368697342e+00
9.799938325991189458e+02	-1.240923494869128785e+00
9.819964757709251444e+02	-1.238282512861992313e+00
9.839991189427313429e+02	-1.238873810797240127e+00
9.860017621145374278e+02	-1.237212220167249743e+00
9.880044052863436264e+02	-1.237594352748303761e+00
9.900070484581498249e+02	-1.233824322220548053e+00
9.920096916299560235e+02	-1.232778292193544178e+00
9.940123348017621083e+02	-1.220443071565024074e+00
9.960149779735683069e+02	-1.223315754325798865e+00
9.980176211453745054e+02	-1.223792307768663878e+00
1.000020264317180590e+03	-1.231811268348539823e+00
1.002022907488986789e+03	-1.224239840476923025e+00
1.004025550660792987e+03	-1.234613654345328992e+00
1.006028193832599186e+03	-1.229033338192699221e+00
1.008030837004405271e+03	-1.226427931682457118e+00
1.010033480176211469e+03	-1.220617369397010155e+00
1.012036123348017668e+03	-1.216147136710066246e+00
1.014038766519823866e+03	-1.219862291331084148e+00
1.016041409691629951e+03	-1.212607295684559272e+00
1.018044052863436150e+03	-1.211868395961249067e+00
1.020046696035242348e+03	-1.207028098353604140e+00
1.022049339207048433e+03	-1.208376081880705444e+00
1.024051982378854518e+03	-1.209969107926628151e+00
1.026054625550660830e+03	-1.202364636160018652e+00
1.028057268722467143e+03	-1.206596503381434093e+00
1.030059911894273228e+03	-1.205300823279505718e+00
1.032062555066079312e+03	-1.201727666711180920e+00
1.034065198237885397e+03	-1.198807682727337731e+00
1.036067841409691709e+03	-1.195468071836273349e+00
1.038070484581497794e+03	-1.192342765528962456e+00
1.040073127753304107e+03	-1.191634140128146502e+00
1.042075770925110191e+03	-1.185614938321689404e+00
1.044078414096916276e+03	-1.182598537956020879e+00
1.046081057268722361e+03	-1.193628279037536988e+00
1.048083700440528673e+03	-1.191317849429077258e+00
1.050086343612334986e+03	-1.191864967064437453e+00
1.052088986784141071e+03	-1.180093719130431484e+00
1.054091629955947155e+03	-1.170749582809906375e+00
1.056094273127753240e+03	-1.175040816777177977e+00
1.058096916299559552e+03	-1.174445577859472234e+00
1.060099559471365637e+03	-1.174854280762773318e+00
1.062102202643171950e+03	-1.169720798234105796e+00
1.064104845814978034e+03	-1.171059873144678409e+00
1.066107488986784119e+03	-1.178598721410801575e+00
1.068110132158590204e+03	-1.164042745638498078e+00
1.070112775330396516e+03	-1.167419208048991575e+00
1.072115418502202829e+03	-1.167055396583463800e+00
1.074118061674008914e+03	-1.161411254031076812e+00
1.076120704845814998e+03	-1.167916909135917169e+00
1.078123348017621083e+03	-1.162747710450305005e+00
1.080125991189427396e+03	-1.161267843915446907e+00
1.082128634361233480e+03	-1.163404121852236184e+00
1.084131277533039793e+03	-1.161610822109697683e+00
1.086133920704845877e+03	-1.164886990977789027e+00
1.088136563876651962e+03	-1.170174270199443978e+00
1.090139207048458047e+03	-1.161110486460505076e+00
1.092141850220264359e+03	-1.163779789118067898e+00
1.094144493392070672e+03	-1.157103569970377333e+00
1.096147136563876757e+03	-1.147583475241176432e+00
1.098149779735682841e+03	-1.140214429935184182e+00
1.100152422907488926e+03	-1.140635658656202533e+00
1.102155066079295239e+03	-1.142139753448310868e+00
1.104157709251101323e+03	-1.143243610879412397e+00
1.106160352422907636e+03	-1.138656450029075895e+00
1.108162995594713720e+03	-1.140151036628140435e+00
1.110165638766519805e+03	-1.134917940581547935e+00
1.112168281938325890e+03	-1.130430335596627867e+00
1.114170925110132202e+03	-1.136607098874393262e+00
1.116173568281938515e+03	-1.134405223248118322e+00
1.118176211453744600e+03	-1.126620294889096652e+00
1.120178854625550684e+03	-1.117239688555111687e+00
1.122181497797356769e+03	-1.112935105126770186e+00
1.124184140969163082e+03	-1.113376948152046797e+00
1.126186784140969166e+03	-1.115452752463221398e+00
1.128189427312775479e+03	-1.120275909823525762e+00
1.130192070484581564e+03	-1.116955109110258970e+00
1.132194713656387648e+03	-1.113920491178752581e+00
1.134197356828193733e+03	-1.113035195208340600e+00
1.136200000000000045e+03	-1.112845558642916455e+00
1.138202643171806358e+03	-1.117844358536526972e+00
1.140205286343612443e+03	-1.115904673675202075e+00
1.142207929515418527e+03	-1.109956031313986013e+00
1.144210572687224612e+03	-1.113579682703188301e+00
1.146213215859030697e+03	-1.105298468219598318e+00
1.148215859030837009e+03	-1.097435082180725940e+00
1.150218502202643322e+03	-1.097956307372372375e+00
1.152221145374449407e+03	-1.095940531940679197e+00
1.154223788546255491e+03	-1.092177243117831598e+00
1.156226431718061576e+03	-1.090748333788928992e+00
1.158229074889867888e+03	-1.087250826748290766e+00
1.160231718061674201e+03	-1.092783412411726385e+00
1.162234361233480286e+03	-1.090028873353408034e+00
1.164237004405286370e+03	-1.076629341573516196e+00
1.166239647577092455e+03	-1.076608852411532924e+00
1.168242290748898540e+03	-1.080800582993897141e+00
1.170244933920704852e+03	-1.086030296195416245e+00
1.172247577092511165e+03	-1.076881935223870546e+00
1.174250220264317250e+03	-1.060452247945754767e+00
1.176252863436123334e+03	-1.055901207950200149e+00
1.178255506607929419e+03	-1.063154570157097911e+00
1.180258149779735731e+03	-1.079228186204437723e+00
1.182260792951542044e+03	-1.074257430435729743e+00
1.184263436123348129e+03	-1.063430978712865294e+00
1.186266079295154213e+03	-1.072737887683528069e+00
1.188268722466960298e+03	-1.064963725032733510e+00
1.190271365638766383e+03	-1.061900594649848539e+00
1.192274008810572695e+03	-1.067408512094859763e+00
1.194276651982379008e+03	-1.059514901637875095e+00
1.196279295154185093e+03	-1.059372768072924575e+00
1.198281938325991177e+03	-1.065539554777052533e+00
1.200284581497797262e+03	-1.058185885217163946e+00
1.202287224669603575e+03	-1.055287026106018100e+00
1.204289867841409887e+03	-1.051880273934332255e+00
1.206292511013215972e+03	-1.044683676889458734e+00
1.208295154185022056e+03	-1.028941853680640950e+00
1.210297797356828141e+03	-1.041513628025009242e+00
1.212300440528634226e+03	-1.041507140761765537e+00
1.214303083700440538e+03	-1.028593119203755624e+00
1.216305726872246851e+03	-1.026644013009851530e+00
1.218308370044052936e+03	-1.024553369914345868e+00
1.220311013215859020e+03	-1.031942453252754799e+00
1.222313656387665105e+03	-1.027806466434870059e+00
1.224316299559471418e+03	-1.017192923980027697e+00
1.226318942731277730e+03	-1.014825260920526828e+00
1.228321585903083815e+03	-1.009378122084855445e+00
1.230324229074889899e+03	-1.009543026964913270e+00
1.232326872246695984e+03	-1.019323503348256610e+00
1.234329515418502069e+03	-1.020532965630374544e+00
1.236332158590308381e+03	-1.015390094569570412e+00
1.238334801762114694e+03	-1.017437546798965808e+00
1.240337444933920779e+03	-1.015468491395483452e+00
1.242340088105726863e+03	-1.003516958148214844e+00
1.244342731277532948e+03	-1.010275251310980504e+00
1.246345374449339261e+03	-1.003896560011594108e+00
1.248348017621145573e+03	-1.010232832787412161e+00
1.250350660792951658e+03	-9.988959703830163628e-01
1.252353303964757743e+03	-1.000136266197864554e+00
1.254355947136563827e+03	-1.001352675309260309e+00
1.256358590308370140e+03	-9.950711247320164210e-01
1.258361233480176224e+03	-9.852156292103126933e-01
1.260363876651982309e+03	-1.000421892906657728e+00
1.262366519823788622e+03	-9.926581713168541876e-01
1.264369162995594706e+03	-9.778239619075023148e-01
1.266371806167401019e+03	-9.774983423349551392e-01
1.268374449339207104e+03	-9.674912725660576029e-01
1.270377092511013188e+03	-9.645258196998145461e-01
1.272379735682819501e+03	-9.627666967577910295e-01
1.274382378854625586e+03	-9.641709849706409097e-01
1.276385022026431670e+03	-9.724262765934627017e-01
1.278387665198237983e+03	-9.682629547268184478e-01
1.280390308370044067e+03	-9.667096521233243811e-01
1.282392951541850152e+03	-9.715358873672051976e-01
1.284395594713656465e+03	-9.708634327319710655e-01
1.286398237885462549e+03	-9.664385047797136030e-01
1.288400881057268862e+03	-9.712312264261575567e-01
1.290403524229074947e+03	-9.684011696983507722e-01
1.292406167400881031e+03	-9.482027359396358879e-01
1.294408810572687344e+03	-9.433190427273713263e-01
1.296411453744493429e+03	-9.343344646742691717e-01
1.298414096916299513e+03	-9.383823850420267565e-01
1.300416740088105826e+03	-9.430500768768862452e-01
1.302419383259911910e+03	-9.492839131580824708e-01
1.304422026431717995e+03	-9.322239882854731485e-01
1.306424669603524308e+03	-9.286124617915305635e-01
1.308427312775330392e+03	-9.368545691628451522e-01
1.310429955947136705e+03	-9.336218188818179442e-01
1.312432599118942790e+03	-9.182384626199973088e-01
1.314435242290748874e+03	-9.098088298548108188e-01
1.316437885462555187e+03	-9.210330105286731461e-01
1.318440528634361272e+03	-9.292523058548219916e-01
1.320443171806167356e+03	-9.232325589593320947e-01
1.322445814977973669e+03	-9.223458815306446734e-01
1.324448458149779754e+03	-9.218256807019888921e-01
1.326451101321585838e+03	-9.269322898984400094e-01
1.328453744493392151e+03	-9.252248805927510977e-01
1.330456387665198235e+03	-9.065000905072959636e-01
1.332459030837004548e+03	-9.065486545785960137e-01
1.334461674008810633e+03	-9.137435572860048705e-01
1.336464317180616717e+03	-9.191556388690745871e-01
1.338466960352423030e+03	-9.147263078066337760e-01
1.340469603524229115e+03	-9.105035037907540652e-01
1.342472246696035199e+03	-9.137351307234112818e-01
1.344474889867841512e+03	-9.120445829016649020e-01
1.346477533039647597e+03	-9.072113222634635710e-01
1.348480176211453681e+03	-8.961125916586901718e-01
1.350482819383259994e+03	-8.953732908365192866e-01
1.352485462555066078e+03	-8.904495549652858832e-01
1.354488105726872391e+03	-8.991490801132362432e-01
1.356490748898678476e+03	-9.001176927148513141e-01
1.358493392070484560e+03	-8.985878207095818748e-01
1.360496035242290873e+03	-8.917603952735490003e-01
1.362498678414096958e+03	-8.785167619862512822e-01
1.364501321585903042e+03	-8.748078663409757372e-01
1.366503964757709355e+03	-8.793831827180070837e-01
1.368506607929515440e+03	-8.733150255469990242e-01
1.370509251101321524e+03	-8.626408768944229255e-01
1.372511894273127837e+03	-8.602419028575896132e-01
1.374514537444933922e+03	-8.617956171117496789e-01
1.376517180616740234e+03	-8.652625445106512103e-01
1.378519823788546319e+03	-8.551422754682906913e-01
1.380522466960352403e+03	-8.564154107602559574e-01
1.382525110132158716e+03	-8.639194808132296677e-01
1.384527753303964801e+03	-8.606304180171658880e-01
1.386530396475770885e+03	-8.583640492988708903e-01
1.388533039647577198e+03	-8.527394402144150565e-01
1.390535682819383283e+03	-8.295768324578863817e-01
1.392538325991189367e+03	-8.356258072795805791e-01
1.394540969162995680e+03	-8.399876791844661517e-01
1.396543612334801765e+03	-8.431506855095850517e-01
1.398546255506608077e+03	-8.380329503627820253e-01
1.400548898678414162e+03	-8.401001820069214920e-01
1.402551541850220246e+03	-8.427622056988713917e-01
1.404554185022026559e+03	-8.396176172126585957e-01
1.406556828193832644e+03	-8.471347455437158169e-01
1.408559471365638728e+03	-8.479380275093972852e-01
1.410562114537445041e+03	-8.307810563151093453e-01
1.412564757709251126e+03	-8.383087984043834373e-01
1.414567400881057210e+03	-8.305222925774924381e-01
1.416570044052863523e+03	-8.276969081282039564e-01
1.418572687224669608e+03	-8.257447082482677336e-01
1.420575330396475920e+03	-8.269620441265919109e-01
1.422577973568282005e+03	-8.116953268803335231e-01
1.424580616740088090e+03	-8.089907527491119188e-01
1.426583259911894402e+03	-8.266584751480104964e-01
1.428585903083700487e+03	-8.185199943056791216e-01
1.430588546255506571e+03	-8.125192268617980051e-01
1.432591189427312884e+03	-8.138656838635883739e-01
1.434593832599118969e+03	-8.144250320675215926e-01
1.436596475770925053e+03	-8.110688271917055880e-01
1.438599118942731366e+03	-7.952540874460989340e-01
1.440601762114537451e+03	-7.996236158587745058e-01
1.442604405286343763e+03	-7.872734701641712629e-01
1.444607048458149848e+03	-7.839739512540828681e-01
1.446609691629955933e+03	-7.818719017225650436e-01
1.448612334801762245e+03	-7.801119935597038424e-01
1.450614977973568330e+03	-7.745722102747996107e-01
1.452617621145374414e+03	-7.712066996304709487e-01
1.454620264317180727e+03	-7.623783691578520649e-01
1.456622907488986812e+03	-7.663193291760082015e-01
1.458625550660792896e+03	-7.742398416808391470e-01
1.460628193832599209e+03	-7.773737026029513553e-01
1.462630837004405294e+03	-7.696801935212145285e-01
1.464633480176211606e+03	-7.613577137014548857e-01
1.466636123348017691e+03	-7.566513141674959808e-01
1.468638766519823776e+03	-7.635028121767575282e-01
1.470641409691630088e+03	-7.585084737923140086e-01
1.472644052863436173e+03	-7.486567994906903056e-01
1.474646696035242257e+03	-7.486093649062095512e-01
1.476649339207048570e+03	-7.512760104965343633e-01
1.478651982378854655e+03	-7.512792423164060818e-01
1.480654625550660739e+03	-7.560776100711648073e-01
1.482657268722467052e+03	-7.394155706201164246e-01
1.484659911894273137e+03	-7.285272837169254334e-01
1.486662555066079449e+03	-7.289056557210724652e-01
1.488665198237885534e+03	-7.214937660684495047e-01
1.490667841409691619e+03	-7.127971126141681157e-01
1.492670484581497931e+03	-7.178046769605159749e-01
1.494673127753304016e+03	-7.036454443164672501e-01
1.496675770925110101e+03	-7.165400657625282665e-01
1.498678414096916413e+03	-7.059642265235324121e-01
1.500681057268722498e+03	-7.075783214025992418e-01
1.502683700440528582e+03	-7.154180366231039923e-01
1.504686343612334895e+03	-7.048068757289589481e-01
1.506688986784140980e+03	-7.027848989318249417e-01
1.508691629955947064e+03	-6.967062988005332524e-01
1.510694273127753377e+03	-6.954950067729781527e-01
1.512696916299559462e+03	-7.034374787250536887e-01
1.514699559471365774e+03	-7.019036427390441535e-01
1.516702202643171859e+03	-6.916089352679988256e-01
1.518704845814977944e+03	-7.006112550601379940e-01
1.520707488986784256e+03	-6.863898145283793273e-01
1.522710132158590341e+03	-6.904593482493301959e-01
1.524712775330396425e+03	-6.914887227885515575e-01
1.526715418502202738e+03	-6.845588149398571520e-01
1.528718061674008823e+03	-6.798780743941075233e-01
1.530720704845814907e+03	-6.829526279380389031e-01
1.532723348017621220e+03	-6.803229676727007291e-01
1.534725991189427305e+03	-6.781249003874535441e-01
1.536728634361233617e+03	-6.812126126356309319e-01
1.538731277533039702e+03	-6.816580374645833107e-01
1.540733920704845787e+03	-6.651447047627641052e-01
1.542736563876652099e+03	-6.692938782800841313e-01
1.544739207048458184e+03	-6.556714262742897592e-01
1.546741850220264269e+03	-6.405099082617835560e-01
1.548744493392070581e+03	-6.547470095327433404e-01
1.550747136563876666e+03	-6.538447181373354677e-01
1.552749779735682750e+03	-6.459434420996016391e-01
1.554752422907489063e+03	-6.461882016993977240e-01
1.556755066079295148e+03	-6.504090616908395628e-01
1.558757709251101460e+03	-6.352433211922015044e-01
1.560760352422907545e+03	-6.270959955009540732e-01
1.562762995594713630e+03	-6.293797973393828737e-01
1.564765638766519942e+03	-6.228638623890143666e-01
1.566768281938326027e+03	-6.091177623958723419e-01
1.568770925110132112e+03	-6.098090424168975954e-01
1.570773568281938424e+03	-6.176210552257955788e-01
1.572776211453744509e+03	-6.181415843598088156e-01
1.574778854625550593e+03	-6.115387996506742585e-01
1.576781497797356906e+03	-6.195636219287450341e-01
1.578784140969162991e+03	-6.134853245799753996e-01
1.580786784140969303e+03	-6.070737893919397887e-01
1.582789427312775388e+03	-6.079638660559278929e-01
1.584792070484581473e+03	-5.989438066396173266e-01
1.586794713656387785e+03	-6.060962687039832542e-01
1.588797356828193870e+03	-6.107078810391370904e-01
1.590799999999999955e+03	-6.154450362219334725e-01
1.592802643171806267e+03	-5.985960987429266300e-01
1.594805286343612352e+03	-5.811167599198384659e-01
1.596807929515418436e+03	-5.789491761296072792e-01
1.598810572687224749e+03	-5.686799658156418413e-01
1.600813215859030834e+03	-5.816315064290760173e-01
1.602815859030837146e+03	-5.984778309299988441e-01
1.604818502202643231e+03	-5.955379766954788101e-01
1.606821145374449316e+03	-5.947994957643405467e-01
1.608823788546255628e+03	-5.899716597575237476e-01
1.610826431718061713e+03	-5.923317159743606286e-01
1.612829074889867798e+03	-5.965440356279522183e-01
1.614831718061674110e+03	-5.886570911505598636e-01
1.616834361233480195e+03	-5.856088276878581578e-01
1.618837004405286280e+03	-5.764432371607843830e-01
1.620839647577092592e+03	-5.729060951339330909e-01
1.622842290748898677e+03	-5.725739541752756789e-01
1.624844933920704989e+03	-5.804536456443105674e-01
1.626847577092511074e+03	-5.693784401631084569e-01
1.628850220264317159e+03	-5.477477110958799411e-01
1.630852863436123471e+03	-5.562279255496014319e-01
1.632855506607929556e+03	-5.502485542330008972e-01
1.634858149779735641e+03	-5.462317098861632081e-01
1.636860792951541953e+03	-5.442800401276326472e-01
1.638863436123348038e+03	-5.407354482338961876e-01
1.640866079295154123e+03	-5.417122500731366141e-01
1.642868722466960435e+03	-5.361115537725844593e-01
1.644871365638766520e+03	-5.446571769521184603e-01
1.646874008810572832e+03	-5.459575571326528154e-01
1.648876651982378917e+03	-5.246594297146758290e-01
1.650879295154185002e+03	-5.155984519911223085e-01
1.652881938325991314e+03	-5.159612851313866155e-01
1.654884581497797399e+03	-5.112774807365190188e-01
1.656887224669603484e+03	-4.917984266030382967e-01
1.658889867841409796e+03	-4.765964686463869393e-01
1.660892511013215881e+03	-4.805069655927228789e-01
1.662895154185021966e+03	-4.981232543500994092e-01
1.664897797356828278e+03	-5.044258754099579800e-01
1.666900440528634363e+03	-4.972091089681335285e-01
1.668903083700440675e+03	-4.903399675611306852e-01
1.670905726872246760e+03	-4.773304687744026609e-01
1.672908370044052845e+03	-4.737994297550082168e-01
1.674911013215859157e+03	-4.662296388571094963e-01
1.676913656387665242e+03	-4.636863752735694288e-01
1.678916299559471327e+03	-4.652157765927383837e-01
1.680918942731277639e+03	-4.619227354787092676e-01
1.682921585903083724e+03	-4.591066328894342630e-01
1.684924229074889809e+03	-4.591269310536071901e-01
1.686926872246696121e+03	-4.585424813065833161e-01
1.688929515418502206e+03	-4.655720049759187740e-01
1.690932158590308518e+03	-4.510521174119118126e-01
1.692934801762114603e+03	-4.511081919807647944e-01
1.694937444933920688e+03	-4.535302610245883770e-01
1.696940088105727000e+03	-4.540861705717185726e-01
1.698942731277533085e+03	-4.588590799362986528e-01
1.700945374449339170e+03	-4.567582097059935120e-01
1.702948017621145482e+03	-4.491556843568911828e-01
1.704950660792951567e+03	-4.443974212080058495e-01
1.706953303964757652e+03	-4.253215402043609150e-01
1.708955947136563964e+03	-4.427541796031169707e-01
1.710958590308370049e+03	-4.468119534084838418e-01
1.712961233480176361e+03	-4.276814275572664026e-01
1.714963876651982446e+03	-4.105435568008492520e-01
1.716966519823788531e+03	-4.067770991546450499e-01
1.718969162995594843e+03	-4.089089687485596980e-01
1.720971806167400928e+03	-4.080364180671617325e-01
1.722974449339207013e+03	-4.061628452485187002e-01
1.724977092511013325e+03	-3.939741673978564007e-01
1.726979735682819410e+03	-4.032217142797976384e-01
1.728982378854625495e+03	-4.102803942768771250e-01
1.730985022026431807e+03	-3.925575603996881435e-01
1.732987665198237892e+03	-3.872543244104679760e-01
1.734990308370044204e+03	-3.918105345536556650e-01
1.736992951541850289e+03	-3.879909104266329178e-01
1.738995594713656374e+03	-3.709108668075012938e-01
1.740998237885462686e+03	-3.780425210890184795e-01
1.743000881057268771e+03	-3.835865129925683514e-01
1.745003524229074856e+03	-3.761979997987822122e-01
1.747006167400881168e+03	-3.739596157032766266e-01
1.749008810572687253e+03	-3.662257540693917290e-01
1.751011453744493338e+03	-3.762692038203342415e-01
1.753014096916299650e+03	-3.792897310700084068e-01
1.755016740088105735e+03	-3.689734742608997697e-01
1.757019383259912047e+03	-3.598225602435085047e-01
1.759022026431718132e+03	-3.579817317871578086e-01
1.761024669603524217e+03	-3.693184905248456107e-01
1.763027312775330529e+03	-3.665800878161314946e-01
1.765029955947136614e+03	-3.706614219512348596e-01
1.767032599118942699e+03	-3.605510827151511277e-01
1.769035242290749011e+03	-3.504918661766550647e-01
1.771037885462555096e+03	-3.545801167573651158e-01
1.773040528634361181e+03	-3.542405864871526200e-01
1.775043171806167493e+03	-3.542581365978382801e-01
1.777045814977973578e+03	-3.444588217746406000e-01
1.779048458149779890e+03	-3.390564908583452164e-01
1.781051101321585975e+03	-3.355873343966940814e-01
1.783053744493392060e+03	-3.352658443392286247e-01
1.785056387665198372e+03	-3.421071433059402755e-01
1.787059030837004457e+03	-3.339419438170984078e-01
1.789061674008810542e+03	-3.237852437428757613e-01
1.791064317180616854e+03	-3.327324510040748917e-01
1.793066960352422939e+03	-3.226556425667507222e-01
1.795069603524229024e+03	-3.193511824143266398e-01
1.797072246696035336e+03	-3.074474050055168162e-01
1.799074889867841421e+03	-2.956820596858148464e-01
1.801077533039647733e+03	-2.947366829747769534e-01
1.803080176211453818e+03	-2.827592250767819726e-01
1.805082819383259903e+03	-2.717212196791846113e-01
1.807085462555066215e+03	-2.671951629063370470e-01
1.809088105726872300e+03	-2.721880469101188860e-01
1.811090748898678385e+03	-2.760990319051802588e-01
1.813093392070484697e+03	-2.717903440508014912e-01
1.815096035242290782e+03	-2.642579364618662940e-01
1.817098678414096867e+03	-2.679492974579215092e-01
1.819101321585903179e+03	-2.783011481278557797e-01
1.821103964757709264e+03	-2.607705589607987595e-01
1.823106607929515576e+03	-2.659627625539014995e-01
1.825109251101321661e+03	-2.705120294629651534e-01
1.827111894273127746e+03	-2.686997165085610595e-01
1.829114537444934058e+03	-2.693141330485889773e-01
1.831117180616740143e+03	-2.733954447972594126e-01
1.833119823788546228e+03	-2.653559400884716313e-01
1.835122466960352540e+03	-2.553892001589511684e-01
1.837125110132158625e+03	-2.510223508357752875e-01
1.839127753303964710e+03	-2.507970791166883595e-01
1.841130396475771022e+03	-2.396504830457678037e-01
1.843133039647577107e+03	-2.400686216918042071e-01
1.845135682819383419e+03	-2.437722183546663091e-01
1.847138325991189504e+03	-2.449322707380003072e-01
1.849140969162995589e+03	-2.319934891463561188e-01
1.851143612334801901e+03	-2.282752194657574896e-01
1.853146255506607986e+03	-2.404328010609565747e-01
1.855148898678414071e+03	-2.346975797351768256e-01
1.857151541850220383e+03	-2.387690499745738215e-01
1.859154185022026468e+03	-2.370848351462761239e-01
1.861156828193832553e+03	-2.346850006112125853e-01
1.863159471365638865e+03	-2.305748363720726835e-01
1.865162114537444950e+03	-2.299579935113147955e-01
1.867164757709251262e+03	-2.310982209594032999e-01
1.869167400881057347e+03	-2.298147543528811509e-01
1.871170044052863432e+03	-2.277597490751436526e-01
1.873172687224669744e+03	-2.314261318906406795e-01
1.875175330396475829e+03	-2.251214176538293421e-01
1.877177973568281914e+03	-2.250866067247320468e-01
1.879180616740088226e+03	-2.270320297407680543e-01
1.881183259911894311e+03	-2.312633688618578598e-01
1.883185903083700396e+03	-2.215876336522037138e-01
1.885188546255506708e+03	-2.078007901863813400e-01
1.887191189427312793e+03	-2.139516186159179656e-01
1.889193832599119105e+03	-2.061231816777659986e-01
1.891196475770925190e+03	-2.037500944723001362e-01
1.893199118942731275e+03	-1.970518901843701376e-01
1.895201762114537587e+03	-1.981289368658687988e-01
1.897204405286343672e+03	-2.025542778349174733e-01
1.899207048458149757e+03	-2.071456040507871355e-01
1.901209691629956069e+03	-1.999343416288515418e-01
1.903212334801762154e+03	-1.980262960514179993e-01
1.905214977973568239e+03	-1.936618666227727936e-01
1.907217621145374551e+03	-1.946796275695373279e-01
1.909220264317180636e+03	-1.969191167602789283e-01
1.911222907488986948e+03	-1.978838556000806492e-01
1.913225550660793033e+03	-1.909737594283609785e-01
1.915228193832599118e+03	-1.816921690635750486e-01
1.917230837004405430e+03	-1.796784167308807523e-01
1.919233480176211515e+03	-1.828104634924221927e-01
1.921236123348017600e+03	-1.765568341360441162e-01
1.923238766519823912e+03	-1.820023505790264173e-01
1.925241409691629997e+03	-1.795731897856648884e-01
1.927244052863436082e+03	-1.728617762589487739e-01
1.929246696035242394e+03	-1.729668489949078292e-01
1.931249339207048479e+03	-1.707745625630113506e-01
1.933251982378854791e+03	-1.673207166881918728e-01
1.935254625550660876e+03	-1.671286513918143757e-01
1.937257268722466961e+03	-1.678482894100070122e-01
1.939259911894273273e+03	-1.704672693424634511e-01
1.941262555066079358e+03	-1.638043512220454523e-01
1.943265198237885443e+03	-1.655315914882313222e-01
1.945267841409691755e+03	-1.610443810666257192e-01
1.947270484581497840e+03	-1.583714215627075039e-01
1.949273127753303925e+03	-1.562459966490315488e-01
1.951275770925110237e+03	-1.584616555885996481e-01
1.953278414096916322e+03	-1.585331977680756732e-01
1.955281057268722634e+03	-1.554648009952125931e-01
1.957283700440528719e+03	-1.565882492475804688e-01
1.959286343612334804e+03	-1.559551330108837619e-01
1.961288986784141116e+03	-1.553808367028012838e-01
1.963291629955947201e+03	-1.485329450562354325e-01
1.965294273127753286e+03	-1.527014354445290212e-01
1.967296916299559598e+03	-1.564225975838384186e-01
1.969299559471365683e+03	-1.543395573483154481e-01
1.971302202643171768e+03	-1.564317833498518051e-01
1.973304845814978080e+03	-1.551138376607857361e-01
1.975307488986784165e+03	-1.507058949129080339e-01
1.977310132158590477e+03	-1.496742784527684278e-01
1.979312775330396562e+03	-1.476982411908202564e-01
1.981315418502202647e+03	-1.468641858889217500e-01
1.983318061674008959e+03	-1.379941531166636870e-01
1.985320704845815044e+03	-1.458163039503888592e-01
1.987323348017621129e+03	-1.518393404035335015e-01
1.989325991189427441e+03	-1.474727980129514893e-01
1.991328634361233526e+03	-1.438291471368548513e-01
1.993331277533039611e+03	-1.408255245198092864e-01
1.995333920704845923e+03	-1.481627999232175141e-01
1.997336563876652008e+03	-1.436153173692824025e-01
1.999339207048458320e+03	-1.455654163154173619e-01
2.001341850220264405e+03	-1.289397964453272150e-01
2.003344493392070490e+03	-1.238615129827697892e-01
2.005347136563876802e+03	-1.224494523288380543e-01
2.007349779735682887e+03	-1.204063736554461944e-01
2.009352422907488972e+03	-1.140215811584213562e-01
2.011355066079295284e+03	-1.111621812599577347e-01
2.013357709251101369e+03	-1.117140785818253323e-01
2.015360352422907454e+03	-1.090478793776020333e-01
2.017362995594713766e+03	-1.086287638297239039e-01
2.019365638766519851e+03	-1.092009668839970943e-01
2.021368281938326163e+03	-1.113120411492922734e-01
2.023370925110132248e+03	-1.086015309520481364e-01
2.025373568281938333e+03	-1.105591992215619879e-01
2.027376211453744645e+03	-1.126422415489549689e-01
2.029378854625550730e+03	-1.161186401634410614e-01
2.031381497797356815e+03	-1.129775630824710192e-01
2.033384140969163127e+03	-1.062083025538538700e-01
2.035386784140969212e+03	-1.087668665905740795e-01
2.037389427312775297e+03	-1.030664249611115968e-01
2.039392070484581609e+03	-1.065642557130049572e-01
2.041394713656387694e+03	-1.034011065713001248e-01
2.043397356828193779e+03	-1.033108650917941435e-01
2.045400000000000091e+03	-1.001227423034089653e-01
2.047402643171806176e+03	-1.014323137631515104e-01
2.049405286343612715e+03	-1.010455859442753318e-01
2.051407929515418800e+03	-9.886328924227774650e-02
2.053410572687224885e+03	-1.018240435971431157e-01
2.055413215859030970e+03	-1.030018046588473124e-01
2.057415859030837055e+03	-1.006643252699160052e-01
2.059418502202643140e+03	-9.936586914715754559e-02
2.061421145374449225e+03	-9.960902498685711426e-02
2.063423788546255309e+03	-9.988924360282265547e-02
2.065426431718061394e+03	-1.015136827730322294e-01
2.067429074889867934e+03	-9.981351749943298546e-02
2.069431718061674019e+03	-9.810947894889979204e-02
2.071434361233480558e+03	-9.960790352774548384e-02
2.073437004405286643e+03	-1.024655315239181713e-01
2.075439647577092728e+03	-9.913769738986585867e-02
2.077442290748898813e+03	-9.761719761760070946e-02
2.079444933920704898e+03	-9.608960853647710576e-02
2.081447577092510983e+03	-9.645620203889120059e-02
2.083450220264317068e+03	-9.696975551100692203e-02
2.085452863436123152e+03	-9.403912554518542577e-02
2.087455506607929237e+03	-9.579263168548576846e-02
2.089458149779735777e+03	-9.078783389095881895e-02
2.091460792951541862e+03	-9.295514255730749631e-02
2.093463436123348401e+03	-9.464032850177336864e-02
2.095466079295154486e+03	-9.230575032158125359e-02
2.097468722466960571e+03	-9.521091406284969139e-02
2.099471365638766656e+03	-9.352605510347597462e-02
2.101474008810572741e+03	-9.011427037817534846e-02
2.103476651982378826e+03	-8.555114959915469108e-02
2.105479295154184911e+03	-8.127485730291079957e-02
2.107481938325990996e+03	-8.540564118046325981e-02
2.109484581497797080e+03	-8.491513087639443458e-02
2.111487224669603620e+03	-8.616814366815170323e-02
2.113489867841409705e+03	-8.543818696650387623e-02
2.115492511013216244e+03	-8.619328569615111735e-02
2.117495154185022329e+03	-8.140747258747185744e-02
2.119497797356828414e+03	-8.141763010156151392e-02
2.121500440528634499e+03	-7.942789190176283154e-02
2.123503083700440584e+03	-7.770113637647642346e-02
2.125505726872246669e+03	-7.772820912564085138e-02
2.127508370044052754e+03	-7.948429162871248344e-02
2.129511013215858839e+03	-7.989761125079444803e-02
2.131513656387664923e+03	-7.950749534569309662e-02
2.133516299559471463e+03	-7.933845778830342366e-02
2.135518942731277548e+03	-7.586350494764063090e-02
2.137521585903084087e+03	-7.696520954953763038e-02
2.139524229074890172e+03	-7.599789260948416891e-02
2.141526872246696257e+03	-7.660409868509124309e-02
2.143529515418502342e+03	-7.788708391838586320e-02
2.145532158590308427e+03	-7.669465494325364285e-02
2.147534801762114512e+03	-7.699018585746933430e-02
2.149537444933920597e+03	-7.606670128403665576e-02
2.151540088105726682e+03	-7.744459534452910465e-02
2.153542731277532766e+03	-7.406987758529695598e-02
2.155545374449339306e+03	-7.133439480846645586e-02
2.157548017621145391e+03	-7.381962807841827012e-02
2.159550660792951930e+03	-7.304358836500582375e-02
2.161553303964758015e+03	-7.334008349118262271e-02
2.163555947136564100e+03	-6.969545346542646569e-02
2.165558590308370185e+03	-7.072174232391512105e-02
2.167561233480176270e+03	-6.950031568431899731e-02
2.169563876651982355e+03	-7.159447142669064790e-02
2.171566519823788440e+03	-6.726145603717699484e-02
2.173569162995594525e+03	-6.639308133498630915e-02
2.175571806167400609e+03	-6.667152673865357759e-02
2.177574449339207149e+03	-6.415985942590636537e-02
2.179577092511013234e+03	-6.432035409078382115e-02
2.181579735682819774e+03	-6.573821086258710422e-02
2.183582378854625858e+03	-6.326038647968741657e-02
2.185585022026431943e+03	-6.394022918888472851e-02
2.187587665198238028e+03	-6.437932980029739682e-02
2.189590308370044113e+03	-6.106970429923265498e-02
2.191592951541850198e+03	-6.317578373793389379e-02
2.193595594713656283e+03	-6.065976947852706053e-02
2.195598237885462368e+03	-6.068426519855328605e-02
2.197600881057268452e+03	-6.423849465280465076e-02
2.199603524229074992e+03	-6.563234483782073858e-02
2.201606167400881077e+03	-6.507786411581303887e-02
2.203608810572687617e+03	-6.369658704578642916e-02
2.205611453744493701e+03	-6.173053483372099859e-02
2.207614096916299786e+03	-6.300514167095269680e-02
2.209616740088105871e+03	-6.365662708595129504e-02
2.211619383259911956e+03	-6.322219627497735472e-02
2.213622026431718041e+03	-6.240570937843507165e-02
2.215624669603524126e+03	-6.137941618038109809e-02
2.217627312775330211e+03	-6.256136807146731038e-02
2.219629955947136295e+03	-6.301771187319862855e-02
2.221632599118942835e+03	-6.293617777158003190e-02
2.223635242290748920e+03	-6.344005630988384936e-02
2.225637885462555460e+03	-6.316354146220196086e-02
2.227640528634361544e+03	-6.219429187016628502e-02
2.229643171806167629e+03	-6.404077686983858375e-02
2.231645814977973714e+03	-6.290733061448497421e-02
2.233648458149779799e+03	-6.373574675218467156e-02
2.235651101321585884e+03	-5.997074320888814286e-02
2.237653744493391969e+03	-5.755140692390202373e-02
2.239656387665198054e+03	-5.649143920544179298e-02
2.241659030837004138e+03	-5.734596050832922731e-02
2.243661674008810678e+03	-5.622507684886016849e-02
2.245664317180616763e+03	-5.540584586939105438e-02
2.247666960352423303e+03	-5.571668565886932212e-02
2.249669603524229387e+03	-5.682096721788565397e-02
2.251672246696035472e+03	-5.624489633750619916e-02
2.253674889867841557e+03	-5.698194679192310208e-02
2.255677533039647642e+03	-5.502765917399867618e-02
2.257680176211453727e+03	-5.359271881569584867e-02
2.259682819383259812e+03	-5.211314983353273339e-02
2.261685462555065897e+03	-5.298249292260507476e-02
2.263688105726871981e+03	-5.136836671821167627e-02
2.265690748898678521e+03	-5.423517708434424239e-02
2.267693392070484606e+03	-5.320340993571320842e-02
2.269696035242291146e+03	-5.149244404299013755e-02
2.271698678414097230e+03	-5.162087171526893309e-02
2.273701321585903315e+03	-5.360609906211345754e-02
2.275703964757709400e+03	-5.207624972640305383e-02
2.277706607929515485e+03	-5.141896582738547661e-02
2.279709251101321570e+03	-5.248312285205134625e-02
2.281711894273127655e+03	-5.365781891977026291e-02
2.283714537444934194e+03	-5.330089891947290687e-02
2.285717180616740279e+03	-5.177749661184727348e-02
2.287719823788546364e+03	-5.312928652394451751e-02
2.289722466960352449e+03	-5.326029309967038328e-02
2.291725110132158534e+03	-5.457163760031584487e-02
2.293727753303964619e+03	-5.306321852331365857e-02
2.295730396475771158e+03	-5.355630372559991997e-02
2.297733039647577243e+03	-5.062712659847210667e-02
2.299735682819383328e+03	-5.225011162761260264e-02
2.301738325991189413e+03	-5.307385385455025417e-02
2.303740969162995498e+03	-5.441984404268446207e-02
2.305743612334802037e+03	-5.316731378964155430e-02
2.307746255506608122e+03	-5.405067291505352006e-02
2.309748898678414207e+03	-5.254145274523845666e-02
2.311751541850220292e+03	-5.192493864387771885e-02
2.313754185022026377e+03	-5.069915649282617093e-02
2.315756828193832462e+03	-5.021976996324042236e-02
2.317759471365639001e+03	-4.942616559232047846e-02
2.319762114537445086e+03	-5.013759161357665001e-02
2.321764757709251171e+03	-5.071204888633186469e-02
2.323767400881057256e+03	-5.143700972608881983e-02
2.325770044052863341e+03	-5.174994057033823619e-02
2.327772687224669880e+03	-4.792693230991341979e-02
2.329775330396475965e+03	-4.628364102842150163e-02
2.331777973568282050e+03	-4.717296596620266375e-02
2.333780616740088135e+03	-4.523704686177887346e-02
2.335783259911894220e+03	-4.484854287714139243e-02
2.337785903083700305e+03	-4.438107914344854160e-02
2.339788546255506844e+03	-4.674836637327905303e-02
2.341791189427312929e+03	-4.569468204642614106e-02
2.343793832599119014e+03	-4.422767640407661294e-02
2.345796475770925099e+03	-4.564682579219691422e-02
2.347799118942731184e+03	-4.566341988916482186e-02
2.349801762114537723e+03	-4.563312412980086163e-02
2.351804405286343808e+03	-4.594718207927551978e-02
2.353807048458149893e+03	-4.634970884523195028e-02
2.355809691629955978e+03	-4.617261644979103047e-02
2.357812334801762063e+03	-4.771197349147077160e-02
2.359814977973568148e+03	-4.660366293626378581e-02
2.361817621145374687e+03	-4.654807016604656927e-02
2.363820264317180772e+03	-4.438365780131568045e-02
2.365822907488986857e+03	-4.427859727185992633e-02
2.367825550660792942e+03	-4.434160145043773704e-02
2.369828193832599027e+03	-4.628847686061006439e-02
2.371830837004405566e+03	-4.569967544043026381e-02
2.373833480176211651e+03	-4.626559467631764094e-02
2.375836123348017736e+03	-4.418771439035042159e-02
2.377838766519823821e+03	-4.461247465006213525e-02
2.379841409691629906e+03	-4.619743192168986046e-02
2.381844052863435991e+03	-4.628009684151727920e-02
2.383846696035242530e+03	-4.381757577863775593e-02
2.385849339207048615e+03	-4.497826030663767266e-02
2.387851982378854700e+03	-4.610252265188739124e-02
2.389854625550660785e+03	-4.313128820974034688e-02
2.391857268722466870e+03	-4.370510267221379419e-02
2.393859911894273409e+03	-4.475041342872602967e-02
2.395862555066079494e+03	-4.342005277451414097e-02
2.397865198237885579e+03	-4.519048360072321080e-02
2.399867841409691664e+03	-4.278017204632864751e-02
2.401870484581497749e+03	-4.271668097826891025e-02
2.403873127753303834e+03	-4.477118805236605936e-02
2.405875770925110373e+03	-4.381983532785162921e-02
2.407878414096916458e+03	-4.323231934530921000e-02
2.409881057268722543e+03	-4.428181899824219780e-02
2.411883700440528628e+03	-4.295160396678533721e-02
2.413886343612334713e+03	-4.286352274899288273e-02
2.415888986784141252e+03	-4.114126008286428382e-02
2.417891629955947337e+03	-4.279521194376811888e-02
2.419894273127753422e+03	-4.083901435949835457e-02
2.421896916299559507e+03	-4.233544581884284702e-02
2.423899559471365592e+03	-4.261609766490230544e-02
2.425902202643171677e+03	-4.182976239844100191e-02
2.427904845814978216e+03	-4.353117947246472330e-02
2.429907488986784301e+03	-4.388912213158442654e-02
2.431910132158590386e+03	-4.388137125864692567e-02
2.433912775330396471e+03	-4.225145896739716800e-02
2.435915418502202556e+03	-4.177762013142966024e-02
2.437918061674009095e+03	-4.051606824408113261e-02
2.439920704845815180e+03	-4.198369695630851939e-02
2.441923348017621265e+03	-4.177677656011440088e-02
2.443925991189427350e+03	-4.055744859606687930e-02
2.445928634361233435e+03	-4.030323927195846728e-02
2.447931277533039520e+03	-4.054647123499553751e-02
2.449933920704846059e+03	-4.210020222962716080e-02
2.451936563876652144e+03	-4.168299447264375152e-02
2.453939207048458229e+03	-4.245941947528048682e-02
2.455941850220264314e+03	-4.237987777411979240e-02
2.457944493392070399e+03	-4.085823092019548464e-02
2.459947136563876938e+03	-4.231504436008161341e-02
2.461949779735683023e+03	-4.220805272867032831e-02
2.463952422907489108e+03	-4.318330424656758454e-02
2.465955066079295193e+03	-4.101012820643482742e-02
2.467957709251101278e+03	-4.208686185283515291e-02
2.469960352422907363e+03	-4.086281863448863738e-02
2.471962995594713902e+03	-4.203961527431371303e-02
2.473965638766519987e+03	-4.061661393516981244e-02
2.475968281938326072e+03	-4.058551994176771288e-02
2.477970925110132157e+03	-4.006777544426833731e-02
2.479973568281938242e+03	-3.787358109513868504e-02
2.481976211453744781e+03	-3.966093628107709990e-02
2.483978854625550866e+03	-3.917149988910764713e-02
2.485981497797356951e+03	-3.853671531215117213e-02
2.487984140969163036e+03	-3.887646321105391045e-02
2.489986784140969121e+03	-3.890929201031788354e-02
2.491989427312775206e+03	-4.014255741154040130e-02
2.493992070484581745e+03	-4.118265261772871555e-02
2.495994713656387830e+03	-3.822297957128638346e-02
2.497997356828193915e+03	-3.868334124003051933e-02
2.500000000000000000e+03	-3.022455330273230573e-02
