1.900000000000000000e+02	1.017591000904594523e-03
1.910434782608695627e+02	-5.240211187812705753e-04
1.920869565217391255e+02	-6.727514559124014425e-04
1.931304347826086882e+02	-1.859516262377571894e-04
1.941739130434782510e+02	-7.541144541449697962e-05
1.952173913043478137e+02	1.032922069448158976e-04
1.962608695652173765e+02	-2.082229093671493416e-03
1.973043478260869676e+02	-5.846088814078994906e-04
1.983478260869565304e+02	1.744971326727905907e-03
1.993913043478260931e+02	1.482712248120901683e-05
2.004347826086956559e+02	-2.554022425482635429e-04
2.014782608695652186e+02	-4.452231015736548311e-04
2.025217391304347814e+02	1.532107544292381999e-03
2.035652173913043441e+02	1.321821618099970879e-03
2.046086956521739069e+02	4.363651858786840002e-04
2.056521739130434696e+02	3.110209323264891102e-05
2.066956521739130324e+02	1.116047094573124291e-03
2.077391304347826235e+02	-1.125660161527264759e-06
2.087826086956521863e+02	-8.480695465240877190e-04
2.098260869565217490e+02	1.748373386479374985e-04
2.108695652173913118e+02	-3.235644767942250132e-04
2.119130434782608745e+02	-1.144060703151539700e-04
2.129565217391304373e+02	-1.396585027152230218e-03
2.140000000000000000e+02	4.015589242387540450e-04
2.150000000000000000e+02	2.223722329301346578e-04
2.155263157894736707e+02	2.011023362211926109e-04
2.160526315789473699e+02	-1.810582526778451579e-02
2.165789473684210407e+02	1.034172360322113821e-01
2.171052631578947398e+02	1.998471510575006854e-02
2.176315789473684106e+02	1.706005443871054864e-02
2.181578947368421098e+02	2.420155210313904709e-02
2.186842105263157805e+02	1.541934284369200249e-02
2.192105263157894797e+02	1.306577457293445731e-02
2.197368421052631504e+02	1.302385355285084513e-02
2.202631578947368496e+02	8.092547553829706119e-04
2.207894736842105203e+02	-3.547792333008357134e-03
2.213157894736842195e+02	7.646181995832038517e-03
2.218421052631578902e+02	-1.163322242896098167e-02
2.223684210526315894e+02	-2.050423739418225783e-02
2.228947368421052602e+02	-2.206792462391128813e-03
2.234210526315789593e+02	-9.210349551866819223e-03
2.239473684210526301e+02	-1.654601649631314703e-02
2.244736842105263008e+02	-2.742465757368262730e-02
2.250000000000000000e+02	-1.081256116440373546e-02
2.270000000000000000e+02	-6.069199319967619882e-02
2.290026431718061701e+02	-1.449102405131763027e-01
2.310052863436123403e+02	-1.202345958140507987e-01
2.330079295154185104e+02	-1.720709315248124260e-01
2.350105726872246805e+02	-2.000543893591303912e-01
2.370132158590308222e+02	-2.437161180671848226e-01
2.390158590308369924e+02	-2.729358767109560935e-01
2.410185022026431625e+02	-3.049304045512445382e-01
2.430211453744493326e+02	-3.418103213768620696e-01
2.450237885462555028e+02	-3.756203985941896084e-01
2.470264317180616729e+02	-4.129914941817149909e-01
2.490290748898678430e+02	-4.507601140284177577e-01
2.510317180616740131e+02	-5.208105773361715318e-01
2.530343612334801833e+02	-5.243899626190000607e-01
2.550370044052863534e+02	-5.581489762189850712e-01
2.570396475770925235e+02	-5.856082925664070071e-01
2.590422907488986652e+02	-6.267505114198120841e-01
2.610449339207048638e+02	-6.592274128800296173e-01
2.630475770925110055e+02	-6.774423043708346359e-01
2.650502202643172041e+02	-7.178791024811121968e-01
2.670528634361233458e+02	-7.457241409219916850e-01
2.690555066079294875e+02	-7.813660390694068258e-01
2.710581497797356860e+02	-8.158184616772559128e-01
2.730607929515418277e+02	-8.307750223463802319e-01
2.750634361233480263e+02	-8.725437371350768245e-01
2.770660792951541680e+02	-8.953225076231264845e-01
2.790687224669603665e+02	-8.997342907543078860e-01
2.810713656387665083e+02	-9.352099304765996157e-01
2.830740088105727068e+02	-9.646937267235301539e-01
2.850766519823788485e+02	-9.962887079340344565e-01
2.870792951541850471e+02	-1.008561620910073398e+00
2.890819383259911888e+02	-1.029489353692613518e+00
2.910845814977973305e+02	-1.067741999157745258e+00
2.930872246696035290e+02	-1.082815442226679137e+00
2.950898678414097276e+02	-1.107772241353776277e+00
2.970925110132158693e+02	-1.134439433649640616e+00
2.990951541850220110e+02	-1.154691594897725881e+00
3.010977973568282096e+02	-1.170505378180668909e+00
3.031004405286343513e+02	-1.193023337267271611e+00
3.051030837004405498e+02	-1.207842820141343365e+00
3.071057268722466915e+02	-1.226574851382392861e+00
3.091083700440528901e+02	-1.224668796733939802e+00
3.111110132158590318e+02	-1.266772274623657157e+00
3.131136563876651735e+02	-1.278496789752186391e+00
3.151162995594713720e+02	-1.308637076206016214e+00
3.171189427312775706e+02	-1.311122090672176110e+00
3.191215859030837123e+02	-1.331845374273762150e+00
3.211242290748898540e+02	-1.330049765996414113e+00
3.231268722466960526e+02	-1.363574233402536917e+00
3.251295154185021943e+02	-1.363118158524540657e+00
3.271321585903083928e+02	-1.380958043086538023e+00
3.291348017621145345e+02	-1.390813749416484502e+00
3.311374449339207331e+02	-1.403722958172541890e+00
3.331400881057268748e+02	-1.415837151373624092e+00
3.351427312775330165e+02	-1.435440199086885027e+00
3.371453744493392151e+02	-1.440137408768852101e+00
3.391480176211454136e+02	-1.451802039674013001e+00
3.411506607929515553e+02	-1.455170402056310319e+00
3.431533039647576970e+02	-1.467854644816045662e+00
3.451559471365638956e+02	-1.473277241449312047e+00
3.471585903083700373e+02	-1.483284449967599894e+00
3.491612334801762358e+02	-1.494851339033994808e+00
3.511638766519823776e+02	-1.496553988021853909e+00
3.531665198237885761e+02	-1.508416162199079036e+00
3.551691629955947178e+02	-1.514875120726925761e+00
3.571718061674008595e+02	-1.509831339787907734e+00
3.591744493392070581e+02	-1.530697792505384403e+00
3.611770925110132566e+02	-1.513397493583181541e+00
3.631797356828193983e+02	-1.524978098121869241e+00
3.651823788546255400e+02	-1.543455839685766717e+00
3.671850220264317386e+02	-1.534854937383145934e+00
3.691876651982378803e+02	-1.541057330572818795e+00
3.711903083700440220e+02	-1.553401560879409171e+00
3.731929515418502206e+02	-1.552309233496063978e+00
3.751955947136564191e+02	-1.560117780083524419e+00
3.771982378854625608e+02	-1.565185499465413965e+00
3.792008810572687025e+02	-1.568689379245161941e+00
3.812035242290749011e+02	-1.569875283856405401e+00
3.832061674008810996e+02	-1.569126631474251798e+00
3.852088105726872413e+02	-1.569703844158183426e+00
3.872114537444933831e+02	-1.560022047987359439e+00
3.892140969162995816e+02	-1.565594761486771791e+00
3.912167400881057233e+02	-1.570449691276807780e+00
3.932193832599118650e+02	-1.574933071257574424e+00
3.952220264317180636e+02	-1.574325276291556053e+00
3.972246696035242621e+02	-1.572590948488377993e+00
3.992273127753304038e+02	-1.574660336099941826e+00
4.012299559471365455e+02	-1.577994899360773529e+00
4.032325991189427441e+02	-1.580145256987432578e+00
4.052352422907489427e+02	-1.570760165356215321e+00
4.072378854625550844e+02	-1.568745753290265110e+00
4.092405286343612261e+02	-1.566018890957639353e+00
4.112431718061674246e+02	-1.569815898325933379e+00
4.132458149779735663e+02	-1.565573498307203604e+00
4.152484581497797080e+02	-1.560503680965948714e+00
4.172511013215859066e+02	-1.566171741921216221e+00
4.192537444933921051e+02	-1.560845553120489226e+00
4.212563876651982469e+02	-1.558765510824487333e+00
4.232590308370043886e+02	-1.562711434902446239e+00
4.252616740088105871e+02	-1.551959283913590060e+00
4.272643171806167857e+02	-1.556082142393379275e+00
4.292669603524229274e+02	-1.556693925641285059e+00
4.312696035242290691e+02	-1.541631152745512434e+00
4.332722466960352676e+02	-1.536244161171016476e+00
4.352748898678414093e+02	-1.538528283740661973e+00
4.372775330396475510e+02	-1.532941823705405771e+00
4.392801762114537496e+02	-1.538726402900687962e+00
4.412828193832599482e+02	-1.538756068645812380e+00
4.432854625550660899e+02	-1.540369927074310308e+00
4.452881057268722316e+02	-1.529353488626599589e+00
4.472907488986784301e+02	-1.529529419482352548e+00
4.492933920704846287e+02	-1.530554285911246648e+00
4.512960352422907704e+02	-1.523569452412444125e+00
4.532986784140969121e+02	-1.516625921351367534e+00
4.553013215859031106e+02	-1.515423947960151008e+00
4.573039647577092524e+02	-1.514436861792159972e+00
4.593066079295153941e+02	-1.516038027396753751e+00
4.613092511013215926e+02	-1.507101598048806057e+00
4.633118942731277912e+02	-1.504240714711640781e+00
4.653145374449339329e+02	-1.507026902935293844e+00
4.673171806167400746e+02	-1.507566563885888389e+00
4.693198237885462731e+02	-1.498643951418494158e+00
4.713224669603524717e+02	-1.506665647796205487e+00
4.733251101321585566e+02	-1.492293913657415372e+00
4.753277533039647551e+02	-1.494267018759022125e+00
4.773303964757709537e+02	-1.489164056376050649e+00
4.793330396475770954e+02	-1.491731688153912661e+00
4.813356828193832371e+02	-1.486769303118107732e+00
4.833383259911894356e+02	-1.489033952960519880e+00
4.853409691629955773e+02	-1.483518980743017135e+00
4.873436123348017759e+02	-1.481198366964834978e+00
4.893462555066079176e+02	-1.483642462684547692e+00
4.913488986784141161e+02	-1.477920472611365721e+00
4.933515418502202579e+02	-1.488820697976425134e+00
4.953541850220264564e+02	-1.471804748629293780e+00
4.973568281938325981e+02	-1.478432904064658882e+00
4.993594713656387967e+02	-1.482741934911797177e+00
5.013621145374449384e+02	-1.475989088038342611e+00
5.033647577092511369e+02	-1.472949883746270228e+00
5.053674008810572786e+02	-1.476923027619397200e+00
5.073700440528634203e+02	-1.478123202525590596e+00
5.093726872246696189e+02	-1.478353485640711451e+00
5.113753303964757606e+02	-1.471914919723322113e+00
5.133779735682819592e+02	-1.478880305975054155e+00
5.153806167400880440e+02	-1.481762523826001487e+00
5.173832599118943563e+02	-1.477509485454548521e+00
5.193859030837004411e+02	-1.482219997616797347e+00
5.213885462555066397e+02	-1.483361961851870081e+00
5.233911894273128382e+02	-1.476486853085919204e+00
5.253938325991189231e+02	-1.477535982128847625e+00
5.273964757709251217e+02	-1.468716810524187455e+00
5.293991189427313202e+02	-1.471714427070081710e+00
5.314017621145374051e+02	-1.474700887660172821e+00
5.334044052863436036e+02	-1.473943834272756437e+00
5.354070484581498022e+02	-1.469650946065284014e+00
5.374096916299558870e+02	-1.479982080243974263e+00
5.394123348017621993e+02	-1.479679108597387494e+00
5.414149779735682841e+02	-1.472049870087942747e+00
5.434176211453744827e+02	-1.474378999287324188e+00
5.454202643171806812e+02	-1.474488238064389334e+00
5.474229074889867661e+02	-1.475732969863004396e+00
5.494255506607929647e+02	-1.476303011728191894e+00
5.514281938325991632e+02	-1.477446131788243466e+00
5.534308370044052481e+02	-1.473684828602290775e+00
5.554334801762114466e+02	-1.478407813376539703e+00
5.574361233480176452e+02	-1.478544949426085164e+00
5.594387665198237301e+02	-1.476642765341240615e+00
5.614414096916300423e+02	-1.478841657337787385e+00
5.634440528634361272e+02	-1.482499072554924080e+00
5.654466960352423257e+02	-1.472474008016850799e+00
5.674493392070485243e+02	-1.473113999511048489e+00
5.694519823788546091e+02	-1.476573302799860432e+00
5.714546255506608077e+02	-1.474120296979503975e+00
5.734572687224670062e+02	-1.469500176260567725e+00
5.754599118942730911e+02	-1.471479704942464384e+00
5.774625550660792896e+02	-1.465934835123940072e+00
5.794651982378854882e+02	-1.465901333291819153e+00
5.814678414096915731e+02	-1.469345875027113113e+00
5.834704845814978853e+02	-1.474703989905660872e+00
5.854731277533039702e+02	-1.466479589557549534e+00
5.874757709251101687e+02	-1.473946898408737827e+00
5.894784140969163673e+02	-1.469631020751700934e+00
5.914810572687224521e+02	-1.461340165822128778e+00
5.934837004405286507e+02	-1.456222377071888285e+00
5.954863436123348492e+02	-1.465126608753471782e+00
5.974889867841409341e+02	-1.465053263460188493e+00
5.994916299559471327e+02	-1.465710418939176973e+00
6.014942731277533312e+02	-1.461378618209546287e+00
6.034969162995594161e+02	-1.459875460127505686e+00
6.054995594713657283e+02	-1.461699682264157030e+00
6.075022026431718132e+02	-1.461885987219698979e+00
6.095048458149780117e+02	-1.462651657722211507e+00
6.115074889867842103e+02	-1.463877491650856566e+00
6.135101321585902951e+02	-1.458483541884175505e+00
6.155127753303964937e+02	-1.451032347897987851e+00
6.175154185022026923e+02	-1.457686168044666442e+00
6.195180616740087771e+02	-1.455685427225840822e+00
6.215207048458149757e+02	-1.446207461426944452e+00
6.235233480176211742e+02	-1.443562528195648564e+00
6.255259911894272591e+02	-1.442011789870285110e+00
6.275286343612335713e+02	-1.446842004012061533e+00
6.295312775330396562e+02	-1.449024271733080571e+00
6.315339207048458547e+02	-1.441407794354566452e+00
6.335365638766520533e+02	-1.436318159239669212e+00
6.355392070484581382e+02	-1.436584631949757718e+00
6.375418502202643367e+02	-1.434172021117019913e+00
6.395444933920705353e+02	-1.436228008645336063e+00
6.415471365638766201e+02	-1.437084360650903836e+00
6.435497797356828187e+02	-1.432876176835162330e+00
6.455524229074890172e+02	-1.425593704237132497e+00
6.475550660792951021e+02	-1.436411678997663532e+00
6.495577092511014143e+02	-1.432304177879234697e+00
6.515603524229074992e+02	-1.428848707051685540e+00
6.535629955947136978e+02	-1.428411857335984525e+00
6.555656387665198963e+02	-1.424123898092653828e+00
6.575682819383259812e+02	-1.429507495771148440e+00
6.595709251101321797e+02	-1.424840912077093957e+00
6.615735682819383783e+02	-1.430847849722718390e+00
6.635762114537444631e+02	-1.424384243293755237e+00
6.655788546255506617e+02	-1.418011109429439198e+00
6.675814977973568602e+02	-1.418259163377530552e+00
6.695841409691629451e+02	-1.413350214465309618e+00
6.715867841409692574e+02	-1.411273049861561102e+00
6.735894273127753422e+02	-1.421109464749437779e+00
6.755920704845815408e+02	-1.411919031936911484e+00
6.775947136563877393e+02	-1.418382955564672532e+00
6.795973568281938242e+02	-1.409593995795430654e+00
6.816000000000000227e+02	-1.411604805721689448e+00
6.836026431718062213e+02	-1.410589988175554144e+00
6.856052863436123062e+02	-1.408783460202534865e+00
6.876079295154185047e+02	-1.411796564949166832e+00
6.896105726872247033e+02	-1.407591215840414467e+00
6.916132158590307881e+02	-1.401042511745778096e+00
6.936158590308371004e+02	-1.399389992388078152e+00
6.956185022026431852e+02	-1.395756132863891441e+00
6.976211453744492701e+02	-1.398794746754923990e+00
6.996237885462555823e+02	-1.394160228979389071e+00
7.016264317180616672e+02	-1.393747824355080933e+00
7.036290748898678657e+02	-1.392882720401488417e+00
7.056317180616740643e+02	-1.385302372285562189e+00
7.076343612334801492e+02	-1.397897096939077155e+00
7.096370044052863477e+02	-1.388034903208529069e+00
7.116396475770925463e+02	-1.385363057912951446e+00
7.136422907488986311e+02	-1.382306819734110404e+00
7.156449339207049434e+02	-1.376369568000363142e+00
7.176475770925110282e+02	-1.375247830942055938e+00
7.196502202643171131e+02	-1.379759563356367291e+00
7.216528634361234253e+02	-1.376209508640614754e+00
7.236555066079295102e+02	-1.383462688781233352e+00
7.256581497797357088e+02	-1.384054785428847634e+00
7.276607929515419073e+02	-1.379345318664983555e+00
7.296634361233479922e+02	-1.376681801087289214e+00
7.316660792951541907e+02	-1.381575618205042044e+00
7.336687224669603893e+02	-1.382543936615379554e+00
7.356713656387664741e+02	-1.375148941290170068e+00
7.376740088105727864e+02	-1.381132272222155510e+00
7.396766519823788713e+02	-1.367416736151762846e+00
7.416792951541850698e+02	-1.368189347830523372e+00
7.436819383259911547e+02	-1.359923006885562113e+00
7.456845814977973532e+02	-1.369152827653757454e+00
7.476872246696035518e+02	-1.365228779226075329e+00
7.496898678414097503e+02	-1.372761849977296666e+00
7.516925110132158352e+02	-1.366929698865059661e+00
7.536951541850220337e+02	-1.356505097726838027e+00
7.556977973568282323e+02	-1.360718248250395224e+00
7.577004405286344308e+02	-1.352614276877992960e+00
7.597030837004405157e+02	-1.345810396248752649e+00
7.617057268722467143e+02	-1.352989456100317067e+00
7.637083700440529128e+02	-1.348439876236163126e+00
7.657110132158589977e+02	-1.359267538002562059e+00
7.677136563876651962e+02	-1.350485598727043435e+00
7.697162995594713948e+02	-1.350354031071724581e+00
7.717189427312775933e+02	-1.351173359004544938e+00
7.737215859030836782e+02	-1.347219407368211774e+00
7.757242290748898768e+02	-1.348821702358779628e+00
7.777268722466960753e+02	-1.346328924947548966e+00
7.797295154185022739e+02	-1.348488979537326937e+00
7.817321585903083587e+02	-1.347697615705116814e+00
7.837348017621145573e+02	-1.345293279782088458e+00
7.857374449339207558e+02	-1.341570392380399657e+00
7.877400881057268407e+02	-1.338769051912336305e+00
7.897427312775330392e+02	-1.343241416376140362e+00
7.917453744493392378e+02	-1.340940715078610790e+00
7.937480176211454364e+02	-1.333634750123538826e+00
7.957506607929515212e+02	-1.333431897619391737e+00
7.977533039647577198e+02	-1.325466795103319217e+00
7.997559471365639183e+02	-1.332474046964320591e+00
8.017585903083701169e+02	-1.333189466638099230e+00
8.037612334801762017e+02	-1.334227452740533781e+00
8.057638766519824003e+02	-1.335732292058626758e+00
8.077665198237885988e+02	-1.330039393690052751e+00
8.097691629955946837e+02	-1.324847780834134792e+00
8.117718061674008823e+02	-1.321276686489069929e+00
8.137744493392070808e+02	-1.324336317354545489e+00
8.157770925110132794e+02	-1.324926612593945618e+00
8.177797356828193642e+02	-1.325257586860628889e+00
8.197823788546255628e+02	-1.324666847496081434e+00
8.217850220264317613e+02	-1.312944772556963624e+00
8.237876651982379599e+02	-1.315149315284835030e+00
8.257903083700440448e+02	-1.314588213551617368e+00
8.277929515418502433e+02	-1.316659728335899171e+00
8.297955947136564419e+02	-1.316883758750533762e+00
8.317982378854625267e+02	-1.315128858579708959e+00
8.338008810572687253e+02	-1.304997027923594732e+00
8.358035242290749238e+02	-1.319801282634056161e+00
8.378061674008811224e+02	-1.305905032650071629e+00
8.398088105726872072e+02	-1.307987211043801334e+00
8.418114537444934058e+02	-1.309107707062564518e+00
8.438140969162996043e+02	-1.303487498494493746e+00
8.458167400881058029e+02	-1.297877101665383837e+00
8.478193832599118878e+02	-1.305146348448130045e+00
8.498220264317180863e+02	-1.290211688605131801e+00
8.518246696035242849e+02	-1.293854399203141714e+00
8.538273127753303697e+02	-1.296506890841554682e+00
8.558299559471365683e+02	-1.296320615919778430e+00
8.578325991189427668e+02	-1.289441982857986613e+00
8.598352422907489654e+02	-1.295027080326214941e+00
8.618378854625550503e+02	-1.291349960341465986e+00
8.638405286343612488e+02	-1.287230237493743434e+00
8.658431718061674474e+02	-1.282033439461096602e+00
8.678458149779735322e+02	-1.278297476144490741e+00
8.698484581497797308e+02	-1.282426134201736456e+00
8.718511013215859293e+02	-1.286521105284668121e+00
8.738537444933921279e+02	-1.284290404418175102e+00
8.758563876651982127e+02	-1.280003224004913509e+00
8.778590308370044113e+02	-1.278352740805824173e+00
8.798616740088106098e+02	-1.275822890770831775e+00
8.818643171806168084e+02	-1.273276590995137125e+00
8.838669603524228933e+02	-1.272486775330153197e+00
8.858696035242290918e+02	-1.278813698058045345e+00
8.878722466960352904e+02	-1.267478601028935170e+00
8.898748898678413752e+02	-1.267924926491990956e+00
8.918775330396475738e+02	-1.274316271658871624e+00
8.938801762114537723e+02	-1.271562120780402649e+00
8.958828193832599709e+02	-1.263085208043421392e+00
8.978854625550660558e+02	-1.258803642629521047e+00
8.998881057268722543e+02	-1.259912662700057195e+00
9.018907488986784529e+02	-1.253710448321315507e+00
9.038933920704846514e+02	-1.252417495064775732e+00
9.058960352422907363e+02	-1.246888338051531431e+00
9.078986784140969348e+02	-1.248567352958267929e+00
9.099013215859031334e+02	-1.247880766347139625e+00
9.119039647577092182e+02	-1.248274060376815431e+00
9.139066079295154168e+02	-1.253761646995912304e+00
9.159092511013216154e+02	-1.253251256112517309e+00
9.179118942731278139e+02	-1.249334105587393662e+00
9.199145374449338988e+02	-1.250086541354570979e+00
9.219171806167400973e+02	-1.244023300384073938e+00
9.239198237885462959e+02	-1.239417678578810023e+00
9.259224669603524944e+02	-1.238677430037447902e+00
9.279251101321585793e+02	-1.236989732175894918e+00
9.299277533039647778e+02	-1.239609955804522157e+00
9.319303964757709764e+02	-1.236427235394399471e+00
9.339330396475770613e+02	-1.226777340220466694e+00
9.359356828193832598e+02	-1.237061639780758338e+00
9.379383259911894584e+02	-1.223709193693076624e+00
9.399409691629956569e+02	-1.213626524348691671e+00
9.419436123348017418e+02	-1.213985574965683600e+00
9.439462555066079403e+02	-1.221181486674507877e+00
9.459488986784141389e+02	-1.223498763797389532e+00
9.479515418502203374e+02	-1.222978527070124333e+00
9.499541850220264223e+02	-1.221325209270599954e+00
9.519568281938326209e+02	-1.218158260608249943e+00
9.539594713656388194e+02	-1.216068504556772734e+00
9.559621145374449043e+02	-1.215548815502969671e+00
9.579647577092511028e+02	-1.209195707717686918e+00
9.599674008810573014e+02	-1.209585220512855219e+00
9.619700440528634999e+02	-1.206732803697124989e+00
9.639726872246695848e+02	-1.200282375886942088e+00
9.659753303964757833e+02	-1.203881912344143768e+00
9.679779735682819819e+02	-1.206269535062999498e+00
9.699806167400881804e+02	-1.208123143787682263e+00
9.719832599118942653e+02	-1.202401378963539047e+00
9.739859030837004639e+02	-1.206880610859737413e+00
9.759885462555066624e+02	-1.203728397338907241e+00
9.779911894273127473e+02	-1.199844172008875720e+00
9.799938325991189458e+02	-1.193474375643134078e+00
9.819964757709251444e+02	-1.189094774803049592e+00
9.839991189427313429e+02	-1.194794237065024856e+00
9.860017621145374278e+02	-1.190511971768722699e+00
9.880044052863436264e+02	-1.189132472350608705e+00
9.900070484581498249e+02	-1.178378321672936435e+00
9.920096916299560235e+02	-1.178274764344097836e+00
9.940123348017621083e+02	-1.180652158963682252e+00
9.960149779735683069e+02	-1.182533526200861385e+00
9.980176211453745054e+02	-1.178095404527733425e+00
1.000020264317180590e+03	-1.173688162492569464e+00
1.002022907488986789e+03	-1.169544336619283253e+00
1.004025550660792987e+03	-1.169374192084406960e+00
1.006028193832599186e+03	-1.169613157727543484e+00
1.008030837004405271e+03	-1.169457692343667699e+00
1.010033480176211469e+03	-1.179693173593440836e+00
1.012036123348017668e+03	-1.168889694950754343e+00
1.014038766519823866e+03	-1.165810092075603377e+00
1.016041409691629951e+03	-1.165197592475873289e+00
1.018044052863436150e+03	-1.155792240155605111e+00
1.020046696035242348e+03	-1.147787242635015748e+00
1.022049339207048433e+03	-1.153185689555721094e+00
1.024051982378854518e+03	-1.153104884539975838e+00
1.026054625550660830e+03	-1.160739483229306312e+00
1.028057268722467143e+03	-1.156006661025622773e+00
1.030059911894273228e+03	-1.155532777805194034e+00
1.032062555066079312e+03	-1.151110264737124522e+00
1.034065198237885397e+03	-1.148255770830332256e+00
1.036067841409691709e+03	-1.151770277131414888e+00
1.038070484581497794e+03	-1.146868095322647552e+00
1.040073127753304107e+03	-1.143476376249176862e+00
1.042075770925110191e+03	-1.149365868704629978e+00
1.044078414096916276e+03	-1.149059726893260969e+00
1.046081057268722361e+03	-1.146296674203684862e+00
1.048083700440528673e+03	-1.142349901924705424e+00
1.050086343612334986e+03	-1.134979293283758128e+00
1.052088986784141071e+03	-1.137526258593806627e+00
1.054091629955947155e+03	-1.134084917884417676e+00
1.056094273127753240e+03	-1.142391982138262652e+00
1.058096916299559552e+03	-1.131670556242551084e+00
1.060099559471365637e+03	-1.139371160789823367e+00
1.062102202643171950e+03	-1.127259738185562465e+00
1.064104845814978034e+03	-1.119594509348080802e+00
1.066107488986784119e+03	-1.117855479268646146e+00
1.068110132158590204e+03	-1.111425258028690966e+00
1.070112775330396516e+03	-1.115646940206288296e+00
1.072115418502202829e+03	-1.118563418029178802e+00
1.074118061674008914e+03	-1.118927664096488694e+00
1.076120704845814998e+03	-1.113996835577690359e+00
1.078123348017621083e+03	-1.121679399134944521e+00
1.080125991189427396e+03	-1.120015314315661481e+00
1.082128634361233480e+03	-1.109470842468671226e+00
1.084131277533039793e+03	-1.105156750754420880e+00
1.086133920704845877e+03	-1.104909861163017926e+00
1.088136563876651962e+03	-1.104132316457138163e+00
1.090139207048458047e+03	-1.104114468270893656e+00
1.092141850220264359e+03	-1.099710305438436730e+00
1.094144493392070672e+03	-1.107855492114049323e+00
1.096147136563876757e+03	-1.096731958029555809e+00
1.098149779735682841e+03	-1.089421371927099980e+00
1.100152422907488926e+03	-1.100240355172650286e+00
1.102155066079295239e+03	-1.089344194425089452e+00
1.104157709251101323e+03	-1.097119802004913769e+00
1.106160352422907636e+03	-1.091192728013381963e+00
1.108162995594713720e+03	-1.082626413400582077e+00
1.110165638766519805e+03	-1.083703440828057918e+00
1.112168281938325890e+03	-1.075848665649685953e+00
1.114170925110132202e+03	-1.069176227453742190e+00
1.116173568281938515e+03	-1.063302205789280475e+00
1.118176211453744600e+03	-1.068749994528441771e+00
1.120178854625550684e+03	-1.063661593099651581e+00
1.122181497797356769e+03	-1.060526019905370543e+00
1.124184140969163082e+03	-1.057288420935416751e+00
1.126186784140969166e+03	-1.053821489930338640e+00
1.128189427312775479e+03	-1.059494819051863157e+00
1.130192070484581564e+03	-1.054213686041036713e+00
1.132194713656387648e+03	-1.044286275281776089e+00
1.134197356828193733e+03	-1.041484875479814942e+00
1.136200000000000045e+03	-1.044321420660022870e+00
1.138202643171806358e+03	-1.034801738331072141e+00
1.140205286343612443e+03	-1.034104776226398403e+00
1.142207929515418527e+03	-1.025338687599048892e+00
1.144210572687224612e+03	-1.034094998064598148e+00
1.146213215859030697e+03	-1.038289601050226718e+00
1.148215859030837009e+03	-1.028721026842948749e+00
1.150218502202643322e+03	-1.024012153757388521e+00
1.152221145374449407e+03	-1.029424159235747371e+00
1.154223788546255491e+03	-1.023597204065172850e+00
1.156226431718061576e+03	-1.029215382522959077e+00
1.158229074889867888e+03	-1.033906930426195192e+00
1.160231718061674201e+03	-1.032578537357042858e+00
1.162234361233480286e+03	-1.017668002589636078e+00
1.164237004405286370e+03	-1.017138687467253444e+00
1.166239647577092455e+03	-1.015286075773914387e+00
1.168242290748898540e+03	-1.017218151822217198e+00
1.170244933920704852e+03	-1.015953655082026952e+00
1.172247577092511165e+03	-1.008706148369681754e+00
1.174250220264317250e+03	-1.000639634313727822e+00
1.176252863436123334e+03	-9.956881959932033510e-01
1.178255506607929419e+03	-9.916623329009279786e-01
1.180258149779735731e+03	-9.908236344704992593e-01
1.182260792951542044e+03	-9.982410123895062437e-01
1.184263436123348129e+03	-9.965491975547434711e-01
1.186266079295154213e+03	-9.961766229448281162e-01
1.188268722466960298e+03	-9.950639514692019016e-01
1.190271365638766383e+03	-9.901373510125999200e-01
1.192274008810572695e+03	-9.788072185639865586e-01
1.194276651982379008e+03	-9.822736451766205246e-01
1.196279295154185093e+03	-9.891243962596977246e-01
1.198281938325991177e+03	-9.831864535354604140e-01
1.200284581497797262e+03	-9.769500456487498763e-01
1.202287224669603575e+03	-9.786915510587916867e-01
1.204289867841409887e+03	-9.697891640054013829e-01
1.206292511013215972e+03	-9.797616556186626857e-01
1.208295154185022056e+03	-9.784870786681135746e-01
1.210297797356828141e+03	-9.749589291784761524e-01
1.212300440528634226e+03	-9.757927856730626015e-01
1.214303083700440538e+03	-9.812277639412471109e-01
1.216305726872246851e+03	-9.738091204121577249e-01
1.218308370044052936e+03	-9.692597399531998059e-01
1.220311013215859020e+03	-9.671911356939283388e-01
1.222313656387665105e+03	-9.670597754063686713e-01
1.224316299559471418e+03	-9.550556621629210374e-01
1.226318942731277730e+03	-9.471933763447951682e-01
1.228321585903083815e+03	-9.483552878328092017e-01
1.230324229074889899e+03	-9.507081986292623688e-01
1.232326872246695984e+03	-9.459545503545537803e-01
1.234329515418502069e+03	-9.494695818851960345e-01
1.236332158590308381e+03	-9.426446743045111543e-01
1.238334801762114694e+03	-9.413971699136279847e-01
1.240337444933920779e+03	-9.354081969771638194e-01
1.242340088105726863e+03	-9.354217266282478516e-01
1.244342731277532948e+03	-9.315971472275282883e-01
1.246345374449339261e+03	-9.205872437039850364e-01
1.248348017621145573e+03	-9.144544171894656293e-01
1.250350660792951658e+03	-9.226893291992727120e-01
1.252353303964757743e+03	-9.170817658012246909e-01
1.254355947136563827e+03	-9.159187225406147936e-01
1.256358590308370140e+03	-9.074759949458911512e-01
1.258361233480176224e+03	-9.132724471006545830e-01
1.260363876651982309e+03	-9.155652903851209112e-01
1.262366519823788622e+03	-9.055939132568866512e-01
1.264369162995594706e+03	-9.015628528894492622e-01
1.266371806167401019e+03	-9.041078600825572797e-01
1.268374449339207104e+03	-9.110818066980375107e-01
1.270377092511013188e+03	-9.082962018039626440e-01
1.272379735682819501e+03	-8.998268072678505813e-01
1.274382378854625586e+03	-8.918052734420104377e-01
1.276385022026431670e+03	-8.826883422131185375e-01
1.278387665198237983e+03	-8.960492793372194509e-01
1.280390308370044067e+03	-8.912814608209844724e-01
1.282392951541850152e+03	-8.892963955461304915e-01
1.284395594713656465e+03	-8.881175886076079218e-01
1.286398237885462549e+03	-8.924259224900463749e-01
1.288400881057268862e+03	-8.802027200405344587e-01
1.290403524229074947e+03	-8.713857051478562932e-01
1.292406167400881031e+03	-8.724671342935789164e-01
1.294408810572687344e+03	-8.661956552322471747e-01
1.296411453744493429e+03	-8.642573387536337526e-01
1.298414096916299513e+03	-8.720069670145523810e-01
1.300416740088105826e+03	-8.492820157393413671e-01
1.302419383259911910e+03	-8.439521954404767268e-01
1.304422026431717995e+03	-8.486627774921938760e-01
1.306424669603524308e+03	-8.537283249505337457e-01
1.308427312775330392e+03	-8.439375287157886429e-01
1.310429955947136705e+03	-8.398394133822204566e-01
1.312432599118942790e+03	-8.376168068264082667e-01
1.314435242290748874e+03	-8.392913656639537923e-01
1.316437885462555187e+03	-8.188309582701037703e-01
1.318440528634361272e+03	-8.415400797308960623e-01
1.320443171806167356e+03	-8.340837776672035409e-01
1.322445814977973669e+03	-8.237646240268998721e-01
1.324448458149779754e+03	-8.176823487236383192e-01
1.326451101321585838e+03	-8.214209447153203447e-01
1.328453744493392151e+03	-8.110779251687521008e-01
1.330456387665198235e+03	-8.119928277106239767e-01
1.332459030837004548e+03	-8.122389422829104921e-01
1.334461674008810633e+03	-8.077825539127884147e-01
1.336464317180616717e+03	-7.926060121937352765e-01
1.338466960352423030e+03	-7.933193498198265470e-01
1.340469603524229115e+03	-8.063299356530760909e-01
1.342472246696035199e+03	-7.984892788315700596e-01
1.344474889867841512e+03	-8.041188020418077453e-01
1.346477533039647597e+03	-8.058584670707042985e-01
1.348480176211453681e+03	-8.038701714207066029e-01
1.350482819383259994e+03	-8.018520418583940934e-01
1.352485462555066078e+03	-7.984092589645295224e-01
1.354488105726872391e+03	-7.919206019708993072e-01
1.356490748898678476e+03	-7.876685943116477073e-01
1.358493392070484560e+03	-7.919646927009791337e-01
1.360496035242290873e+03	-7.862889071196541568e-01
1.362498678414096958e+03	-7.787027126893161233e-01
1.364501321585903042e+03	-7.773517791068608185e-01
1.366503964757709355e+03	-7.717159107501869730e-01
1.368506607929515440e+03	-7.744294459871181591e-01
1.370509251101321524e+03	-7.718979090870516924e-01
1.372511894273127837e+03	-7.586031749430409699e-01
1.374514537444933922e+03	-7.624160200191669734e-01
1.376517180616740234e+03	-7.612706760791818628e-01
1.378519823788546319e+03	-7.575133715601525264e-01
1.380522466960352403e+03	-7.633227414678345202e-01
1.382525110132158716e+03	-7.672350518833196409e-01
1.384527753303964801e+03	-7.498933145120607602e-01
1.386530396475770885e+03	-7.415059112979183187e-01
1.388533039647577198e+03	-7.461103883204611709e-01
1.390535682819383283e+03	-7.420717474253251122e-01
1.392538325991189367e+03	-7.443639819655784029e-01
1.394540969162995680e+03	-7.449490878057977161e-01
1.396543612334801765e+03	-7.503236521736560416e-01
1.398546255506608077e+03	-7.415967129229976695e-01
1.400548898678414162e+03	-7.365443696956675002e-01
1.402551541850220246e+03	-7.303094678800470252e-01
1.404554185022026559e+03	-7.255264687470177609e-01
1.406556828193832644e+03	-7.225554050903613135e-01
1.408559471365638728e+03	-7.297750708031939260e-01
1.410562114537445041e+03	-7.316906293367757552e-01
1.412564757709251126e+03	-7.134922616677583651e-01
1.414567400881057210e+03	-7.083221251010238806e-01
1.416570044052863523e+03	-7.078511273300746032e-01
1.418572687224669608e+03	-7.073120509213255414e-01
1.420575330396475920e+03	-7.072192299127471049e-01
1.422577973568282005e+03	-7.059742694218107406e-01
1.424580616740088090e+03	-6.991665084803539987e-01
1.426583259911894402e+03	-7.061335231093026632e-01
1.428585903083700487e+03	-7.066656104907943492e-01
1.430588546255506571e+03	-7.089231729736529264e-01
1.432591189427312884e+03	-7.086544316965193158e-01
1.434593832599118969e+03	-7.084280207536493013e-01
1.436596475770925053e+03	-6.987810055438019585e-01
1.438599118942731366e+03	-6.972168537082621409e-01
1.440601762114537451e+03	-6.920125080846186716e-01
1.442604405286343763e+03	-6.930630082296296290e-01
1.444607048458149848e+03	-6.861246512222087812e-01
1.446609691629955933e+03	-6.847117506629307737e-01
1.448612334801762245e+03	-6.678200988189800791e-01
1.450614977973568330e+03	-6.756327868899443256e-01
1.452617621145374414e+03	-6.816443745686224798e-01
1.454620264317180727e+03	-6.748133888765061039e-01
1.456622907488986812e+03	-6.763519426822088842e-01
1.458625550660792896e+03	-6.694844037723923780e-01
1.460628193832599209e+03	-6.691861396012226404e-01
1.462630837004405294e+03	-6.643530938455717294e-01
1.464633480176211606e+03	-6.627996943888494474e-01
1.466636123348017691e+03	-6.576140799625516120e-01
1.468638766519823776e+03	-6.652605774673949757e-01
1.470641409691630088e+03	-6.506834353119794745e-01
1.472644052863436173e+03	-6.540422146914612878e-01
1.474646696035242257e+03	-6.564242916803216810e-01
1.476649339207048570e+03	-6.460690381311728903e-01
1.478651982378854655e+03	-6.361593617750932461e-01
1.480654625550660739e+03	-6.361031291535212961e-01
1.482657268722467052e+03	-6.356500061755007147e-01
1.484659911894273137e+03	-6.310152019297270432e-01
1.486662555066079449e+03	-6.158000446058775612e-01
1.488665198237885534e+03	-6.208104720529930010e-01
1.490667841409691619e+03	-6.304391563441609225e-01
1.492670484581497931e+03	-6.307795053323397294e-01
1.494673127753304016e+03	-6.381157768815320930e-01
1.496675770925110101e+03	-6.171966113051242653e-01
1.498678414096916413e+03	-6.085897304217711135e-01
1.500681057268722498e+03	-6.069258316501777717e-01
1.502683700440528582e+03	-5.963395249174798796e-01
1.504686343612334895e+03	-6.035780151064875643e-01
1.506688986784140980e+03	-6.007107109052334248e-01
1.508691629955947064e+03	-5.943341177616219273e-01
1.510694273127753377e+03	-5.850034233622574131e-01
1.512696916299559462e+03	-5.863081678916912676e-01
1.514699559471365774e+03	-5.884036380950721234e-01
1.516702202643171859e+03	-5.823021242294308397e-01
1.518704845814977944e+03	-5.937007388011477094e-01
1.520707488986784256e+03	-5.912221135785065140e-01
1.522710132158590341e+03	-5.835296748140972323e-01
1.524712775330396425e+03	-5.742598496374332617e-01
1.526715418502202738e+03	-5.647246319402972059e-01
1.528718061674008823e+03	-5.620920926511029370e-01
1.530720704845814907e+03	-5.579395892496437082e-01
1.532723348017621220e+03	-5.656334865842829185e-01
1.534725991189427305e+03	-5.560249495563608368e-01
1.536728634361233617e+03	-5.620773142320423243e-01
1.538731277533039702e+03	-5.580194712229393783e-01
1.540733920704845787e+03	-5.393942769323969433e-01
1.542736563876652099e+03	-5.320961691220957857e-01
1.544739207048458184e+03	-5.398798103480298982e-01
1.546741850220264269e+03	-5.278748106051966982e-01
1.548744493392070581e+03	-5.210577991249036867e-01
1.550747136563876666e+03	-5.136431763773920967e-01
1.552749779735682750e+03	-5.087834086749347673e-01
1.554752422907489063e+03	-5.153868683500031356e-01
1.556755066079295148e+03	-5.111244039623386026e-01
1.558757709251101460e+03	-5.108366354513453889e-01
1.560760352422907545e+03	-5.120543660744821812e-01
1.562762995594713630e+03	-5.185532319036443294e-01
1.564765638766519942e+03	-5.247754361201157902e-01
1.566768281938326027e+03	-5.238648296255770109e-01
1.568770925110132112e+03	-5.131982649958309883e-01
1.570773568281938424e+03	-5.000095664775219273e-01
1.572776211453744509e+03	-4.980723330247865954e-01
1.574778854625550593e+03	-4.909345459976560133e-01
1.576781497797356906e+03	-4.875651501637153773e-01
1.578784140969162991e+03	-4.845821583173600677e-01
1.580786784140969303e+03	-4.779755073410346666e-01
1.582789427312775388e+03	-4.831332327042854868e-01
1.584792070484581473e+03	-4.783636617492563192e-01
1.586794713656387785e+03	-4.775216919373622138e-01
1.588797356828193870e+03	-4.751087998703503734e-01
1.590799999999999955e+03	-4.750388823051025500e-01
1.592802643171806267e+03	-4.714970721967445266e-01
1.594805286343612352e+03	-4.694434906741123958e-01
1.596807929515418436e+03	-4.645158942335825825e-01
1.598810572687224749e+03	-4.574041989738972802e-01
1.600813215859030834e+03	-4.579478986053404088e-01
1.602815859030837146e+03	-4.607394724761398885e-01
1.604818502202643231e+03	-4.531069630544719007e-01
1.606821145374449316e+03	-4.570938671777648454e-01
1.608823788546255628e+03	-4.571633179603099562e-01
1.610826431718061713e+03	-4.604411731428873500e-01
1.612829074889867798e+03	-4.559508921604732423e-01
1.614831718061674110e+03	-4.345257749838334904e-01
1.616834361233480195e+03	-4.229205834791096019e-01
1.618837004405286280e+03	-4.329675908749134328e-01
1.620839647577092592e+03	-4.379053235306281655e-01
1.622842290748898677e+03	-4.318199287680927201e-01
1.624844933920704989e+03	-4.246163958722289355e-01
1.626847577092511074e+03	-4.272548678481252749e-01
1.628850220264317159e+03	-4.311381372836761150e-01
1.630852863436123471e+03	-4.305730352722493270e-01
1.632855506607929556e+03	-4.188308799697127438e-01
1.634858149779735641e+03	-4.202643673326004747e-01
1.636860792951541953e+03	-4.182230613694887245e-01
1.638863436123348038e+03	-4.133848737774658555e-01
1.640866079295154123e+03	-4.159215209136905567e-01
1.642868722466960435e+03	-4.121004382268290689e-01
1.644871365638766520e+03	-4.115229283041753616e-01
1.646874008810572832e+03	-4.142307067666869957e-01
1.648876651982378917e+03	-4.031643471844036375e-01
1.650879295154185002e+03	-3.971063391913051133e-01
1.652881938325991314e+03	-3.937921885729537275e-01
1.654884581497797399e+03	-4.034999665514206191e-01
1.656887224669603484e+03	-4.073689178324403914e-01
1.658889867841409796e+03	-4.095855259184835728e-01
1.660892511013215881e+03	-3.983596659522928851e-01
1.662895154185021966e+03	-3.908071176401823332e-01
1.664897797356828278e+03	-3.862235178438623850e-01
1.666900440528634363e+03	-3.781313016093955648e-01
1.668903083700440675e+03	-3.773908816000776101e-01
1.670905726872246760e+03	-3.769780475789789032e-01
1.672908370044052845e+03	-3.714538873353989135e-01
1.674911013215859157e+03	-3.764066420038444383e-01
1.676913656387665242e+03	-3.754030877435411417e-01
1.678916299559471327e+03	-3.708784812748656678e-01
1.680918942731277639e+03	-3.672074259828958520e-01
1.682921585903083724e+03	-3.634487020727447115e-01
1.684924229074889809e+03	-3.541745379405755179e-01
1.686926872246696121e+03	-3.468364379978418621e-01
1.688929515418502206e+03	-3.321595942561492154e-01
1.690932158590308518e+03	-3.226216695940672397e-01
1.692934801762114603e+03	-3.231569706176290468e-01
1.694937444933920688e+03	-3.108842002427342210e-01
1.696940088105727000e+03	-3.137042926203225113e-01
1.698942731277533085e+03	-3.243708673568054257e-01
1.700945374449339170e+03	-3.348503274031667809e-01
1.702948017621145482e+03	-3.296084796673456330e-01
1.704950660792951567e+03	-3.279539289275928970e-01
1.706953303964757652e+03	-3.239485202084863014e-01
1.708955947136563964e+03	-3.147844087968586502e-01
1.710958590308370049e+03	-3.078515696957707659e-01
1.712961233480176361e+03	-3.020531579870332495e-01
1.714963876651982446e+03	-2.894534192681502693e-01
1.716966519823788531e+03	-2.815107331891837927e-01
1.718969162995594843e+03	-2.798535729038366116e-01
1.720971806167400928e+03	-2.861658549828508535e-01
1.722974449339207013e+03	-2.812266391920056341e-01
1.724977092511013325e+03	-2.827239378763116706e-01
1.726979735682819410e+03	-2.724492716479619547e-01
1.728982378854625495e+03	-2.745978952472208912e-01
1.730985022026431807e+03	-2.747662636197404362e-01
1.732987665198237892e+03	-2.761454371250190443e-01
1.734990308370044204e+03	-2.692622462644443937e-01
1.736992951541850289e+03	-2.642656623933646864e-01
1.738995594713656374e+03	-2.586109951845182442e-01
1.740998237885462686e+03	-2.571942603237941105e-01
1.743000881057268771e+03	-2.612602662740800552e-01
1.745003524229074856e+03	-2.593230625026555214e-01
1.747006167400881168e+03	-2.601927317614561863e-01
1.749008810572687253e+03	-2.539049430391461248e-01
1.751011453744493338e+03	-2.520162353283611489e-01
1.753014096916299650e+03	-2.514100416125560900e-01
1.755016740088105735e+03	-2.462339657955447403e-01
1.757019383259912047e+03	-2.509741622925287241e-01
1.759022026431718132e+03	-2.470428521161631141e-01
1.761024669603524217e+03	-2.405958715796203129e-01
1.763027312775330529e+03	-2.528457806881444503e-01
1.765029955947136614e+03	-2.458426903739456271e-01
1.767032599118942699e+03	-2.455814884018545086e-01
1.769035242290749011e+03	-2.390241134554548785e-01
1.771037885462555096e+03	-2.341022944327159627e-01
1.773040528634361181e+03	-2.377356506386118506e-01
1.775043171806167493e+03	-2.355050102017220703e-01
1.777045814977973578e+03	-2.325353977281453266e-01
1.779048458149779890e+03	-2.260495743182837636e-01
1.781051101321585975e+03	-2.317932010799933218e-01
1.783053744493392060e+03	-2.294214039381927139e-01
1.785056387665198372e+03	-2.275251267886607420e-01
1.787059030837004457e+03	-2.269266527104081277e-01
1.789061674008810542e+03	-2.264292305666645855e-01
1.791064317180616854e+03	-2.252148961082630352e-01
1.793066960352422939e+03	-2.183640910084042319e-01
1.795069603524229024e+03	-2.197002508785969588e-01
1.797072246696035336e+03	-2.145831190811359757e-01
1.799074889867841421e+03	-2.185069965985221019e-01
1.801077533039647733e+03	-2.100030833137818964e-01
1.803080176211453818e+03	-2.066738086107074712e-01
1.805082819383259903e+03	-2.059182253429812925e-01
1.807085462555066215e+03	-1.991486303434811256e-01
1.809088105726872300e+03	-1.962526588558978768e-01
1.811090748898678385e+03	-1.923717987713548239e-01
1.813093392070484697e+03	-1.928334521656592249e-01
1.815096035242290782e+03	-1.906600179602830070e-01
1.817098678414096867e+03	-1.879047163990573144e-01
1.819101321585903179e+03	-1.873515277444702254e-01
1.821103964757709264e+03	-1.897384822275606786e-01
1.823106607929515576e+03	-1.906089498936257010e-01
1.825109251101321661e+03	-1.817050837397818364e-01
1.827111894273127746e+03	-1.810809981964294768e-01
1.829114537444934058e+03	-1.814209954840395045e-01
1.831117180616740143e+03	-1.847360938319818902e-01
1.833119823788546228e+03	-1.758842782478238775e-01
1.835122466960352540e+03	-1.764397370945746668e-01
1.837125110132158625e+03	-1.724046645593197147e-01
1.839127753303964710e+03	-1.661044609730379096e-01
1.841130396475771022e+03	-1.651519741543372999e-01
1.843133039647577107e+03	-1.641429282869407147e-01
1.845135682819383419e+03	-1.691992949034445970e-01
1.847138325991189504e+03	-1.668684172948195210e-01
1.849140969162995589e+03	-1.604259463632228544e-01
1.851143612334801901e+03	-1.579565048488892620e-01
1.853146255506607986e+03	-1.603545639224058239e-01
1.855148898678414071e+03	-1.581016692711464666e-01
1.857151541850220383e+03	-1.522405782398656426e-01
1.859154185022026468e+03	-1.530979902148157934e-01
1.861156828193832553e+03	-1.562653358406932980e-01
1.863159471365638865e+03	-1.498471848294455067e-01
1.865162114537444950e+03	-1.471516615518592697e-01
1.867164757709251262e+03	-1.469381604025720711e-01
1.869167400881057347e+03	-1.515326995723891845e-01
1.871170044052863432e+03	-1.520715385558907840e-01
1.873172687224669744e+03	-1.479115877539065038e-01
1.875175330396475829e+03	-1.447845337752929340e-01
1.877177973568281914e+03	-1.388507697988358713e-01
1.879180616740088226e+03	-1.422399935482308586e-01
1.881183259911894311e+03	-1.392822978641407583e-01
1.883185903083700396e+03	-1.335125675063109640e-01
1.885188546255506708e+03	-1.341883799861686710e-01
1.887191189427312793e+03	-1.374536928495738164e-01
1.889193832599119105e+03	-1.282354416262677099e-01
1.891196475770925190e+03	-1.286173381215379163e-01
1.893199118942731275e+03	-1.363183044578918646e-01
1.895201762114537587e+03	-1.351690716094164357e-01
1.897204405286343672e+03	-1.311849261543983070e-01
1.899207048458149757e+03	-1.314424238410582257e-01
1.901209691629956069e+03	-1.365746908848968766e-01
1.903212334801762154e+03	-1.344607171553631741e-01
1.905214977973568239e+03	-1.293473011220958591e-01
1.907217621145374551e+03	-1.277834484924005864e-01
1.909220264317180636e+03	-1.271202136311798958e-01
1.911222907488986948e+03	-1.194087612738179427e-01
1.913225550660793033e+03	-1.153825575854704744e-01
1.915228193832599118e+03	-1.163384258306617430e-01
1.917230837004405430e+03	-1.088325978648442549e-01
1.919233480176211515e+03	-1.044763802698228938e-01
1.921236123348017600e+03	-1.062161959116844356e-01
1.923238766519823912e+03	-1.026590647607943385e-01
1.925241409691629997e+03	-1.008282098425017786e-01
1.927244052863436082e+03	-1.000387952436303518e-01
1.929246696035242394e+03	-1.020786420002834510e-01
1.931249339207048479e+03	-1.021885381388015074e-01
1.933251982378854791e+03	-9.934509031185276284e-02
1.935254625550660876e+03	-9.550661103934084128e-02
1.937257268722466961e+03	-9.315962999173268977e-02
1.939259911894273273e+03	-9.634549906602481173e-02
1.941262555066079358e+03	-9.573429916354977975e-02
1.943265198237885443e+03	-9.589865808241723744e-02
1.945267841409691755e+03	-9.953973921007822079e-02
1.947270484581497840e+03	-9.455073347842821163e-02
1.949273127753303925e+03	-9.443100405576995704e-02
1.951275770925110237e+03	-9.375389888009963424e-02
1.953278414096916322e+03	-9.611167920188720681e-02
1.955281057268722634e+03	-9.372199333812152033e-02
1.957283700440528719e+03	-9.243305080372840599e-02
1.959286343612334804e+03	-9.163460864676711837e-02
1.961288986784141116e+03	-9.122692935604484465e-02
1.963291629955947201e+03	-9.255342578946892940e-02
1.965294273127753286e+03	-9.240421574666561610e-02
1.967296916299559598e+03	-8.984694587504407637e-02
1.969299559471365683e+03	-9.099344419610130852e-02
1.971302202643171768e+03	-8.767801743736111653e-02
1.973304845814978080e+03	-8.981906552457599724e-02
1.975307488986784165e+03	-9.035775967354350846e-02
1.977310132158590477e+03	-8.791409156225057919e-02
1.979312775330396562e+03	-8.724713683518039997e-02
1.981315418502202647e+03	-8.323607479575052814e-02
1.983318061674008959e+03	-8.586601456834166979e-02
1.985320704845815044e+03	-8.613704966300103627e-02
1.987323348017621129e+03	-8.255784415131324494e-02
1.989325991189427441e+03	-8.251385540130337648e-02
1.991328634361233526e+03	-8.031189782287054268e-02
1.993331277533039611e+03	-7.657751612587379575e-02
1.995333920704845923e+03	-7.776671410527327688e-02
1.997336563876652008e+03	-7.828638603254370332e-02
1.999339207048458320e+03	-8.086444532754229197e-02
2.001341850220264405e+03	-7.536768664666845807e-02
2.003344493392070490e+03	-7.523781082088235039e-02
2.005347136563876802e+03	-7.488427135255729117e-02
2.007349779735682887e+03	-7.344997687424040245e-02
2.009352422907488972e+03	-7.650742011470404447e-02
2.011355066079295284e+03	-7.080504889388020140e-02
2.013357709251101369e+03	-7.133712953363854914e-02
2.015360352422907454e+03	-7.028892242980359917e-02
2.017362995594713766e+03	-7.309159994843419939e-02
2.019365638766519851e+03	-7.026314119781093548e-02
2.021368281938326163e+03	-7.233650935079685707e-02
2.023370925110132248e+03	-6.996986667422419592e-02
2.025373568281938333e+03	-6.909150322529003518e-02
2.027376211453744645e+03	-6.837701722378883296e-02
2.029378854625550730e+03	-6.708065458293352434e-02
2.031381497797356815e+03	-6.750525532722803645e-02
2.033384140969163127e+03	-6.863209661611804902e-02
2.035386784140969212e+03	-6.843308861510646879e-02
2.037389427312775297e+03	-6.817268870426271277e-02
2.039392070484581609e+03	-6.705792965857496069e-02
2.041394713656387694e+03	-6.869413170445462513e-02
2.043397356828193779e+03	-6.665702062959180663e-02
2.045400000000000091e+03	-6.520226252310831749e-02
2.047402643171806176e+03	-6.495378823392619627e-02
2.049405286343612715e+03	-6.478410998782133112e-02
2.051407929515418800e+03	-6.410603814718637827e-02
2.053410572687224885e+03	-6.577559237549410187e-02
2.055413215859030970e+03	-6.610640928937547289e-02
2.057415859030837055e+03	-6.301238975227221872e-02
2.059418502202643140e+03	-6.403932718746832564e-02
2.061421145374449225e+03	-6.347743530573332627e-02
2.063423788546255309e+03	-6.386561961684236732e-02
2.065426431718061394e+03	-6.349242035756050284e-02
2.067429074889867934e+03	-6.334787819858930802e-02
2.069431718061674019e+03	-6.331790708562620718e-02
2.071434361233480558e+03	-6.058902755029980242e-02
2.073437004405286643e+03	-6.010964186931668646e-02
2.075439647577092728e+03	-6.064784316591499691e-02
2.077442290748898813e+03	-6.165222024714693549e-02
2.079444933920704898e+03	-5.923289022201982945e-02
2.081447577092510983e+03	-6.076724954427627917e-02
2.083450220264317068e+03	-5.815390509316333695e-02
2.085452863436123152e+03	-5.890819353933215291e-02
2.087455506607929237e+03	-5.918906057452557462e-02
2.089458149779735777e+03	-5.650658899677387520e-02
2.091460792951541862e+03	-5.524326279816101776e-02
2.093463436123348401e+03	-5.570363654977561474e-02
2.095466079295154486e+03	-5.680130998916697177e-02
2.097468722466960571e+03	-5.671058771408381272e-02
2.099471365638766656e+03	-5.580386132721944920e-02
2.101474008810572741e+03	-5.534493978358755173e-02
2.103476651982378826e+03	-5.557649625871589893e-02
2.105479295154184911e+03	-5.566705497611217079e-02
2.107481938325990996e+03	-5.694423802569607840e-02
2.109484581497797080e+03	-5.574891363318039417e-02
2.111487224669603620e+03	-5.501073772237095871e-02
2.113489867841409705e+03	-5.358869171453799207e-02
2.115492511013216244e+03	-5.383700681639116276e-02
2.117495154185022329e+03	-5.160105081291973400e-02
2.119497797356828414e+03	-5.204756659577210870e-02
2.121500440528634499e+03	-5.042618906895115355e-02
2.123503083700440584e+03	-5.229007837774701795e-02
2.125505726872246669e+03	-5.123687550636382010e-02
2.127508370044052754e+03	-5.428819246614673133e-02
2.129511013215858839e+03	-5.067917496293829899e-02
2.131513656387664923e+03	-5.210218744106184102e-02
2.133516299559471463e+03	-5.239626536984121064e-02
2.135518942731277548e+03	-5.215342826130927451e-02
2.137521585903084087e+03	-5.395705242632706927e-02
2.139524229074890172e+03	-5.384699553277440959e-02
2.141526872246696257e+03	-5.199116265483316734e-02
2.143529515418502342e+03	-5.119143561680374738e-02
2.145532158590308427e+03	-5.083967182165764764e-02
2.147534801762114512e+03	-5.083290505014749494e-02
2.149537444933920597e+03	-5.049483488924033647e-02
2.151540088105726682e+03	-5.059522106766632665e-02
2.153542731277532766e+03	-4.970138607735512248e-02
2.155545374449339306e+03	-5.085594171565945704e-02
2.157548017621145391e+03	-5.035528519090846228e-02
2.159550660792951930e+03	-4.738437676911815000e-02
2.161553303964758015e+03	-4.746091883011920032e-02
2.163555947136564100e+03	-4.727077494741301067e-02
2.165558590308370185e+03	-4.987251746336028579e-02
2.167561233480176270e+03	-4.782073921807931949e-02
2.169563876651982355e+03	-4.870700184748845418e-02
2.171566519823788440e+03	-4.807695112842184926e-02
2.173569162995594525e+03	-4.622031281767120803e-02
2.175571806167400609e+03	-4.679960319065887969e-02
2.177574449339207149e+03	-4.809886364272393522e-02
2.179577092511013234e+03	-4.753616675535583813e-02
2.181579735682819774e+03	-4.736810148992633140e-02
2.183582378854625858e+03	-4.773775503966569411e-02
2.185585022026431943e+03	-4.757468150433415144e-02
2.187587665198238028e+03	-4.794562191494823600e-02
2.189590308370044113e+03	-4.753488058696155732e-02
2.191592951541850198e+03	-4.629943012531899382e-02
2.193595594713656283e+03	-4.474670135979959273e-02
2.195598237885462368e+03	-4.619598083583782711e-02
2.197600881057268452e+03	-4.290972346161718576e-02
2.199603524229074992e+03	-4.457089818755945176e-02
2.201606167400881077e+03	-4.497454977825712102e-02
2.203608810572687617e+03	-4.237522507311018705e-02
2.205611453744493701e+03	-4.296676436467990190e-02
2.207614096916299786e+03	-4.169071022684538164e-02
2.209616740088105871e+03	-4.262837631509693026e-02
2.211619383259911956e+03	-4.045026846603119036e-02
2.213622026431718041e+03	-4.063783220974422072e-02
2.215624669603524126e+03	-4.160949728435460460e-02
2.217627312775330211e+03	-4.258793053042290999e-02
2.219629955947136295e+03	-3.946184319042732314e-02
2.221632599118942835e+03	-4.099894439435670945e-02
2.223635242290748920e+03	-4.173872980194117538e-02
2.225637885462555460e+03	-4.153392290169456713e-02
2.227640528634361544e+03	-4.145480271147465590e-02
2.229643171806167629e+03	-4.138970211458561227e-02
2.231645814977973714e+03	-3.963055417914927020e-02
2.233648458149779799e+03	-3.972707556263943562e-02
2.235651101321585884e+03	-4.077737656476199124e-02
2.237653744493391969e+03	-3.948778534778268900e-02
2.239656387665198054e+03	-3.886305230386723902e-02
2.241659030837004138e+03	-4.164704206695644256e-02
2.243661674008810678e+03	-4.034407366513745319e-02
2.245664317180616763e+03	-3.843893508438127327e-02
2.247666960352423303e+03	-3.858702088087263837e-02
2.249669603524229387e+03	-3.834547400131493866e-02
2.251672246696035472e+03	-3.723039428191730893e-02
2.253674889867841557e+03	-3.753510785049112702e-02
2.255677533039647642e+03	-4.055548621572797885e-02
2.257680176211453727e+03	-3.987644820704355775e-02
2.259682819383259812e+03	-4.035599763598143180e-02
2.261685462555065897e+03	-3.634703444577091352e-02
2.263688105726871981e+03	-3.521954847350863838e-02
2.265690748898678521e+03	-3.845359785541474507e-02
2.267693392070484606e+03	-3.888738154923056939e-02
2.269696035242291146e+03	-3.690070606744453446e-02
2.271698678414097230e+03	-3.778970632546474473e-02
2.273701321585903315e+03	-3.857058608372919417e-02
2.275703964757709400e+03	-3.697128543763013309e-02
2.277706607929515485e+03	-3.612691885910547518e-02
2.279709251101321570e+03	-3.676261174272963533e-02
2.281711894273127655e+03	-3.765483428402988109e-02
2.283714537444934194e+03	-3.776118621684866616e-02
2.285717180616740279e+03	-3.620394227940708365e-02
2.287719823788546364e+03	-3.717786346417260163e-02
2.289722466960352449e+03	-3.625421753639882644e-02
2.291725110132158534e+03	-3.965520594056839293e-02
2.293727753303964619e+03	-3.616929960841160085e-02
2.295730396475771158e+03	-3.737155452709876868e-02
2.297733039647577243e+03	-3.811085662074951974e-02
2.299735682819383328e+03	-3.658552038571503962e-02
2.301738325991189413e+03	-3.588392419776412906e-02
2.303740969162995498e+03	-3.694969293017284773e-02
2.305743612334802037e+03	-3.794520695185712306e-02
2.307746255506608122e+03	-3.808104684466178530e-02
2.309748898678414207e+03	-3.692358944162658918e-02
2.311751541850220292e+03	-3.652525226890853544e-02
2.313754185022026377e+03	-3.527337034687448580e-02
2.315756828193832462e+03	-3.576145890106288000e-02
2.317759471365639001e+03	-3.487890179938582524e-02
2.319762114537445086e+03	-3.488454136845207249e-02
2.321764757709251171e+03	-3.565156069956565421e-02
2.323767400881057256e+03	-3.417343699843101990e-02
2.325770044052863341e+03	-3.456709817395582640e-02
2.327772687224669880e+03	-3.574083285494621121e-02
2.329775330396475965e+03	-3.551443396563017108e-02
2.331777973568282050e+03	-3.568507839864259318e-02
2.333780616740088135e+03	-3.633333822722036727e-02
2.335783259911894220e+03	-3.470857838827071801e-02
2.337785903083700305e+03	-3.651043105533859079e-02
2.339788546255506844e+03	-3.487197453385572354e-02
2.341791189427312929e+03	-3.526096252239067225e-02
2.343793832599119014e+03	-3.449410321950404507e-02
2.345796475770925099e+03	-3.442545837836307604e-02
2.347799118942731184e+03	-3.469665508239279383e-02
2.349801762114537723e+03	-3.400923894679365456e-02
2.351804405286343808e+03	-3.500861901109755814e-02
2.353807048458149893e+03	-3.400198675848599417e-02
2.355809691629955978e+03	-3.379170206535465903e-02
2.357812334801762063e+03	-3.410447241553750397e-02
2.359814977973568148e+03	-3.481283729811737032e-02
2.361817621145374687e+03	-3.297247459808681086e-02
2.363820264317180772e+03	-3.426996179540350157e-02
2.365822907488986857e+03	-3.364168319678386559e-02
2.367825550660792942e+03	-3.474580397114052782e-02
2.369828193832599027e+03	-3.447315773775973258e-02
2.371830837004405566e+03	-3.328733921932554990e-02
2.373833480176211651e+03	-3.499121650783102583e-02
2.375836123348017736e+03	-3.516750188592683568e-02
2.377838766519823821e+03	-3.341044944250964877e-02
2.379841409691629906e+03	-3.496897985587339025e-02
2.381844052863435991e+03	-3.640665704195855668e-02
2.383846696035242530e+03	-3.494368219431522038e-02
2.385849339207048615e+03	-3.296167687175662747e-02
2.387851982378854700e+03	-3.239817445001976631e-02
2.389854625550660785e+03	-3.148983987028985965e-02
2.391857268722466870e+03	-3.502135200544735649e-02
2.393859911894273409e+03	-3.270337015235027373e-02
2.395862555066079494e+03	-3.490710030735159203e-02
2.397865198237885579e+03	-3.486987332838276804e-02
2.399867841409691664e+03	-3.617961011138255689e-02
2.401870484581497749e+03	-3.317083716393719184e-02
2.403873127753303834e+03	-3.298198297529121581e-02
2.405875770925110373e+03	-3.363168362538497547e-02
2.407878414096916458e+03	-3.248519065666980593e-02
2.409881057268722543e+03	-3.236401503758340459e-02
2.411883700440528628e+03	-3.313360823498565783e-02
2.413886343612334713e+03	-3.342203834065315265e-02
2.415888986784141252e+03	-3.368775635569432048e-02
2.417891629955947337e+03	-3.162373763256098869e-02
2.419894273127753422e+03	-3.247214365234472183e-02
2.421896916299559507e+03	-3.307376299377715045e-02
2.423899559471365592e+03	-3.227332458158541778e-02
2.425902202643171677e+03	-3.244572685064411877e-02
2.427904845814978216e+03	-3.352389882853658992e-02
2.429907488986784301e+03	-3.352137067195467418e-02
2.431910132158590386e+03	-3.303761819913223624e-02
2.433912775330396471e+03	-3.210321112964661938e-02
2.435915418502202556e+03	-3.396534425027845222e-02
2.437918061674009095e+03	-3.324873237250754870e-02
2.439920704845815180e+03	-3.232198126530436838e-02
2.441923348017621265e+03	-3.188779195707906744e-02
2.443925991189427350e+03	-3.149863589716848933e-02
2.445928634361233435e+03	-3.225517368774233340e-02
2.447931277533039520e+03	-3.330849457261396418e-02
2.449933920704846059e+03	-3.308671556540172809e-02
2.451936563876652144e+03	-3.316067443262517289e-02
2.453939207048458229e+03	-3.197798293677307779e-02
2.455941850220264314e+03	-3.360374094761647834e-02
2.457944493392070399e+03	-3.343700999536591834e-02
2.459947136563876938e+03	-3.091654850689646433e-02
2.461949779735683023e+03	-3.142586864535208691e-02
2.463952422907489108e+03	-3.366757124694293168e-02
2.465955066079295193e+03	-3.053251562232812272e-02
2.467957709251101278e+03	-3.129671606991454857e-02
2.469960352422907363e+03	-3.131705200799751732e-02
2.471962995594713902e+03	-3.159701315041223146e-02
2.473965638766519987e+03	-3.190171910391884774e-02
2.475968281938326072e+03	-3.193994865946318817e-02
2.477970925110132157e+03	-3.126869429111395204e-02
2.479973568281938242e+03	-3.201959186222212012e-02
2.481976211453744781e+03	-3.200472493255771683e-02
2.483978854625550866e+03	-3.068416402533390847e-02
2.485981497797356951e+03	-3.246738648537552535e-02
2.487984140969163036e+03	-3.088595194740580835e-02
2.489986784140969121e+03	-3.335465392941046325e-02
2.491989427312775206e+03	-3.167427846649044365e-02
2.493992070484581745e+03	-3.039719205117702439e-02
2.495994713656387830e+03	-3.203427848610468365e-02
2.497997356828193915e+03	-3.001103737053856246e-02
2.500000000000000000e+03	-2.245251805822089455e-02
